1649123831222 0.00048751400000000004 245
1649125210385 0.0009750259999999999 489
1649126332629 0.001462538 733
1649127458345 0.00195005 977
1649128579426 0.002 1221
1649129704563 0.002 1465
1649130830644 0.002 1709
1649131959216 0.002 1953
1649133074322 0.002 2197
1649134187329 0.002 2441
1649135303213 0.002 2685
1649136412012 0.002 2929
1649137524938 0.002 3173
1649138640486 0.002 3417
1649139753948 0.002 3661
1649140867048 0.002 3905
1649141980250 0.0002 4149
1649143096934 0.0002 4393
1649144204452 0.0002 4637
1649145317586 2.0000000000000005e-05 4881
