1649199410915 4.995100000000008e-06 50
1649199456968 9.990100000000003e-06 100
1649199502723 1.4985100000000007e-05 150
1649199548396 1.9980100000000012e-05 200
1649199594017 2.4975099999999994e-05 250
1649199639649 2.997009999999999e-05 300
1649199685031 3.4965099999999995e-05 350
1649199730528 3.99601e-05 400
1649199776052 4.4955100000000006e-05 450
1649199821202 4.99501e-05 500
1649199866638 5.4945100000000004e-05 550
1649199912672 5.99401e-05 600
1649199958416 6.493510000000001e-05 650
1649200004177 6.99301e-05 700
1649200049745 7.49251e-05 750
1649200088256 7.992010000000001e-05 800
1649200113688 8.49151e-05 850
1649200139464 8.99101e-05 900
1649200164789 9.490510000000001e-05 950
1649200190234 9.990010000000001e-05 1000
1649200215699 0.0001 1050
1649200241952 0.0001 1100
1649200267372 0.0001 1150
1649200292860 0.0001 1200
1649200318267 0.0001 1250
1649200343239 0.0001 1300
1649200368867 0.0001 1350
1649200393842 0.0001 1400
1649200419264 0.0001 1450
1649200444656 0.0001 1500
1649200469583 0.0001 1550
1649200494774 0.0001 1600
1649200519915 0.0001 1650
1649200545314 0.0001 1700
1649200570610 0.0001 1750
1649200595830 0.0001 1800
1649200621278 0.0001 1850
1649200646399 0.0001 1900
1649200671282 0.0001 1950
1649200767383 0.0001 1952
1649200794677 0.0001 2001
1649200819937 0.0001 2051
1649200844979 0.0001 2101
1649200869635 0.0001 2151
1649200894920 0.0001 2201
1649200919915 0.0001 2251
1649200944737 0.0001 2301
1649200969890 0.0001 2351
1649200995027 0.0001 2401
1649201020337 0.0001 2451
1649201045321 0.0001 2501
1649201070372 0.0001 2551
1649201095214 0.0001 2601
1649201120405 0.0001 2651
1649201145340 0.0001 2701
1649201170184 0.0001 2751
1649201195328 0.0001 2801
1649201220358 0.0001 2851
1649201245230 0.0001 2901
1649201270673 0.0001 2951
1649201296281 0.0001 3001
1649201321335 0.0001 3051
1649201345942 0.0001 3101
1649201370970 0.0001 3151
1649201396508 0.0001 3201
1649201421545 0.0001 3251
1649201446270 0.0001 3301
1649201471711 0.0001 3351
1649201497489 0.0001 3401
1649201522549 0.0001 3451
1649201547820 0.0001 3501
1649201572700 0.0001 3551
1649201597726 0.0001 3601
1649201622832 0.0001 3651
1649201647895 0.0001 3701
1649201673389 0.0001 3751
1649201698690 0.0001 3801
1649201723483 0.0001 3851
1649201748285 0.0001 3901
1649201845588 0.0001 3903
1649201873199 0.0001 3952
1649201898715 0.0001 4002
1649201924850 0.0001 4052
1649201949713 0.0001 4102
1649201975083 0.0001 4152
1649202000247 0.0001 4202
1649202025276 0.0001 4252
1649202050779 0.0001 4302
1649202075907 0.0001 4352
1649202101250 0.0001 4402
1649202126416 0.0001 4452
1649202151851 0.0001 4502
1649202176712 0.0001 4552
1649202201769 0.0001 4602
1649202226802 0.0001 4652
1649202251791 0.0001 4702
1649202276762 0.0001 4752
1649202301688 0.0001 4802
1649202326920 0.0001 4852
1649202352327 0.0001 4902
1649202378396 0.0001 4952
1649202404105 0.0001 5002
1649202429674 0.0001 5052
1649202455230 0.0001 5102
1649202480275 0.0001 5152
1649202505673 0.0001 5202
1649202530992 0.0001 5252
1649202556300 0.0001 5302
1649202581255 0.0001 5352
1649202606749 0.0001 5402
1649202631777 0.0001 5452
1649202656916 0.0001 5502
1649202682750 0.0001 5552
1649202708405 0.0001 5602
1649202733543 0.0001 5652
1649202758645 0.0001 5702
1649202783856 0.0001 5752
1649202808912 0.0001 5802
1649202833869 0.0001 5852
1649202928111 0.0001 5854
1649202955448 0.0001 5903
1649202980665 0.0001 5953
1649203005839 0.0001 6003
1649203030853 0.0001 6053
1649203055795 0.0001 6103
1649203081151 0.0001 6153
1649203106534 0.0001 6203
1649203131248 0.0001 6253
1649203156852 0.0001 6303
1649203181841 0.0001 6353
1649203207227 0.0001 6403
1649203232435 0.0001 6453
1649203257777 0.0001 6503
1649203282996 0.0001 6553
1649203307733 0.0001 6603
1649203333041 0.0001 6653
1649203358792 0.0001 6703
1649203384174 0.0001 6753
1649203409323 0.0001 6803
1649203434426 0.0001 6853
1649203459703 0.0001 6903
1649203484877 0.0001 6953
1649203509880 0.0001 7003
1649203535186 0.0001 7053
1649203560253 0.0001 7103
1649203585279 0.0001 7153
1649203610512 0.0001 7203
1649203635762 0.0001 7253
1649203661089 0.0001 7303
1649203686200 0.0001 7353
1649203711145 0.0001 7403
1649203736314 0.0001 7453
1649203761665 0.0001 7503
1649203786796 0.0001 7553
1649203811796 0.0001 7603
1649203837018 0.0001 7653
1649203862848 0.0001 7703
1649203888394 0.0001 7753
1649203913684 0.0001 7803
1649204009553 0.0001 7805
1649204036392 0.0001 7854
1649204061410 0.0001 7904
1649204087289 0.0001 7954
1649204113214 0.0001 8004
1649204138171 0.0001 8054
1649204163527 0.0001 8104
1649204188521 0.0001 8154
1649204213423 0.0001 8204
1649204238116 0.0001 8254
1649204263499 0.0001 8304
1649204289453 0.0001 8354
1649204315114 0.0001 8404
1649204340368 0.0001 8454
1649204365795 0.0001 8504
1649204390751 0.0001 8554
1649204416201 0.0001 8604
1649204441277 0.0001 8654
1649204466273 0.0001 8704
1649204491460 0.0001 8754
1649204516899 0.0001 8804
1649204542281 0.0001 8854
1649204567842 0.0001 8904
1649204593446 0.0001 8954
1649204619241 0.0001 9004
1649204644311 0.0001 9054
1649204669328 0.0001 9104
1649204694413 0.0001 9154
1649204719332 0.0001 9204
1649204744371 0.0001 9254
1649204769244 0.0001 9304
1649204794056 0.0001 9354
1649204819212 0.0001 9404
1649204844271 0.0001 9454
1649204869570 0.0001 9504
1649204894876 0.0001 9554
1649204920334 0.0001 9604
1649204945882 0.0001 9654
1649204970755 0.0001 9704
1649204995813 0.0001 9754
1649205091005 0.0001 9756
1649205118222 0.0001 9805
1649205143512 0.0001 9855
1649205168139 0.0001 9905
1649205193315 0.0001 9955
1649205218369 0.0001 10005
1649205243730 0.0001 10055
1649205269759 0.0001 10105
1649205294786 0.0001 10155
1649205319825 0.0001 10205
1649205345553 0.0001 10255
1649205370390 0.0001 10305
1649205395711 0.0001 10355
1649205420951 0.0001 10405
1649205445944 0.0001 10455
1649205471230 0.0001 10505
1649205496133 0.0001 10555
1649205521073 0.0001 10605
1649205545859 0.0001 10655
1649205570849 0.0001 10705
1649205595987 0.0001 10755
1649205621196 0.0001 10805
1649205646268 0.0001 10855
1649205671267 0.0001 10905
1649205696295 0.0001 10955
1649205721359 0.0001 11005
1649205746729 0.0001 11055
1649205771687 0.0001 11105
1649205796769 0.0001 11155
1649205821872 0.0001 11205
1649205846925 0.0001 11255
1649205872338 0.0001 11305
1649205897488 0.0001 11355
1649205922586 0.0001 11405
1649205947864 0.0001 11455
1649205972814 0.0001 11505
1649205997628 0.0001 11555
1649206022849 0.0001 11605
1649206047974 0.0001 11655
1649206073398 0.0001 11705
1649206168281 0.0001 11707
1649206196180 0.0001 11756
1649206221380 0.0001 11806
1649206246796 0.0001 11856
1649206271936 0.0001 11906
1649206297271 0.0001 11956
1649206322254 0.0001 12006
1649206347319 0.0001 12056
1649206372664 0.0001 12106
1649206397669 0.0001 12156
1649206422934 0.0001 12206
1649206448265 0.0001 12256
1649206473097 0.0001 12306
1649206498117 0.0001 12356
1649206523264 0.0001 12406
1649206548703 0.0001 12456
1649206573742 0.0001 12506
1649206598894 0.0001 12556
1649206624598 0.0001 12606
1649206650569 0.0001 12656
1649206675496 0.0001 12706
1649206700645 0.0001 12756
1649206725672 0.0001 12806
1649206750942 0.0001 12856
1649206776345 0.0001 12906
1649206801722 0.0001 12956
1649206826860 0.0001 13006
1649206852407 0.0001 13056
1649206877284 0.0001 13106
1649206902325 0.0001 13156
1649206927648 0.0001 13206
1649206953221 0.0001 13256
1649206978553 0.0001 13306
1649207004122 0.0001 13356
1649207029333 0.0001 13406
1649207054408 0.0001 13456
1649207079896 0.0001 13506
1649207105334 0.0001 13556
1649207130191 0.0001 13606
1649207155309 0.0001 13656
1649207250632 0.0001 13658
1649207277823 0.0001 13707
1649207302924 0.0001 13757
1649207328019 0.0001 13807
1649207352994 0.0001 13857
1649207377737 0.0001 13907
1649207403138 0.0001 13957
1649207428533 0.0001 14007
1649207454260 0.0001 14057
1649207479316 0.0001 14107
1649207504975 0.0001 14157
1649207530465 0.0001 14207
1649207555605 0.0001 14257
1649207580740 0.0001 14307
1649207606221 0.0001 14357
1649207631680 0.0001 14407
1649207657252 0.0001 14457
1649207682621 0.0001 14507
1649207708326 0.0001 14557
1649207733736 0.0001 14607
1649207758906 0.0001 14657
1649207784397 0.0001 14707
1649207810154 0.0001 14757
1649207835640 0.0001 14807
1649207860819 0.0001 14857
1649207886040 0.0001 14907
1649207910944 0.0001 14957
1649207936071 0.0001 15007
1649207961216 0.0001 15057
1649207986424 0.0001 15107
1649208011773 0.0001 15157
1649208036647 0.0001 15207
1649208061606 0.0001 15257
1649208086779 0.0001 15307
1649208111782 0.0001 15357
1649208136699 0.0001 15407
1649208161911 0.0001 15457
1649208186897 0.0001 15507
1649208212217 0.0001 15557
1649208237286 0.0001 15607
1649208333326 0.0001 15609
1649208360852 1e-05 15658
1649208385891 1e-05 15708
1649208410932 1e-05 15758
1649208435895 1e-05 15808
1649208460802 1e-05 15858
1649208486386 1e-05 15908
1649208511861 1e-05 15958
1649208537310 1e-05 16008
1649208562205 1e-05 16058
1649208587272 1e-05 16108
1649208612366 1e-05 16158
1649208637420 1e-05 16208
1649208662810 1e-05 16258
1649208687872 1e-05 16308
1649208712849 1e-05 16358
1649208737983 1e-05 16408
1649208763424 1e-05 16458
1649208788535 1e-05 16508
1649208813429 1e-05 16558
1649208838496 1e-05 16608
1649208863921 1e-05 16658
1649208889077 1e-05 16708
1649208914177 1e-05 16758
1649208939385 1e-05 16808
1649208964523 1e-05 16858
1649208989309 1e-05 16908
1649209015554 1e-05 16958
1649209041203 1e-05 17008
1649209066437 1e-05 17058
1649209091827 1e-05 17108
1649209117518 1e-05 17158
1649209143220 1e-05 17208
1649209168871 1e-05 17258
1649209194054 1e-05 17308
1649209219334 1e-05 17358
1649209244416 1e-05 17408
1649209269620 1e-05 17458
1649209294744 1e-05 17508
1649209319831 1e-05 17558
1649209413802 1e-05 17560
1649209441657 1e-05 17609
1649209466983 1e-05 17659
1649209492252 1e-05 17709
1649209517273 1e-05 17759
1649209542199 1e-05 17809
1649209567589 1e-05 17859
1649209592300 1e-05 17909
1649209617573 1e-05 17959
1649209643017 1e-05 18009
1649209667971 1e-05 18059
1649209693307 1e-05 18109
1649209718564 1e-05 18159
1649209744220 1e-05 18209
1649209769727 1e-05 18259
1649209794805 1e-05 18309
1649209819903 1e-05 18359
1649209845353 1e-05 18409
1649209870837 1e-05 18459
1649209895810 1e-05 18509
1649209920691 1e-05 18559
1649209945604 1e-05 18609
1649209970784 1e-05 18659
1649209995914 1e-05 18709
1649210020584 1e-05 18759
1649210045846 1e-05 18809
1649210070864 1e-05 18859
1649210095924 1e-05 18909
1649210120934 1e-05 18959
1649210145971 1e-05 19009
1649210170924 1e-05 19059
1649210195755 1e-05 19109
1649210221126 1e-05 19159
1649210246313 1e-05 19209
1649210271304 1e-05 19259
1649210296670 1e-05 19309
1649210321793 1e-05 19359
1649210346911 1e-05 19409
1649210372120 1e-05 19459
1649210396886 1e-05 19509
1649210491182 1e-05 19511
1649210518378 1e-05 19560
1649210543331 1e-05 19610
1649210568502 1e-05 19660
1649210593530 1e-05 19710
1649210618582 1e-05 19760
1649210643276 1e-05 19810
1649210668629 1e-05 19860
1649210693763 1e-05 19910
1649210719055 1e-05 19960
1649210744006 1e-05 20010
1649210769464 1e-05 20060
1649210794954 1e-05 20110
1649210819777 1e-05 20160
1649210844552 1e-05 20210
1649210870242 1e-05 20260
1649210895481 1e-05 20310
1649210920572 1e-05 20360
1649210945545 1e-05 20410
1649210970849 1e-05 20460
1649210995984 1e-05 20510
1649211020830 1e-05 20560
1649211045799 1e-05 20610
1649211070838 1e-05 20660
1649211095772 1e-05 20710
1649211120868 1e-05 20760
1649211145548 1e-05 20810
1649211170709 1e-05 20860
1649211195920 1e-05 20910
1649211221037 1e-05 20960
1649211246417 1e-05 21010
1649211271795 1e-05 21060
1649211297002 1e-05 21110
1649211322488 1e-05 21160
1649211347558 1e-05 21210
1649211373310 1e-05 21260
1649211398521 1e-05 21310
1649211423459 1e-05 21360
1649211448156 1e-05 21410
1649211473324 1e-05 21460
1649211567046 1e-05 21462
1649211594299 1.0000000000000002e-06 21511
1649211619372 1.0000000000000002e-06 21561
1649211644820 1.0000000000000002e-06 21611
1649211670041 1.0000000000000002e-06 21661
1649211695377 1.0000000000000002e-06 21711
1649211720991 1.0000000000000002e-06 21761
1649211746328 1.0000000000000002e-06 21811
1649211771403 1.0000000000000002e-06 21861
1649211797215 1.0000000000000002e-06 21911
1649211822273 1.0000000000000002e-06 21961
1649211847373 1.0000000000000002e-06 22011
1649211872891 1.0000000000000002e-06 22061
1649211898691 1.0000000000000002e-06 22111
1649211924224 1.0000000000000002e-06 22161
1649211948905 1.0000000000000002e-06 22211
1649211974332 1.0000000000000002e-06 22261
1649212000176 1.0000000000000002e-06 22311
1649212025303 1.0000000000000002e-06 22361
1649212050423 1.0000000000000002e-06 22411
1649212075797 1.0000000000000002e-06 22461
1649212101252 1.0000000000000002e-06 22511
1649212127007 1.0000000000000002e-06 22561
1649212152261 1.0000000000000002e-06 22611
1649212177167 1.0000000000000002e-06 22661
1649212202149 1.0000000000000002e-06 22711
1649212227389 1.0000000000000002e-06 22761
1649212252466 1.0000000000000002e-06 22811
1649212277713 1.0000000000000002e-06 22861
1649212302479 1.0000000000000002e-06 22911
1649212327304 1.0000000000000002e-06 22961
1649212352408 1.0000000000000002e-06 23011
1649212377293 1.0000000000000002e-06 23061
1649212401955 1.0000000000000002e-06 23111
1649212427277 1.0000000000000002e-06 23161
1649212452527 1.0000000000000002e-06 23211
1649212477417 1.0000000000000002e-06 23261
1649212502877 1.0000000000000002e-06 23311
1649212527844 1.0000000000000002e-06 23361
1649212553394 1.0000000000000002e-06 23411
1649212647658 1.0000000000000002e-06 23413
