1649199410915 0.9 50
1649199456968 0.9 100
1649199502723 0.9 150
1649199548396 0.9 200
1649199594017 0.9 250
1649199639649 0.9 300
1649199685031 0.9 350
1649199730528 0.9 400
1649199776052 0.9 450
1649199821202 0.9 500
1649199866638 0.9 550
1649199912672 0.9 600
1649199958416 0.9 650
1649200004177 0.9 700
1649200049745 0.9 750
1649200088256 0.9 800
1649200113688 0.9 850
1649200139464 0.9 900
1649200164789 0.9 950
1649200190234 0.9 1000
1649200215699 0.9 1050
1649200241952 0.9 1100
1649200267372 0.9 1150
1649200292860 0.9 1200
1649200318267 0.9 1250
1649200343239 0.9 1300
1649200368867 0.9 1350
1649200393842 0.9 1400
1649200419264 0.9 1450
1649200444656 0.9 1500
1649200469583 0.9 1550
1649200494774 0.9 1600
1649200519915 0.9 1650
1649200545314 0.9 1700
1649200570610 0.9 1750
1649200595830 0.9 1800
1649200621278 0.9 1850
1649200646399 0.9 1900
1649200671282 0.9 1950
1649200767383 0.9 1952
1649200794677 0.9 2001
1649200819937 0.9 2051
1649200844979 0.9 2101
1649200869635 0.9 2151
1649200894920 0.9 2201
1649200919915 0.9 2251
1649200944737 0.9 2301
1649200969890 0.9 2351
1649200995027 0.9 2401
1649201020337 0.9 2451
1649201045321 0.9 2501
1649201070372 0.9 2551
1649201095214 0.9 2601
1649201120405 0.9 2651
1649201145340 0.9 2701
1649201170184 0.9 2751
1649201195328 0.9 2801
1649201220358 0.9 2851
1649201245230 0.9 2901
1649201270673 0.9 2951
1649201296281 0.9 3001
1649201321335 0.9 3051
1649201345942 0.9 3101
1649201370970 0.9 3151
1649201396508 0.9 3201
1649201421545 0.9 3251
1649201446270 0.9 3301
1649201471711 0.9 3351
1649201497489 0.9 3401
1649201522549 0.9 3451
1649201547820 0.9 3501
1649201572700 0.9 3551
1649201597726 0.9 3601
1649201622832 0.9 3651
1649201647895 0.9 3701
1649201673389 0.9 3751
1649201698690 0.9 3801
1649201723483 0.9 3851
1649201748285 0.9 3901
1649201845588 0.9 3903
1649201873199 0.9 3952
1649201898715 0.9 4002
1649201924850 0.9 4052
1649201949713 0.9 4102
1649201975083 0.9 4152
1649202000247 0.9 4202
1649202025276 0.9 4252
1649202050779 0.9 4302
1649202075907 0.9 4352
1649202101250 0.9 4402
1649202126416 0.9 4452
1649202151851 0.9 4502
1649202176712 0.9 4552
1649202201769 0.9 4602
1649202226802 0.9 4652
1649202251791 0.9 4702
1649202276762 0.9 4752
1649202301688 0.9 4802
1649202326920 0.9 4852
1649202352327 0.9 4902
1649202378396 0.9 4952
1649202404105 0.9 5002
1649202429674 0.9 5052
1649202455230 0.9 5102
1649202480275 0.9 5152
1649202505673 0.9 5202
1649202530992 0.9 5252
1649202556300 0.9 5302
1649202581255 0.9 5352
1649202606749 0.9 5402
1649202631777 0.9 5452
1649202656916 0.9 5502
1649202682750 0.9 5552
1649202708405 0.9 5602
1649202733543 0.9 5652
1649202758645 0.9 5702
1649202783856 0.9 5752
1649202808912 0.9 5802
1649202833869 0.9 5852
1649202928111 0.9 5854
1649202955448 0.9 5903
1649202980665 0.9 5953
1649203005839 0.9 6003
1649203030853 0.9 6053
1649203055795 0.9 6103
1649203081151 0.9 6153
1649203106534 0.9 6203
1649203131248 0.9 6253
1649203156852 0.9 6303
1649203181841 0.9 6353
1649203207227 0.9 6403
1649203232435 0.9 6453
1649203257777 0.9 6503
1649203282996 0.9 6553
1649203307733 0.9 6603
1649203333041 0.9 6653
1649203358792 0.9 6703
1649203384174 0.9 6753
1649203409323 0.9 6803
1649203434426 0.9 6853
1649203459703 0.9 6903
1649203484877 0.9 6953
1649203509880 0.9 7003
1649203535186 0.9 7053
1649203560253 0.9 7103
1649203585279 0.9 7153
1649203610512 0.9 7203
1649203635762 0.9 7253
1649203661089 0.9 7303
1649203686200 0.9 7353
1649203711145 0.9 7403
1649203736314 0.9 7453
1649203761665 0.9 7503
1649203786796 0.9 7553
1649203811796 0.9 7603
1649203837018 0.9 7653
1649203862848 0.9 7703
1649203888394 0.9 7753
1649203913684 0.9 7803
1649204009553 0.9 7805
1649204036392 0.9 7854
1649204061410 0.9 7904
1649204087289 0.9 7954
1649204113214 0.9 8004
1649204138171 0.9 8054
1649204163527 0.9 8104
1649204188521 0.9 8154
1649204213423 0.9 8204
1649204238116 0.9 8254
1649204263499 0.9 8304
1649204289453 0.9 8354
1649204315114 0.9 8404
1649204340368 0.9 8454
1649204365795 0.9 8504
1649204390751 0.9 8554
1649204416201 0.9 8604
1649204441277 0.9 8654
1649204466273 0.9 8704
1649204491460 0.9 8754
1649204516899 0.9 8804
1649204542281 0.9 8854
1649204567842 0.9 8904
1649204593446 0.9 8954
1649204619241 0.9 9004
1649204644311 0.9 9054
1649204669328 0.9 9104
1649204694413 0.9 9154
1649204719332 0.9 9204
1649204744371 0.9 9254
1649204769244 0.9 9304
1649204794056 0.9 9354
1649204819212 0.9 9404
1649204844271 0.9 9454
1649204869570 0.9 9504
1649204894876 0.9 9554
1649204920334 0.9 9604
1649204945882 0.9 9654
1649204970755 0.9 9704
1649204995813 0.9 9754
1649205091005 0.9 9756
1649205118222 0.9 9805
1649205143512 0.9 9855
1649205168139 0.9 9905
1649205193315 0.9 9955
1649205218369 0.9 10005
1649205243730 0.9 10055
1649205269759 0.9 10105
1649205294786 0.9 10155
1649205319825 0.9 10205
1649205345553 0.9 10255
1649205370390 0.9 10305
1649205395711 0.9 10355
1649205420951 0.9 10405
1649205445944 0.9 10455
1649205471230 0.9 10505
1649205496133 0.9 10555
1649205521073 0.9 10605
1649205545859 0.9 10655
1649205570849 0.9 10705
1649205595987 0.9 10755
1649205621196 0.9 10805
1649205646268 0.9 10855
1649205671267 0.9 10905
1649205696295 0.9 10955
1649205721359 0.9 11005
1649205746729 0.9 11055
1649205771687 0.9 11105
1649205796769 0.9 11155
1649205821872 0.9 11205
1649205846925 0.9 11255
1649205872338 0.9 11305
1649205897488 0.9 11355
1649205922586 0.9 11405
1649205947864 0.9 11455
1649205972814 0.9 11505
1649205997628 0.9 11555
1649206022849 0.9 11605
1649206047974 0.9 11655
1649206073398 0.9 11705
1649206168281 0.9 11707
1649206196180 0.9 11756
1649206221380 0.9 11806
1649206246796 0.9 11856
1649206271936 0.9 11906
1649206297271 0.9 11956
1649206322254 0.9 12006
1649206347319 0.9 12056
1649206372664 0.9 12106
1649206397669 0.9 12156
1649206422934 0.9 12206
1649206448265 0.9 12256
1649206473097 0.9 12306
1649206498117 0.9 12356
1649206523264 0.9 12406
1649206548703 0.9 12456
1649206573742 0.9 12506
1649206598894 0.9 12556
1649206624598 0.9 12606
1649206650569 0.9 12656
1649206675496 0.9 12706
1649206700645 0.9 12756
1649206725672 0.9 12806
1649206750942 0.9 12856
1649206776345 0.9 12906
1649206801722 0.9 12956
1649206826860 0.9 13006
1649206852407 0.9 13056
1649206877284 0.9 13106
1649206902325 0.9 13156
1649206927648 0.9 13206
1649206953221 0.9 13256
1649206978553 0.9 13306
1649207004122 0.9 13356
1649207029333 0.9 13406
1649207054408 0.9 13456
1649207079896 0.9 13506
1649207105334 0.9 13556
1649207130191 0.9 13606
1649207155309 0.9 13656
1649207250632 0.9 13658
1649207277823 0.9 13707
1649207302924 0.9 13757
1649207328019 0.9 13807
1649207352994 0.9 13857
1649207377737 0.9 13907
1649207403138 0.9 13957
1649207428533 0.9 14007
1649207454260 0.9 14057
1649207479316 0.9 14107
1649207504975 0.9 14157
1649207530465 0.9 14207
1649207555605 0.9 14257
1649207580740 0.9 14307
1649207606221 0.9 14357
1649207631680 0.9 14407
1649207657252 0.9 14457
1649207682621 0.9 14507
1649207708326 0.9 14557
1649207733736 0.9 14607
1649207758906 0.9 14657
1649207784397 0.9 14707
1649207810154 0.9 14757
1649207835640 0.9 14807
1649207860819 0.9 14857
1649207886040 0.9 14907
1649207910944 0.9 14957
1649207936071 0.9 15007
1649207961216 0.9 15057
1649207986424 0.9 15107
1649208011773 0.9 15157
1649208036647 0.9 15207
1649208061606 0.9 15257
1649208086779 0.9 15307
1649208111782 0.9 15357
1649208136699 0.9 15407
1649208161911 0.9 15457
1649208186897 0.9 15507
1649208212217 0.9 15557
1649208237286 0.9 15607
1649208333326 0.9 15609
1649208360852 0.9 15658
1649208385891 0.9 15708
1649208410932 0.9 15758
1649208435895 0.9 15808
1649208460802 0.9 15858
1649208486386 0.9 15908
1649208511861 0.9 15958
1649208537310 0.9 16008
1649208562205 0.9 16058
1649208587272 0.9 16108
1649208612366 0.9 16158
1649208637420 0.9 16208
1649208662810 0.9 16258
1649208687872 0.9 16308
1649208712849 0.9 16358
1649208737983 0.9 16408
1649208763424 0.9 16458
1649208788535 0.9 16508
1649208813429 0.9 16558
1649208838496 0.9 16608
1649208863921 0.9 16658
1649208889077 0.9 16708
1649208914177 0.9 16758
1649208939385 0.9 16808
1649208964523 0.9 16858
1649208989309 0.9 16908
1649209015554 0.9 16958
1649209041203 0.9 17008
1649209066437 0.9 17058
1649209091827 0.9 17108
1649209117518 0.9 17158
1649209143220 0.9 17208
1649209168871 0.9 17258
1649209194054 0.9 17308
1649209219334 0.9 17358
1649209244416 0.9 17408
1649209269620 0.9 17458
1649209294744 0.9 17508
1649209319831 0.9 17558
1649209413802 0.9 17560
1649209441657 0.9 17609
1649209466983 0.9 17659
1649209492252 0.9 17709
1649209517273 0.9 17759
1649209542199 0.9 17809
1649209567589 0.9 17859
1649209592300 0.9 17909
1649209617573 0.9 17959
1649209643017 0.9 18009
1649209667971 0.9 18059
1649209693307 0.9 18109
1649209718564 0.9 18159
1649209744220 0.9 18209
1649209769727 0.9 18259
1649209794805 0.9 18309
1649209819903 0.9 18359
1649209845353 0.9 18409
1649209870837 0.9 18459
1649209895810 0.9 18509
1649209920691 0.9 18559
1649209945604 0.9 18609
1649209970784 0.9 18659
1649209995914 0.9 18709
1649210020584 0.9 18759
1649210045846 0.9 18809
1649210070864 0.9 18859
1649210095924 0.9 18909
1649210120934 0.9 18959
1649210145971 0.9 19009
1649210170924 0.9 19059
1649210195755 0.9 19109
1649210221126 0.9 19159
1649210246313 0.9 19209
1649210271304 0.9 19259
1649210296670 0.9 19309
1649210321793 0.9 19359
1649210346911 0.9 19409
1649210372120 0.9 19459
1649210396886 0.9 19509
1649210491182 0.9 19511
1649210518378 0.9 19560
1649210543331 0.9 19610
1649210568502 0.9 19660
1649210593530 0.9 19710
1649210618582 0.9 19760
1649210643276 0.9 19810
1649210668629 0.9 19860
1649210693763 0.9 19910
1649210719055 0.9 19960
1649210744006 0.9 20010
1649210769464 0.9 20060
1649210794954 0.9 20110
1649210819777 0.9 20160
1649210844552 0.9 20210
1649210870242 0.9 20260
1649210895481 0.9 20310
1649210920572 0.9 20360
1649210945545 0.9 20410
1649210970849 0.9 20460
1649210995984 0.9 20510
1649211020830 0.9 20560
1649211045799 0.9 20610
1649211070838 0.9 20660
1649211095772 0.9 20710
1649211120868 0.9 20760
1649211145548 0.9 20810
1649211170709 0.9 20860
1649211195920 0.9 20910
1649211221037 0.9 20960
1649211246417 0.9 21010
1649211271795 0.9 21060
1649211297002 0.9 21110
1649211322488 0.9 21160
1649211347558 0.9 21210
1649211373310 0.9 21260
1649211398521 0.9 21310
1649211423459 0.9 21360
1649211448156 0.9 21410
1649211473324 0.9 21460
1649211567046 0.9 21462
1649211594299 0.9 21511
1649211619372 0.9 21561
1649211644820 0.9 21611
1649211670041 0.9 21661
1649211695377 0.9 21711
1649211720991 0.9 21761
1649211746328 0.9 21811
1649211771403 0.9 21861
1649211797215 0.9 21911
1649211822273 0.9 21961
1649211847373 0.9 22011
1649211872891 0.9 22061
1649211898691 0.9 22111
1649211924224 0.9 22161
1649211948905 0.9 22211
1649211974332 0.9 22261
1649212000176 0.9 22311
1649212025303 0.9 22361
1649212050423 0.9 22411
1649212075797 0.9 22461
1649212101252 0.9 22511
1649212127007 0.9 22561
1649212152261 0.9 22611
1649212177167 0.9 22661
1649212202149 0.9 22711
1649212227389 0.9 22761
1649212252466 0.9 22811
1649212277713 0.9 22861
1649212302479 0.9 22911
1649212327304 0.9 22961
1649212352408 0.9 23011
1649212377293 0.9 23061
1649212401955 0.9 23111
1649212427277 0.9 23161
1649212452527 0.9 23211
1649212477417 0.9 23261
1649212502877 0.9 23311
1649212527844 0.9 23361
1649212553394 0.9 23411
1649212647658 0.9 23413
