1648785388972 70.658203125 50
1648785401419 98.125 100
1648785418860 97.7725749206543 150
1648785437321 97.71230758666992 200
1648785455592 97.03848510742188 250
1648785473783 97.7025682067871 300
1648785491800 97.47506393432617 350
1648785509046 97.86469024658203 400
1648785526523 97.18668014526367 450
1648785544446 96.30529327392578 500
1648785562890 97.25332077026367 550
1648785580951 96.60953155517578 600
1648785597532 96.75323013305665 650
1648785613994 97.0116667175293 700
1648785628411 96.42617660522461 750
1648785643094 96.64190994262695 800
1648785657000 96.9535400390625 850
1648785669981 97.1172102355957 900
1648785683116 97.80849838256836 950
1648785697275 97.50228073120117 1000
1648785711397 97.06168960571289 1050
1648785725530 97.356640625 1100
1648785739599 97.1689682006836 1150
1648785753122 97.51471298217774 1200
1648785766531 96.79936538696289 1250
1648785780389 97.26091247558594 1300
1648785794596 97.01646545410156 1350
1648785807543 96.95019668579101 1400
1648785820070 97.34088912963867 1450
1648785833707 97.01274642944335 1500
1648785847103 96.3971240234375 1550
1648785860749 96.09613830566406 1600
1648785874576 97.17357559204102 1650
1648785888787 96.8062580871582 1700
1648785901587 97.28765640258788 1750
1648785915156 96.22230056762696 1800
1648785928066 96.49690856933594 1850
1648785940846 97.40259201049804 1900
1648785954802 97.18428604125977 1950
1648786030828 96.46735122680664 2001
1648786040129 96.89434661865235 2051
1648786054016 96.8944075012207 2101
1648786067620 96.64738388061524 2151
1648786082313 96.69814559936523 2201
1648786095754 96.72273071289062 2251
1648786109785 96.64044387817383 2301
1648786124266 96.33866149902343 2351
1648786138194 96.80395690917969 2401
1648786152964 96.6202294921875 2451
1648786167017 96.97199935913086 2501
1648786180599 96.5457078552246 2551
1648786193269 97.50276443481445 2601
1648786207539 96.65030044555664 2651
1648786221699 96.93470809936524 2701
1648786235629 97.31018112182618 2751
1648786249881 96.67119140625 2801
1648786263683 96.78050704956054 2851
1648786276901 96.60988632202148 2901
1648786291276 97.02080612182617 2951
1648786304586 96.99377029418946 3001
1648786317898 96.44673568725585 3051
1648786331402 97.44609069824219 3101
1648786345954 97.02239212036133 3151
1648786360306 96.7915721130371 3201
1648786372646 96.9052995300293 3251
1648786386580 96.75242172241211 3301
1648786400377 96.59785705566406 3351
1648786414489 97.31725997924805 3401
1648786428086 97.67349822998047 3451
1648786441069 97.09228912353515 3501
1648786454472 97.15158737182617 3551
1648786468645 97.00018325805664 3601
1648786480818 97.22196166992188 3651
1648786494412 97.51282669067383 3701
1648786508393 97.384150390625 3751
1648786522239 97.44564590454101 3801
1648786536791 96.93598922729493 3851
1648786551326 96.59481979370118 3901
1648786626686 96.60037887573242 3952
1648786634123 96.97520950317383 4002
1648786645202 97.29358657836914 4052
1648786659745 97.69098892211915 4102
1648786671707 96.94066925048828 4152
1648786684344 96.87672958374023 4202
1648786698983 96.86306350708008 4252
1648786711308 97.06021118164062 4302
1648786725474 97.40132843017578 4352
1648786739114 96.65641174316406 4402
1648786753295 96.60395782470704 4452
1648786768112 97.42115951538086 4502
1648786782258 97.10998794555664 4552
1648786797106 97.58998245239258 4602
1648786809460 97.61715408325195 4652
1648786823555 97.02729324340821 4702
1648786836684 97.40792175292968 4752
1648786850194 96.41272857666016 4802
1648786864056 96.70219985961914 4852
1648786877556 96.76951599121094 4902
1648786892029 96.55878692626953 4952
1648786906470 96.98423400878906 5002
1648786919351 97.15293487548828 5052
1648786933375 95.99821411132812 5102
1648786947810 97.48916213989258 5152
1648786962216 96.55545364379883 5202
1648786975815 97.21687561035156 5252
1648786989745 97.28068664550781 5302
1648787003959 96.90862533569336 5352
1648787017712 96.94036605834961 5402
1648787031055 96.97448913574219 5452
1648787044687 97.0868977355957 5502
1648787059044 96.33877075195312 5552
1648787072621 97.08971755981446 5602
1648787086048 97.01260330200195 5652
1648787100702 96.27014678955078 5702
1648787114380 97.27102630615235 5752
1648787128419 97.22734268188476 5802
1648787141233 97.16056564331055 5852
1648787219389 96.8320751953125 5903
1648787229565 96.73172470092773 5953
1648787237855 97.55308486938476 6003
1648787247859 97.01715393066407 6053
1648787263015 97.36618438720703 6103
1648787276907 97.42858581542968 6153
1648787289408 97.32586441040038 6203
1648787303739 96.86483169555665 6253
1648787317259 97.68537322998047 6303
1648787330133 96.85729522705078 6353
1648787344563 96.85503295898438 6403
1648787357941 97.32594940185547 6453
1648787373334 97.04749694824218 6503
1648787387728 96.77399963378906 6553
1648787401542 96.66062103271484 6603
1648787414838 97.51353927612304 6653
1648787427632 97.08229751586914 6703
1648787440501 96.63066635131835 6753
1648787453908 96.82130920410157 6803
1648787467168 96.68229248046875 6853
1648787482087 96.87035797119141 6903
1648787495762 97.42679824829102 6953
1648787509254 96.65653244018554 7003
1648787523864 97.00524551391601 7053
1648787538311 96.52279174804687 7103
1648787552984 97.36149642944336 7153
1648787567035 96.53073699951172 7203
1648787581033 96.46404479980468 7253
1648787593917 97.5256330871582 7303
1648787607459 97.49154357910156 7353
1648787621873 96.68739318847656 7403
1648787636815 97.00668579101563 7453
1648787650143 97.14936538696288 7503
1648787663894 97.11167953491211 7553
1648787677272 97.04008285522461 7603
1648787690646 96.7224363708496 7653
1648787704027 96.92719909667969 7703
1648787717733 97.20652328491211 7753
1648787731594 97.41344299316407 7803
1648787810576 97.00277770996094 7854
1648787821466 97.27493423461914 7904
1648787831903 96.81177474975586 7954
1648787840526 97.39390731811524 8004
1648787851563 97.41738830566406 8054
1648787865056 97.12758575439453 8104
1648787879452 97.04200729370118 8154
1648787893234 97.25101013183594 8204
1648787907358 96.75064758300782 8254
1648787922114 96.5640446472168 8304
1648787936357 97.41808120727539 8354
1648787950696 96.68172210693359 8404
1648787963971 96.71589752197265 8454
1648787978082 97.45001647949219 8504
1648787991831 96.99032104492187 8554
1648788005961 96.74458740234375 8604
1648788020571 97.12379440307618 8654
1648788035257 96.73815887451173 8704
1648788048858 96.93248016357421 8754
1648788063730 97.7494107055664 8804
1648788078321 97.15229522705079 8854
1648788092613 97.45057571411132 8904
1648788106020 97.48498092651367 8954
1648788119464 96.56637954711914 9004
1648788133271 96.85448852539062 9054
1648788146859 96.86576522827148 9104
1648788160949 97.33061950683594 9154
1648788175138 97.21802169799804 9204
1648788189253 97.27113235473632 9254
1648788203254 97.43361709594727 9304
1648788217863 96.48788162231445 9354
1648788231800 96.63937133789062 9404
1648788246589 96.8282145690918 9454
1648788259839 97.5074299621582 9504
1648788274508 96.49573822021485 9554
1648788288041 96.82009567260742 9604
1648788302184 97.62190719604492 9654
1648788316046 96.98198120117188 9704
1648788331151 97.19836303710937 9754
1648788411120 97.07835342407226 9805
1648788421545 97.45757537841797 9855
1648788431316 97.34575485229492 9905
1648788444113 97.12038970947266 9955
1648788457881 97.37656097412109 10005
1648788472379 96.75772872924804 10055
1648788485868 97.49599914550781 10105
1648788497947 97.68950637817383 10155
1648788512026 97.19843551635742 10205
1648788524573 96.9071273803711 10255
1648788537922 97.23785400390625 10305
1648788551512 97.445537109375 10355
1648788565021 97.05799362182617 10405
1648788578411 97.39623306274414 10455
1648788592603 97.56659118652344 10505
1648788606028 96.44827453613281 10555
1648788620833 96.65575256347657 10605
1648788634792 97.09560745239258 10655
1648788648851 97.27624740600587 10705
1648788663393 97.06848220825195 10755
1648788677707 97.50121841430663 10805
1648788691351 97.01637069702149 10855
1648788706180 96.92956481933594 10905
1648788720523 97.0112384033203 10955
1648788734044 96.93508102416992 11005
1648788747707 96.08033889770508 11055
1648788761944 97.01812057495117 11105
1648788776295 97.26003204345703 11155
1648788788995 97.01577575683594 11205
1648788803127 97.42357513427734 11255
1648788817626 96.49145324707031 11305
1648788831653 97.02593765258788 11355
1648788845985 97.55279510498048 11405
1648788860143 97.36140518188476 11455
1648788873690 97.29173324584961 11505
1648788887676 96.73339324951172 11555
1648788902745 97.36755279541016 11605
1648788917740 97.29991668701172 11655
1648788931491 96.84163024902344 11705
1648789010640 97.32922607421875 11756
1648789020486 97.16411178588868 11806
1648789029182 97.00631484985351 11856
1648789043350 97.03052688598633 11906
1648789057228 96.4556167602539 11956
1648789071357 96.74778152465821 12006
1648789085551 97.52704269409179 12056
1648789098671 96.91218383789062 12106
1648789113991 97.1253971862793 12156
1648789127420 97.37481018066406 12206
1648789141402 96.73108261108399 12256
1648789155783 97.23694931030273 12306
1648789169014 97.32905242919922 12356
1648789182231 97.72234603881836 12406
1648789195726 96.48583602905273 12456
1648789208625 97.26772567749023 12506
1648789222942 96.96589294433593 12556
1648789237387 97.39215270996094 12606
1648789252234 97.62580322265624 12656
1648789265550 96.87162353515625 12706
1648789279600 96.70196319580079 12756
1648789294262 98.25014846801758 12806
1648789308703 96.81735488891601 12856
1648789322530 96.7658758544922 12906
1648789335864 97.10549102783203 12956
1648789349390 97.23198791503906 13006
1648789362060 97.63862243652343 13056
1648789375026 96.96343582153321 13106
1648789388542 97.0472932434082 13156
1648789402238 97.0820703125 13206
1648789415891 97.051875 13256
1648789430453 96.8406364440918 13306
1648789444823 96.99733337402344 13356
1648789458873 97.4078123474121 13406
1648789473308 97.50464309692383 13456
1648789487426 97.49859268188476 13506
1648789501295 97.47639892578125 13556
1648789515236 97.24165634155274 13606
1648789529278 97.38982147216797 13656
1648789604347 97.86055633544922 13707
1648789615220 96.79242248535157 13757
1648789625587 96.65478942871094 13807
1648789634228 97.0525845336914 13857
1648789649367 97.55400726318359 13907
1648789663666 97.40427627563477 13957
1648789677484 97.31707977294921 14007
1648789690663 97.20087860107422 14057
1648789704976 97.08248947143555 14107
1648789719240 97.3027507019043 14157
1648789732561 96.83440856933593 14207
1648789746467 97.01375732421874 14257
1648789760453 97.7082601928711 14307
1648789774631 97.59088653564453 14357
1648789789170 97.29392135620117 14407
1648789803470 96.6256233215332 14457
1648789817137 96.46654907226562 14507
1648789830594 96.93613479614258 14557
1648789844343 97.14009048461914 14607
1648789858648 97.66475280761719 14657
1648789872147 97.5115202331543 14707
1648789886227 97.5825503540039 14757
1648789901472 97.27374404907226 14807
1648789915536 97.65355239868164 14857
1648789929761 97.30340438842774 14907
1648789943689 97.54053359985352 14957
1648789957647 97.02219131469727 15007
1648789972403 97.28446563720703 15057
1648789985137 97.24476028442383 15107
1648790000075 97.20000930786132 15157
1648790014405 96.75801239013671 15207
1648790028127 97.18015991210937 15257
1648790042942 97.48022445678711 15307
1648790056897 97.2169271850586 15357
1648790070735 96.55177749633789 15407
1648790085584 97.14706680297851 15457
1648790099379 97.53704833984375 15507
1648790112462 96.50886611938476 15557
1648790126508 97.24110794067383 15607
1648790207116 97.6018879699707 15658
1648790217878 97.08580444335938 15708
1648790228524 97.83207534790039 15758
1648790238894 97.69384384155273 15808
1648790252675 97.47587600708007 15858
1648790267070 97.25013687133789 15908
1648790279947 97.43181594848633 15958
1648790293934 97.56611770629883 16008
1648790308647 96.91694274902343 16058
1648790324009 97.24427032470703 16108
1648790339035 97.14234573364257 16158
1648790353496 97.23947479248046 16208
1648790367866 97.3435954284668 16258
1648790382552 97.03117843627929 16308
1648790396186 97.25993698120118 16358
1648790410400 97.77670486450195 16408
1648790425483 97.62372528076172 16458
1648790439269 97.2804490661621 16508
1648790453911 97.54008224487305 16558
1648790467658 97.40263259887695 16608
1648790481955 97.69152603149413 16658
1648790496053 97.43494857788086 16708
1648790509964 96.86424621582032 16758
1648790524578 97.36371185302734 16808
1648790539554 97.71341003417969 16858
1648790553607 97.5234913635254 16908
1648790567189 96.98817245483399 16958
1648790580807 98.07200256347656 17008
1648790594318 97.346455078125 17058
1648790607984 97.50651733398438 17108
1648790621498 97.85069839477539 17158
1648790635953 97.68173828125 17208
1648790650391 97.02784042358398 17258
1648790664552 97.77970886230469 17308
1648790678148 97.55722061157226 17358
1648790692888 97.1712435913086 17408
1648790706886 97.81355072021485 17458
1648790719207 97.23040618896485 17508
1648790734085 97.60443145751952 17558
1648790812356 97.49415725708008 17609
1648790823139 97.43459854125976 17659
1648790833210 97.84517150878906 17709
1648790847062 97.33752059936523 17759
1648790860783 97.44460098266602 17809
1648790874390 97.89099304199219 17859
1648790889409 97.29210739135742 17909
1648790903355 97.76057723999024 17959
1648790917468 97.3198455810547 18009
1648790932035 97.49263534545898 18059
1648790946175 97.1180534362793 18109
1648790959501 97.46287734985351 18159
1648790973765 97.77727340698242 18209
1648790988530 97.60026748657226 18259
1648791002588 96.9666357421875 18309
1648791016319 97.77188674926758 18359
1648791029839 97.60997329711914 18409
1648791043579 97.22187225341797 18459
1648791056875 97.87214447021485 18509
1648791070877 97.54825546264648 18559
1648791084967 97.91920394897461 18609
1648791099589 97.16458465576171 18659
1648791112920 97.55819229125977 18709
1648791125796 98.1601840209961 18759
1648791140181 97.44527877807617 18809
1648791152948 97.19584075927735 18859
1648791168357 97.76696044921874 18909
1648791182373 97.4518522644043 18959
1648791196705 97.56670791625976 19009
1648791210448 97.57000289916992 19059
1648791223006 97.67947494506836 19109
1648791237920 96.83119766235352 19159
1648791251215 97.52829360961914 19209
1648791265331 97.42376922607421 19259
1648791280294 97.45597091674804 19309
1648791294000 97.67956115722656 19359
1648791307720 97.51523330688477 19409
1648791321250 97.72022232055664 19459
1648791336045 97.41088500976562 19509
1648791409981 97.61207656860351 19560
1648791418416 97.72357299804688 19610
1648791426004 97.9661491394043 19660
1648791432901 97.77309539794922 19710
1648791439591 97.72253662109375 19760
1648791446279 97.96670196533204 19810
1648791453003 97.08924377441406 19860
1648791459788 97.89403686523437 19910
1648791466555 97.45832656860351 19960
1648791473351 97.50765502929687 20010
1648791480155 97.26164276123046 20060
1648791487021 97.90746154785157 20110
1648791494390 97.32100173950195 20160
1648791505650 97.12144226074219 20210
1648791516271 97.43583160400391 20260
1648791526537 98.10097778320312 20310
1648791538178 97.77227523803711 20360
1648791549967 97.6918930053711 20410
1648791564450 97.87946105957032 20460
1648791582056 97.94110321044921 20510
1648791599961 98.07504577636719 20560
1648791618153 97.18472152709961 20610
1648791635805 97.56956405639649 20660
1648791654166 97.81281661987305 20710
1648791670839 97.46694198608398 20760
1648791687059 97.24974334716796 20810
1648791704747 97.41828659057617 20860
1648791721905 97.70327560424805 20910
1648791738873 97.28177001953125 20960
1648791756857 97.6979719543457 21010
1648791773522 97.58543853759765 21060
1648791789908 97.84433212280274 21110
1648791806595 97.18027633666992 21160
1648791824226 97.63089538574219 21210
1648791841438 97.31144912719726 21260
1648791859320 97.82891983032226 21310
1648791877093 97.69906433105469 21360
1648791894744 96.98379318237305 21410
1648791910864 96.87110305786133 21460
1648792005596 97.8011668395996 21511
1648792020052 97.88524230957032 21561
1648792032776 97.92402084350586 21611
1648792048405 97.6384245300293 21661
1648792062172 97.42586715698242 21711
1648792075562 97.72349716186524 21761
1648792089544 97.29902740478515 21811
1648792103726 96.89409576416016 21861
1648792118222 98.25612442016602 21911
1648792131923 97.4995425415039 21961
1648792144280 97.16246063232421 22011
1648792155438 96.7982844543457 22061
1648792166611 97.6271434020996 22111
1648792177800 97.77190170288085 22161
1648792189034 97.75365005493164 22211
1648792199797 97.4334700012207 22261
1648792210909 97.2067985534668 22311
1648792221258 97.43783416748047 22361
1648792233733 97.75333709716797 22411
1648792248267 97.56334289550782 22461
1648792262195 97.79397369384766 22511
1648792276074 97.93156631469726 22561
1648792289691 97.76359573364257 22611
1648792304561 98.01555816650391 22661
1648792318342 98.0154051208496 22711
1648792332252 97.55071228027344 22761
1648792346088 98.11456344604493 22811
1648792359652 97.5997721862793 22861
1648792373547 98.0814208984375 22911
1648792386988 97.7406135559082 22961
1648792400951 97.78550704956055 23011
1648792414682 97.67031875610351 23061
1648792429042 97.53522994995117 23111
1648792443824 97.29549957275391 23161
1648792458819 97.69395736694337 23211
1648792472066 97.36056381225586 23261
1648792486921 97.98137786865234 23311
1648792500919 97.92024948120117 23361
1648792515526 97.77214447021484 23411
