1648785388972 1.1268226674199104 50
1648785401419 0.1440585783869028 100
1648785418860 0.1403041071817279 150
1648785437321 0.1512187048792839 200
1648785455592 0.18612197741866113 250
1648785473783 0.14844003312289714 300
1648785491800 0.15852730337530374 350
1648785509046 0.12886523388326168 400
1648785526523 0.15580712020397186 450
1648785544446 0.20037742864340544 500
1648785562890 0.16110258884727954 550
1648785580951 0.16802076261490584 600
1648785597532 0.17285477958619594 650
1648785613994 0.16896130971610546 700
1648785628411 0.19751996453851461 750
1648785643094 0.1698653404787183 800
1648785657000 0.15855925764888526 850
1648785669981 0.14800291139632463 900
1648785683116 0.11805154599249362 950
1648785697275 0.13013695420697333 1000
1648785711397 0.15095195837318898 1050
1648785725530 0.12967358451336622 1100
1648785739599 0.13627784863114356 1150
1648785753122 0.12003823261708021 1200
1648785766531 0.15722189519554378 1250
1648785780389 0.13517552468925714 1300
1648785794596 0.137245513536036 1350
1648785807543 0.14849131979048252 1400
1648785820070 0.13322620812803507 1450
1648785833707 0.14980348363518714 1500
1648785847103 0.16756011933088302 1550
1648785860749 0.18894572898745537 1600
1648785874576 0.13053050618618728 1650
1648785888787 0.15816957756876945 1700
1648785901587 0.14460151933133603 1750
1648785915156 0.16502280194312335 1800
1648785928066 0.16174240082502364 1850
1648785940846 0.12847952272742988 1900
1648785954802 0.13291235238313676 1950
1648786030828 0.15735751807689666 2001
1648786040129 0.14397289821878076 2051
1648786054016 0.14599209785461426 2101
1648786067620 0.15457157492637635 2151
1648786082313 0.154809804931283 2201
1648786095754 0.14760475251823663 2251
1648786109785 0.15460630264133216 2301
1648786124266 0.17776666950434447 2351
1648786138194 0.14773467514663935 2401
1648786152964 0.14624464061111211 2451
1648786167017 0.1451364143937826 2501
1648786180599 0.15474729027599096 2551
1648786193269 0.11238676313310862 2601
1648786207539 0.15347802422940732 2651
1648786221699 0.1480559142306447 2701
1648786235629 0.12429699204862117 2751
1648786249881 0.1539936114475131 2801
1648786263683 0.14152357753366232 2851
1648786276901 0.1468781381100416 2901
1648786291276 0.1269481386244297 2951
1648786304586 0.1349435994029045 3001
1648786317898 0.14931443002074957 3051
1648786331402 0.11221563935279846 3101
1648786345954 0.1362835753709078 3151
1648786360306 0.1391018845513463 3201
1648786372646 0.1357101496681571 3251
1648786386580 0.15197325512766838 3301
1648786400377 0.15705548614263534 3351
1648786414489 0.12168758828192949 3401
1648786428086 0.10838725663721561 3451
1648786441069 0.1337759579345584 3501
1648786454472 0.13023250529542565 3551
1648786468645 0.1357201023772359 3601
1648786480818 0.11699033778160811 3651
1648786494412 0.1165621480345726 3701
1648786508393 0.1249099987372756 3751
1648786522239 0.12166954543441534 3801
1648786536791 0.13367282155901195 3851
1648786551326 0.15816657904535533 3901
1648786626686 0.15652154836803675 3952
1648786634123 0.13859574798494578 4002
1648786645202 0.11953316085040569 4052
1648786659745 0.10137403171509504 4102
1648786671707 0.13447328682988882 4152
1648786684344 0.13747399201616645 4202
1648786698983 0.14750597786158323 4252
1648786711308 0.12781397525221108 4302
1648786725474 0.11439081372693181 4352
1648786739114 0.14801156610250474 4402
1648786753295 0.15530332889407872 4452
1648786768112 0.12150439869612456 4502
1648786782258 0.12640727005898952 4552
1648786797106 0.10776617106050253 4602
1648786809460 0.10275484105572104 4652
1648786823555 0.12479117816314102 4702
1648786836684 0.10672589357942343 4752
1648786850194 0.15453915465623141 4802
1648786864056 0.14560663603246213 4852
1648786877556 0.1390074161440134 4902
1648786892029 0.15145040392875672 4952
1648786906470 0.13887735474854707 5002
1648786919351 0.12612873401492833 5052
1648786933375 0.1700063732638955 5102
1648786947810 0.11157413760200142 5152
1648786962216 0.14247974555939436 5202
1648786975815 0.1205986088141799 5252
1648786989745 0.1217949166893959 5302
1648787003959 0.13316591776907444 5352
1648787017712 0.13887064028531312 5402
1648787031055 0.13502735935151577 5452
1648787044687 0.12472933802753687 5502
1648787059044 0.15319417122751475 5552
1648787072621 0.13054457396268845 5602
1648787086048 0.12818206664174794 5652
1648787100702 0.159999556876719 5702
1648787114380 0.11572596805170178 5752
1648787128419 0.1237585960701108 5802
1648787141233 0.13030491363257168 5852
1648787219389 0.13133511131629347 5903
1648787229565 0.136175185367465 5953
1648787237855 0.10002161424607038 6003
1648787247859 0.12413272049278021 6053
1648787263015 0.10891950182616711 6103
1648787276907 0.11256892144680024 6153
1648787289408 0.10976845845580101 6203
1648787303739 0.13240415636450054 6253
1648787317259 0.0979578647762537 6303
1648787330133 0.1334003309533 6353
1648787344563 0.13808748181909322 6403
1648787357941 0.11280924137681722 6453
1648787373334 0.12364181227982045 6503
1648787387728 0.12759519901126623 6553
1648787401542 0.14334446324035524 6603
1648787414838 0.10564688209444284 6653
1648787427632 0.13271257128566505 6703
1648787440501 0.14492784202098846 6753
1648787453908 0.1272218612022698 6803
1648787467168 0.13594203870743513 6853
1648787482087 0.1346597265265882 6903
1648787495762 0.11117741744965315 6953
1648787509254 0.1344044930115342 7003
1648787523864 0.1266033749654889 7053
1648787538311 0.15195482678711414 7103
1648787552984 0.11212163761258126 7153
1648787567035 0.14873930580914022 7203
1648787581033 0.15224839624017478 7253
1648787593917 0.10713205036707223 7303
1648787607459 0.11542185999453068 7353
1648787621873 0.13926485741510988 7403
1648787636815 0.12662412002682685 7453
1648787650143 0.12295741986483336 7503
1648787663894 0.12003769010305404 7553
1648787677272 0.1245581029355526 7603
1648787690646 0.1417483543790877 7653
1648787704027 0.1284130321443081 7703
1648787717733 0.11777631893754005 7753
1648787731594 0.10783659629523754 7803
1648787810576 0.13590526338666678 7854
1648787821466 0.109186870791018 7904
1648787831903 0.13229103054851293 7954
1648787840526 0.11334492962807417 8004
1648787851563 0.10615828203037381 8054
1648787865056 0.11307373322546482 8104
1648787879452 0.12237494263797999 8154
1648787893234 0.11619892556220293 8204
1648787907358 0.13574783805757762 8254
1648787922114 0.144858634211123 8304
1648787936357 0.11290078295394779 8354
1648787950696 0.1363987398520112 8404
1648787963971 0.132151968088001 8454
1648787978082 0.10874643094837666 8504
1648787991831 0.13130826108157634 8554
1648788005961 0.14237322870641947 8604
1648788020571 0.12559497637674213 8654
1648788035257 0.13329935435205698 8704
1648788048858 0.12924601901322602 8754
1648788063730 0.0923631489276886 8804
1648788078321 0.11545281868427992 8854
1648788092613 0.10748410740867258 8904
1648788106020 0.1098990935087204 8954
1648788119464 0.15054667960852386 9004
1648788133271 0.12622660523280502 9054
1648788146859 0.12324808232486248 9104
1648788160949 0.1089484517648816 9154
1648788175138 0.11984160289168358 9204
1648788189253 0.11814709272235632 9254
1648788203254 0.1045950417406857 9304
1648788217863 0.13889433646574617 9354
1648788231800 0.14017203822731972 9404
1648788246589 0.13621283480897545 9454
1648788259839 0.09850567761808633 9504
1648788274508 0.14188621520996095 9554
1648788288041 0.13245002783834933 9604
1648788302184 0.10072207771241665 9654
1648788316046 0.12215763054788113 9704
1648788331151 0.11780606538057327 9754
1648788411120 0.11510393295437098 9805
1648788421545 0.10166224833577871 9855
1648788431316 0.10441670464351774 9905
1648788444113 0.11387408688664437 9955
1648788457881 0.10719993429258466 10005
1648788472379 0.13159286610782148 10055
1648788485868 0.1043305259756744 10105
1648788497947 0.0956286821514368 10155
1648788512026 0.1161808168515563 10205
1648788524573 0.12460623793303967 10255
1648788537922 0.11039080308750272 10305
1648788551512 0.1028464999422431 10355
1648788565021 0.11970455788075923 10405
1648788578411 0.10085669023916126 10455
1648788592603 0.09684225065633655 10505
1648788606028 0.1413442175835371 10555
1648788620833 0.13288939954712986 10605
1648788634792 0.1189837989024818 10655
1648788648851 0.11972552008926868 10705
1648788663393 0.124217141661793 10755
1648788677707 0.10686097025871277 10805
1648788691351 0.1248052528500557 10855
1648788706180 0.12499701373279094 10905
1648788720523 0.12338233748450875 10955
1648788734044 0.1345740867778659 11005
1648788747707 0.15390790872275828 11055
1648788761944 0.1257401388976723 11105
1648788776295 0.11086064249277115 11155
1648788788995 0.11761683963239193 11205
1648788803127 0.10945987358689308 11255
1648788817626 0.14309312343597413 11305
1648788831653 0.12958611494861544 11355
1648788845985 0.10799210211262107 11405
1648788860143 0.10581525390967726 11455
1648788873690 0.11390155613422394 11505
1648788887676 0.13359704956412316 11555
1648788902745 0.10836792699992656 11605
1648788917740 0.11245863284915686 11655
1648788931491 0.13194708798080682 11705
1648789010640 0.10339359536767007 11756
1648789020486 0.11063920764252544 11806
1648789029182 0.11695432057604194 11856
1648789043350 0.12186402581632137 11906
1648789057228 0.12895822953432798 11956
1648789071357 0.1266848075017333 12006
1648789085551 0.10019769560545683 12056
1648789098671 0.12112356439232826 12106
1648789113991 0.1186893531307578 12156
1648789127420 0.10825672993436455 12206
1648789141402 0.12627984050661326 12256
1648789155783 0.10834652658551931 12306
1648789169014 0.10716227548196912 12356
1648789182231 0.09096238102763891 12406
1648789195726 0.13213247951120138 12456
1648789208625 0.10578900147229434 12506
1648789222942 0.11826903525739908 12556
1648789237387 0.10512644600123167 12606
1648789252234 0.09134648215025663 12656
1648789265550 0.12782618798315526 12706
1648789279600 0.13288907542824746 12756
1648789294262 0.07384983414784074 12806
1648789308703 0.12807730469852685 12856
1648789322530 0.13346026789397 12906
1648789335864 0.12229762535542249 12956
1648789349390 0.10780559005215765 13006
1648789362060 0.09153612323105335 13056
1648789375026 0.12543374774977564 13106
1648789388542 0.12348155200481414 13156
1648789402238 0.1150709586776793 13206
1648789415891 0.11749587967991829 13256
1648789430453 0.12366278514266014 13306
1648789444823 0.12192427400499582 13356
1648789458873 0.10732434507459403 13406
1648789473308 0.10100290812551975 13456
1648789487426 0.10304756917059421 13506
1648789501295 0.10730105303227902 13556
1648789515236 0.1140298311598599 13606
1648789529278 0.11566617920994758 13656
1648789604347 0.08704327322542667 13707
1648789615220 0.11791204832494259 13757
1648789625587 0.1270729860663414 13807
1648789634228 0.11823688665404916 13857
1648789649367 0.09917326051741839 13907
1648789663666 0.10351486750878394 13957
1648789677484 0.10235084876418114 14007
1648789690663 0.10419592306017876 14057
1648789704976 0.11733818747103214 14107
1648789719240 0.11033057123422622 14157
1648789732561 0.12502025632187724 14207
1648789746467 0.11746275592595339 14257
1648789760453 0.09356645610183477 14307
1648789774631 0.09247020088136196 14357
1648789789170 0.106966805011034 14407
1648789803470 0.1352073197811842 14457
1648789817137 0.14097045112401246 14507
1648789830594 0.11684353187680245 14557
1648789844343 0.11364440195262432 14607
1648789858648 0.09365303937345743 14657
1648789872147 0.09920664068311452 14707
1648789886227 0.09870787870138883 14757
1648789901472 0.10659172808751465 14807
1648789915536 0.09617716319859028 14857
1648789929761 0.10290665231645107 14907
1648789943689 0.09808822369202971 14957
1648789957647 0.11752546034753322 15007
1648789972403 0.10466783814132213 15057
1648789985137 0.1125323087349534 15107
1648790000075 0.11323310796171426 15157
1648790014405 0.12695206135511397 15207
1648790028127 0.11077495096251369 15257
1648790042942 0.0990528355538845 15307
1648790056897 0.11682538203895092 15357
1648790070735 0.13538331856951116 15407
1648790085584 0.10839773293584586 15457
1648790099379 0.09906613644212485 15507
1648790112462 0.1368952839449048 15557
1648790126508 0.10841598574072123 15607
1648790207116 0.09252799075096846 15658
1648790217878 0.10534976245835423 15708
1648790228524 0.08172091582790017 15758
1648790238894 0.08633524980396032 15808
1648790252675 0.0952035215869546 15858
1648790267070 0.10003894500434399 15908
1648790279947 0.09613916661590338 15958
1648790293934 0.08627304995432496 16008
1648790308647 0.10926266979426145 16058
1648790324009 0.10173107620328664 16108
1648790339035 0.10348538104444742 16158
1648790353496 0.09944512870162725 16208
1648790367866 0.09472599925473332 16258
1648790382552 0.10724473997950554 16308
1648790396186 0.09974513445049524 16358
1648790410400 0.08248519929125905 16408
1648790425483 0.08705893860198557 16458
1648790439269 0.09899565251544118 16508
1648790453911 0.08870757708325983 16558
1648790467658 0.09176628949120641 16608
1648790481955 0.0858834276534617 16658
1648790496053 0.09170695103704929 16708
1648790509964 0.11237402686849236 16758
1648790524578 0.09439244957640767 16808
1648790539554 0.0828888982348144 16858
1648790553607 0.08338055215775966 16908
1648790567189 0.10757211176678538 16958
1648790580807 0.07086240677163005 17008
1648790594318 0.09527756484225393 17058
1648790607984 0.09044235341250896 17108
1648790621498 0.07839116860181093 17158
1648790635953 0.08185835737735032 17208
1648790650391 0.10773266253061592 17258
1648790664552 0.07954679975286126 17308
1648790678148 0.08693431856110692 17358
1648790692888 0.10362081129103899 17408
1648790706886 0.07760694190859795 17458
1648790719207 0.09385321568697691 17508
1648790734085 0.0897929095197469 17558
1648790812356 0.08861539926379919 17609
1648790823139 0.09386905277147889 17659
1648790833210 0.08269603841006756 17709
1648790847062 0.09791947361081839 17759
1648790860783 0.08881145441904664 17809
1648790874390 0.07332671124488116 17859
1648790889409 0.09521296307444573 17909
1648790903355 0.07894659360870719 17959
1648790917468 0.09991640908643604 18009
1648790932035 0.09074844467453659 18059
1648790946175 0.09937967967242002 18109
1648790959501 0.09135622709989548 18159
1648790973765 0.07539463266730309 18209
1648790988530 0.08190219651907682 18259
1648791002588 0.10842495959252119 18309
1648791016319 0.07914504505693913 18359
1648791029839 0.0869835182465613 18409
1648791043579 0.09593992060050369 18459
1648791056875 0.07631933134049178 18509
1648791070877 0.08645568823441863 18559
1648791084967 0.07538408264517785 18609
1648791099589 0.09937038410454989 18659
1648791112920 0.08534045550972223 18709
1648791125796 0.06608721275813878 18759
1648791140181 0.09267657248303295 18809
1648791152948 0.09945705337449909 18859
1648791168357 0.07706624828279018 18909
1648791182373 0.08926634553819895 18959
1648791196705 0.08679056053981185 19009
1648791210448 0.0847829483449459 19059
1648791223006 0.08021128846332432 19109
1648791237920 0.11264344939962029 19159
1648791251215 0.08646551124751568 19209
1648791265331 0.0885208247601986 19259
1648791280294 0.09310053168796002 19309
1648791294000 0.07818422768265008 19359
1648791307720 0.08808472918346524 19409
1648791321250 0.07948044393211603 19459
1648791336045 0.08900075148791074 19509
1648791409981 0.08443225694820285 19560
1648791418416 0.08034846050664783 19610
1648791426004 0.0710004229284823 19660
1648791432901 0.07478056894615293 19710
1648791439591 0.07936763789504767 19760
1648791446279 0.07479973449371755 19810
1648791453003 0.09991023203358054 19860
1648791459788 0.07234191050752997 19910
1648791466555 0.08742903031408787 19960
1648791473351 0.08946859085932374 20010
1648791480155 0.09145089115016163 20060
1648791487021 0.07071796178817749 20110
1648791494390 0.09455028412863613 20160
1648791505650 0.09974266799166799 20210
1648791516271 0.08806574996560812 20260
1648791526537 0.06721816724166274 20310
1648791538178 0.08044045763090253 20360
1648791549967 0.07511514775454999 20410
1648791564450 0.07251024585217238 20460
1648791582056 0.07301400571130216 20510
1648791599961 0.06894666444510221 20560
1648791618153 0.09544601758942008 20610
1648791635805 0.08674084367230535 20660
1648791654166 0.0788228682614863 20710
1648791670839 0.08937341721728444 20760
1648791687059 0.09720413571223617 20810
1648791704747 0.09096357088536024 20860
1648791721905 0.08004356562159956 20910
1648791738873 0.09337750560604036 20960
1648791756857 0.0823049441166222 21010
1648791773522 0.07940875394269824 21060
1648791789908 0.07512332859449089 21110
1648791806595 0.09560066781938076 21160
1648791824226 0.08207711035385729 21210
1648791841438 0.09503257038071751 21260
1648791859320 0.07341490445658565 21310
1648791877093 0.08350126525387168 21360
1648791894744 0.10748629603534937 21410
1648791910864 0.1063463717699051 21460
1648792005596 0.0734485372994095 21511
1648792020052 0.06989356632344425 21561
1648792032776 0.0702308786008507 21611
1648792048405 0.07793856382369996 21661
1648792062172 0.08829871410503984 21711
1648792075562 0.07863893514499068 21761
1648792089544 0.09185566632077098 21811
1648792103726 0.10506879337131977 21861
1648792118222 0.059029793329536916 21911
1648792131923 0.08417810812592506 21961
1648792144280 0.09958824520930648 22011
1648792155438 0.10911335362121463 22061
1648792166611 0.08292245784774423 22111
1648792177800 0.07560175184160471 22161
1648792189034 0.07861009788699448 22211
1648792199797 0.08624110154807568 22261
1648792210909 0.094523447714746 22311
1648792221258 0.08583993531763554 22361
1648792233733 0.07392021819017827 22411
1648792248267 0.08286693815141916 22461
1648792262195 0.0741498557291925 22511
1648792276074 0.06801806882023811 22561
1648792289691 0.07642379716038704 22611
1648792304561 0.06757223969325424 22661
1648792318342 0.06895914424210786 22711
1648792332252 0.0907808654382825 22761
1648792346088 0.06602876511402428 22811
1648792359652 0.0802790711633861 22861
1648792373547 0.06578012621030212 22911
1648792386988 0.08035053508356213 22961
1648792400951 0.07920146396383643 23011
1648792414682 0.08243074837140739 23061
1648792429042 0.08608973242342471 23111
1648792443824 0.09330997155047953 23161
1648792458819 0.08033107543364167 23211
1648792472066 0.0917087222635746 23261
1648792486921 0.0691415997594595 23311
1648792500919 0.06943656792864203 23361
1648792515526 0.07777623414993286 23411
