1648785388972 0.6639517438411713 50
1648785401419 0.37491450637578966 100
1648785418860 0.289772077947855 150
1648785437321 0.2192393496632576 200
1648785455592 0.22227123036980628 250
1648785473783 0.24223234683275222 300
1648785491800 0.20090314477682114 350
1648785509046 0.16180893063545226 400
1648785526523 0.1689293074607849 450
1648785544446 0.19674242682754994 500
1648785562890 0.18058055616915225 550
1648785580951 0.15827410381287335 600
1648785597532 0.18200386457145215 650
1648785613994 0.18940480433404447 700
1648785628411 0.1628209399059415 750
1648785643094 0.16736227050423622 800
1648785657000 0.14864880736917258 850
1648785669981 0.16004425950348378 900
1648785683116 0.1940825379267335 950
1648785697275 0.13684471409767865 1000
1648785711397 0.1519848742336035 1050
1648785725530 0.11815415542572737 1100
1648785739599 0.12035858428105711 1150
1648785753122 0.1193049255758524 1200
1648785766531 0.16106129817664624 1250
1648785780389 0.1329068982601166 1300
1648785794596 0.10409405119717122 1350
1648785807543 0.1398243572935462 1400
1648785820070 0.16911205306649207 1450
1648785833707 0.13561652343720199 1500
1648785847103 0.13154023088514805 1550
1648785860749 0.13655401952564716 1600
1648785874576 0.12481360211968422 1650
1648785888787 0.1571156383678317 1700
1648785901587 0.1471489243581891 1750
1648785915156 0.1459865491464734 1800
1648785928066 0.137410042732954 1850
1648785940846 0.12191844347864389 1900
1648785954802 0.12432338941842318 1950
1648786030828 0.11157072376459837 2001
1648786040129 0.12503655122593046 2051
1648786054016 0.10790841985493899 2101
1648786067620 0.11773530520498753 2151
1648786082313 0.12516289230436087 2201
1648786095754 0.11349685564637184 2251
1648786109785 0.10989934546872973 2301
1648786124266 0.15023835009895264 2351
1648786138194 0.1288963819667697 2401
1648786152964 0.12129478558897971 2451
1648786167017 0.12181654198095203 2501
1648786180599 0.10937833186239004 2551
1648786193269 0.12028588064014911 2601
1648786207539 0.11026422169059515 2651
1648786221699 0.12606704639270902 2701
1648786235629 0.10354221237823368 2751
1648786249881 0.1052965296804905 2801
1648786263683 0.09317373342812062 2851
1648786276901 0.10316419593989849 2901
1648786291276 0.08917451223358512 2951
1648786304586 0.10724997092038394 3001
1648786317898 0.09847387503832579 3051
1648786331402 0.10512528713792563 3101
1648786345954 0.11470952763222159 3151
1648786360306 0.0967133991420269 3201
1648786372646 0.09436504144221544 3251
1648786386580 0.112819530852139 3301
1648786400377 0.13547415779903532 3351
1648786414489 0.08728859815746545 3401
1648786428086 0.10848842142149806 3451
1648786441069 0.1222187750786543 3501
1648786454472 0.10216315425932407 3551
1648786468645 0.10101781317964197 3601
1648786480818 0.09817012397572399 3651
1648786494412 0.10690953528508544 3701
1648786508393 0.10377498507499695 3751
1648786522239 0.12532322168350218 3801
1648786536791 0.09650866255164146 3851
1648786551326 0.12158115955069661 3901
1648786626686 0.13552013024687767 3952
1648786634123 0.11057789687067271 4002
1648786645202 0.11827281242236495 4052
1648786659745 0.07345504835247993 4102
1648786671707 0.09903714776039124 4152
1648786684344 0.11599063690751792 4202
1648786698983 0.110161254350096 4252
1648786711308 0.08268440121784806 4302
1648786725474 0.0877877061534673 4352
1648786739114 0.10527826171368361 4402
1648786753295 0.09980603788048029 4452
1648786768112 0.08413516584783792 4502
1648786782258 0.10896677682176233 4552
1648786797106 0.08620811931788921 4602
1648786809460 0.07767097171396017 4652
1648786823555 0.09259106016717851 4702
1648786836684 0.06758980641141533 4752
1648786850194 0.08079802870750427 4802
1648786864056 0.08522159826476126 4852
1648786877556 0.0880655340384692 4902
1648786892029 0.1209483010135591 4952
1648786906470 0.11237348610535264 5002
1648786919351 0.08781422529369592 5052
1648786933375 0.1019224699959159 5102
1648786947810 0.10137231163214892 5152
1648786962216 0.0891474374011159 5202
1648786975815 0.08658558535389602 5252
1648786989745 0.09629385931417346 5302
1648787003959 0.09476820648647845 5352
1648787017712 0.10863401079550386 5402
1648787031055 0.10902110937982798 5452
1648787044687 0.07634265139698983 5502
1648787059044 0.10224058638326823 5552
1648787072621 0.1176560178771615 5602
1648787086048 0.09767254459671676 5652
1648787100702 0.1024129802081734 5702
1648787114380 0.08459668296389282 5752
1648787128419 0.10704632000532001 5802
1648787141233 0.08182041425257922 5852
1648787219389 0.07999143300577999 5903
1648787229565 0.08472645834088326 5953
1648787237855 0.09111371457576752 6003
1648787247859 0.08870271377265454 6053
1648787263015 0.07022652052342891 6103
1648787276907 0.08208217003382742 6153
1648787289408 0.06256673992611468 6203
1648787303739 0.09497904861345888 6253
1648787317259 0.06598461288958787 6303
1648787330133 0.08708688706159591 6353
1648787344563 0.11491328325122595 6403
1648787357941 0.07703181937336921 6453
1648787373334 0.10347123006358742 6503
1648787387728 0.07654098983854056 6553
1648787401542 0.08912244302220643 6603
1648787414838 0.06487641654908657 6653
1648787427632 0.09094706101343036 6703
1648787440501 0.09925659112632275 6753
1648787453908 0.0859554373472929 6803
1648787467168 0.07588854363188148 6853
1648787482087 0.09014872363768518 6903
1648787495762 0.10823993902653456 6953
1648787509254 0.08533119924366474 7003
1648787523864 0.08333342168480158 7053
1648787538311 0.09584003191441298 7103
1648787552984 0.07451907202601432 7153
1648787567035 0.09431142158806324 7203
1648787581033 0.09761744152754545 7253
1648787593917 0.08257612587884068 7303
1648787607459 0.09098710263147951 7353
1648787621873 0.08349710285663604 7403
1648787636815 0.08816452477127314 7453
1648787650143 0.08972641635686159 7503
1648787663894 0.0906156952213496 7553
1648787677272 0.06957672096788883 7603
1648787690646 0.10018580663949252 7653
1648787704027 0.09700001700781286 7703
1648787717733 0.08485851616598666 7753
1648787731594 0.07160730673000217 7803
1648787810576 0.08855314707383513 7854
1648787821466 0.06007502121850848 7904
1648787831903 0.08165502704679967 7954
1648787840526 0.07663347599096597 8004
1648787851563 0.052612555315718054 8054
1648787865056 0.052651702472940085 8104
1648787879452 0.07811224950477481 8154
1648787893234 0.06644560459069908 8204
1648787907358 0.07153099259361624 8254
1648787922114 0.0833065327629447 8304
1648787936357 0.08298157387413084 8354
1648787950696 0.08075754888355732 8404
1648787963971 0.0743776336312294 8454
1648787978082 0.09235914578661322 8504
1648787991831 0.07535812189802528 8554
1648788005961 0.08030094018206001 8604
1648788020571 0.06832671214826405 8654
1648788035257 0.06850718781817705 8704
1648788048858 0.08270194070413708 8754
1648788063730 0.07838722771033645 8804
1648788078321 0.07847777361050248 8854
1648788092613 0.06126520210877061 8904
1648788106020 0.07812554986216128 8954
1648788119464 0.09819635212421417 9004
1648788133271 0.07869649427942932 9054
1648788146859 0.06456519089639187 9104
1648788160949 0.06156387815484777 9154
1648788175138 0.0860859732143581 9204
1648788189253 0.0755410276632756 9254
1648788203254 0.07027958387508988 9304
1648788217863 0.08098538702353836 9354
1648788231800 0.08324409460648895 9404
1648788246589 0.07128963396884501 9454
1648788259839 0.05136026025516913 9504
1648788274508 0.08091339813545347 9554
1648788288041 0.10499916955828667 9604
1648788302184 0.06140389577485621 9654
1648788316046 0.08193717062473298 9704
1648788331151 0.07155514194630086 9754
1648788411120 0.07201739266514778 9805
1648788421545 0.0518858092231676 9855
1648788431316 0.05447303201071918 9905
1648788444113 0.07003906539874151 9955
1648788457881 0.06430692558176815 10005
1648788472379 0.08326933345757424 10055
1648788485868 0.07148233501240611 10105
1648788497947 0.07430176665540784 10155
1648788512026 0.0718891254067421 10205
1648788524573 0.06733584208413959 10255
1648788537922 0.06011722962372005 10305
1648788551512 0.060027703139930964 10355
1648788565021 0.06658158775418997 10405
1648788578411 0.06263205914292484 10455
1648788592603 0.046204415345564485 10505
1648788606028 0.08105890261940658 10555
1648788620833 0.07566797850187867 10605
1648788634792 0.09181197034195065 10655
1648788648851 0.08464474036358297 10705
1648788663393 0.06389326521195471 10755
1648788677707 0.0725389914214611 10805
1648788691351 0.08075538355857134 10855
1648788706180 0.06830052331089974 10905
1648788720523 0.06428701305761933 10955
1648788734044 0.0749566044099629 11005
1648788747707 0.08494130837731063 11055
1648788761944 0.07557693685404956 11105
1648788776295 0.05695495796389878 11155
1648788788995 0.057733009569346905 11205
1648788803127 0.07049239119514823 11255
1648788817626 0.09050926342606544 11305
1648788831653 0.08794693199917675 11355
1648788845985 0.0778648395370692 11405
1648788860143 0.05881367791444063 11455
1648788873690 0.08588876586873084 11505
1648788887676 0.07174862685147673 11555
1648788902745 0.06931999463588 11605
1648788917740 0.07178973441943526 11655
1648788931491 0.06775153945200145 11705
1648789010640 0.04696071203798056 11756
1648789020486 0.06644822923466563 11806
1648789029182 0.052656695917248725 11856
1648789043350 0.058913199263624844 11906
1648789057228 0.053378411666490135 11956
1648789071357 0.062333247978240254 12006
1648789085551 0.04888128212187439 12056
1648789098671 0.06541788830887527 12106
1648789113991 0.0677864172682166 12156
1648789127420 0.08028352030552924 12206
1648789141402 0.07153292457573115 12256
1648789155783 0.06160945693030953 12306
1648789169014 0.04587003165856004 12356
1648789182231 0.05618583617731929 12406
1648789195726 0.06120198229327798 12456
1648789208625 0.04930960001423955 12506
1648789222942 0.07333194267936051 12556
1648789237387 0.06324960609897971 12606
1648789252234 0.04787286511622369 12656
1648789265550 0.0685998419765383 12706
1648789279600 0.06709584841504693 12756
1648789294262 0.04242388444952667 12806
1648789308703 0.0723371373093687 12856
1648789322530 0.08151400125585496 12906
1648789335864 0.07324756084010005 12956
1648789349390 0.05121433038264513 13006
1648789362060 0.05064644481986761 13056
1648789375026 0.07942451829090715 13106
1648789388542 0.06866709489375353 13156
1648789402238 0.05461819359101355 13206
1648789415891 0.060851184176281096 13256
1648789430453 0.08345131454989314 13306
1648789444823 0.08285191113129259 13356
1648789458873 0.083606979213655 13406
1648789473308 0.059182087732478975 13456
1648789487426 0.06957762324251235 13506
1648789501295 0.09174234807491302 13556
1648789515236 0.06324404336046427 13606
1648789529278 0.06461400082334876 13656
1648789604347 0.040400043118279425 13707
1648789615220 0.0500578446034342 13757
1648789625587 0.05890897152945399 13807
1648789634228 0.06917167666368186 13857
1648789649367 0.05647937843576074 13907
1648789663666 0.04723922831006348 13957
1648789677484 0.04231874627992511 14007
1648789690663 0.05685162274166942 14057
1648789704976 0.04760694311000407 14107
1648789719240 0.0831117944046855 14157
1648789732561 0.06203285297378898 14207
1648789746467 0.06096356214024126 14257
1648789760453 0.05590085485717282 14307
1648789774631 0.04471495355479419 14357
1648789789170 0.07088824467733502 14407
1648789803470 0.0715887365769595 14457
1648789817137 0.0611801639944315 14507
1648789830594 0.0509327063523233 14557
1648789844343 0.05320084749953821 14607
1648789858648 0.05706746372859925 14657
1648789872147 0.049835534617304805 14707
1648789886227 0.049771024631336334 14757
1648789901472 0.05305609208997339 14807
1648789915536 0.06384395807981491 14857
1648789929761 0.055699446238577366 14907
1648789943689 0.05238476700149477 14957
1648789957647 0.057866585729643705 15007
1648789972403 0.050181065239012244 15057
1648789985137 0.06090094949118793 15107
1648790000075 0.07853147853631526 15157
1648790014405 0.06624960450455547 15207
1648790028127 0.055961586013436315 15257
1648790042942 0.05737623822875321 15307
1648790056897 0.06204011209309101 15357
1648790070735 0.0660823690611869 15407
1648790085584 0.047830615169368686 15457
1648790099379 0.05330116794910282 15507
1648790112462 0.06559207568876445 15557
1648790126508 0.06052648784127086 15607
1648790207116 0.038650960880331695 15658
1648790217878 0.04110956023447215 15708
1648790228524 0.03930088180117309 15758
1648790238894 0.03837908578803763 15808
1648790252675 0.04290478303330019 15858
1648790267070 0.05090562161523849 15908
1648790279947 0.0358591039525345 15958
1648790293934 0.03603261334472336 16008
1648790308647 0.038129324198234824 16058
1648790324009 0.04285188096109778 16108
1648790339035 0.040425297133624555 16158
1648790353496 0.037951552593149245 16208
1648790367866 0.030788812171667814 16258
1648790382552 0.036822834198828786 16308
1648790396186 0.042570859270635995 16358
1648790410400 0.03225055574905127 16408
1648790425483 0.03444613550789654 16458
1648790439269 0.03495337086496875 16508
1648790453911 0.034132638722658155 16558
1648790467658 0.03597469665808603 16608
1648790481955 0.028608929456677288 16658
1648790496053 0.034365372818429024 16708
1648790509964 0.03709761108271778 16758
1648790524578 0.03631389359710738 16808
1648790539554 0.029809263185597956 16858
1648790553607 0.041332385959103705 16908
1648790567189 0.0451203748525586 16958
1648790580807 0.03641395800281316 17008
1648790594318 0.033201584375929086 17058
1648790607984 0.035096283352468165 17108
1648790621498 0.03126394499791786 17158
1648790635953 0.030873657520860433 17208
1648790650391 0.04360995335271582 17258
1648790664552 0.0313965034391731 17308
1648790678148 0.03231096588773653 17358
1648790692888 0.037402273314073683 17408
1648790706886 0.031079550506547093 17458
1648790719207 0.03523171585518867 17508
1648790734085 0.03306057753507048 17558
1648790812356 0.030369777022860943 17609
1648790823139 0.02987218656227924 17659
1648790833210 0.0284969196212478 17709
1648790847062 0.0360375196672976 17759
1648790860783 0.02794454090297222 17809
1648790874390 0.02640124913305044 17859
1648790889409 0.03341981530422345 17909
1648790903355 0.030009176963940263 17959
1648790917468 0.045344568067230286 18009
1648790932035 0.03615922684082761 18059
1648790946175 0.03377531358972192 18109
1648790959501 0.03994217126281001 18159
1648790973765 0.023846227512694895 18209
1648790988530 0.02475724317948334 18259
1648791002588 0.03757927689934149 18309
1648791016319 0.029892490805359558 18359
1648791029839 0.03303084654267877 18409
1648791043579 0.03213877534144558 18459
1648791056875 0.03030801667366177 18509
1648791070877 0.028766215340001507 18559
1648791084967 0.03140076845418662 18609
1648791099589 0.026983071626746097 18659
1648791112920 0.03134282913408242 18709
1648791125796 0.02378432029625401 18759
1648791140181 0.03882042093318887 18809
1648791152948 0.04535684759728611 18859
1648791168357 0.023975309032248333 18909
1648791182373 0.02786208317615092 18959
1648791196705 0.037045241520972924 19009
1648791210448 0.026541784531436862 19059
1648791223006 0.029300217729760335 19109
1648791237920 0.03785562654258683 19159
1648791251215 0.024003796570468694 19209
1648791265331 0.030623885644599794 19259
1648791280294 0.03299922854406759 19309
1648791294000 0.029130591773428024 19359
1648791307720 0.028190281628631055 19409
1648791321250 0.024822874371893705 19459
1648791336045 0.029325773662421853 19509
1648791409981 0.026830633603967726 19560
1648791418416 0.02524754179874435 19610
1648791426004 0.024594416958279908 19660
1648791432901 0.02132345058838837 19710
1648791439591 0.026981734335422516 19760
1648791446279 0.02799865464330651 19810
1648791453003 0.028312468903604896 19860
1648791459788 0.020340175931341947 19910
1648791466555 0.03044870508601889 19960
1648791473351 0.030878754983423278 20010
1648791480155 0.027372982990927993 20060
1648791487021 0.024825453183148057 20110
1648791494390 0.030883521072100847 20160
1648791505650 0.03551911888644099 20210
1648791516271 0.026700867526233196 20260
1648791526537 0.026876438826147934 20310
1648791538178 0.03084106480469927 20360
1648791549967 0.02017802193789976 20410
1648791564450 0.02599607077660039 20460
1648791582056 0.021844725151313468 20510
1648791599961 0.021131052815471774 20560
1648791618153 0.023796055496204643 20610
1648791635805 0.029503468935727143 20660
1648791654166 0.02527763764257543 20710
1648791670839 0.02827869311440736 20760
1648791687059 0.03393833650043234 20810
1648791704747 0.029752899130107834 20860
1648791721905 0.0230526918056421 20910
1648791738873 0.02918725953612011 20960
1648791756857 0.03024680430185981 21010
1648791773522 0.02686541884962935 21060
1648791789908 0.0244120698957704 21110
1648791806595 0.029888235295657067 21160
1648791824226 0.02527031508507207 21210
1648791841438 0.028573666667798533 21260
1648791859320 0.023410993975121527 21310
1648791877093 0.025113902541343124 21360
1648791894744 0.034231484044576065 21410
1648791910864 0.029802759141894057 21460
1648792005596 0.02299357877811417 21511
1648792020052 0.019773287060670556 21561
1648792032776 0.022473878910532222 21611
1648792048405 0.02185783659107983 21661
1648792062172 0.025676633580587804 21711
1648792075562 0.02062998588429764 21761
1648792089544 0.024841388368513434 21811
1648792103726 0.026331231168005616 21861
1648792118222 0.01986299442825839 21911
1648792131923 0.02646646578621585 21961
1648792144280 0.033463145671994425 22011
1648792155438 0.03317583088995889 22061
1648792166611 0.027383892982034013 22111
1648792177800 0.02179462377098389 22161
1648792189034 0.022552386028692126 22211
1648792199797 0.027911272076889874 22261
1648792210909 0.028569985970971174 22311
1648792221258 0.023186218317132443 22361
1648792233733 0.019765081629739143 22411
1648792248267 0.021178181539289652 22461
1648792262195 0.020748554395977406 22511
1648792276074 0.019548968509188854 22561
1648792289691 0.022750028433511035 22611
1648792304561 0.018534884464461356 22661
1648792318342 0.01875719512347132 22711
1648792332252 0.028830901836045086 22761
1648792346088 0.016509067300357855 22811
1648792359652 0.021213579261675476 22861
1648792373547 0.02205280564405257 22911
1648792386988 0.022368592825951054 22961
1648792400951 0.024368835812201724 23011
1648792414682 0.028243965196888893 23061
1648792429042 0.035598597169155255 23111
1648792443824 0.02778090476873331 23161
1648792458819 0.023667712518945335 23211
1648792472066 0.030221762167057024 23261
1648792486921 0.02326079108286649 23311
1648792500919 0.02964499471941963 23361
1648792515526 0.025515656187199056 23411
