1648785388972 2.0303338456153868 50
1648785401419 0.741070239841938 100
1648785418860 0.6760845005512237 150
1648785437321 0.6339647585153579 200
1648785455592 0.683113784790039 250
1648785473783 0.6215316858887673 300
1648785491800 0.5947499173879623 350
1648785509046 0.48682851403951644 400
1648785526523 0.5672986400127411 450
1648785544446 0.6717034637928009 500
1648785562890 0.574213824570179 550
1648785580951 0.5849924471974373 600
1648785597532 0.5973797328770161 650
1648785613994 0.5978412899374962 700
1648785628411 0.599880967438221 750
1648785643094 0.5680875450372695 800
1648785657000 0.5390898045897484 850
1648785669981 0.5393323244154453 900
1648785683116 0.5155379788577557 950
1648785697275 0.46149544283747673 1000
1648785711397 0.5170968803763389 1050
1648785725530 0.44148625776171685 1100
1648785739599 0.4697966158390045 1150
1648785753122 0.42532609462738036 1200
1648785766531 0.5352701987326145 1250
1648785780389 0.4731213726103306 1300
1648785794596 0.45920660614967346 1350
1648785807543 0.5009073831140995 1400
1648785820070 0.4883220782876015 1450
1648785833707 0.4858307547867298 1500
1648785847103 0.5311642467975617 1550
1648785860749 0.5813990205526351 1600
1648785874576 0.4463726995885372 1650
1648785888787 0.5453674505650997 1700
1648785901587 0.48857057094573975 1750
1648785915156 0.5472131186723709 1800
1648785928066 0.5173921710252762 1850
1648785940846 0.4409018783271313 1900
1648785954802 0.45161880671977994 1950
1648786030828 0.49216715231537816 2001
1648786040129 0.4671960660815239 2051
1648786054016 0.4635528860986233 2101
1648786067620 0.48978794798254965 2151
1648786082313 0.4968070603907108 2201
1648786095754 0.48064268425107004 2251
1648786109785 0.46519285649061204 2301
1648786124266 0.5535416902601719 2351
1648786138194 0.48584081530570983 2401
1648786152964 0.47811384961009024 2451
1648786167017 0.4517264002561569 2501
1648786180599 0.469767718911171 2551
1648786193269 0.3947906728088856 2601
1648786207539 0.4646007663011551 2651
1648786221699 0.4792094124853611 2701
1648786235629 0.4135775550454855 2751
1648786249881 0.47293470799922943 2801
1648786263683 0.4299049200117588 2851
1648786276901 0.4647515907883644 2901
1648786291276 0.4012486198544502 2951
1648786304586 0.4272270333766937 3001
1648786317898 0.4689286196231842 3051
1648786331402 0.39033282175660133 3101
1648786345954 0.4454009909927845 3151
1648786360306 0.43002449557185174 3201
1648786372646 0.40925366535782814 3251
1648786386580 0.4664628326892853 3301
1648786400377 0.5115138718485832 3351
1648786414489 0.37517052322626115 3401
1648786428086 0.3743153670430183 3451
1648786441069 0.44537454694509504 3501
1648786454472 0.422508013099432 3551
1648786468645 0.42881742000579837 3601
1648786480818 0.3994380465894938 3651
1648786494412 0.38893204391002656 3701
1648786508393 0.4107209181785583 3751
1648786522239 0.42184010699391367 3801
1648786536791 0.4194808192551136 3851
1648786551326 0.4918631064891815 3901
1648786626686 0.5126889391243458 3952
1648786634123 0.4437441062927246 4002
1648786645202 0.4185390992462635 4052
1648786659745 0.3207765354216099 4102
1648786671707 0.41540413826704026 4152
1648786684344 0.44879633478820324 4202
1648786698983 0.4417977324128151 4252
1648786711308 0.38378836162388325 4302
1648786725474 0.37263236731290816 4352
1648786739114 0.4540024521946907 4402
1648786753295 0.4560840833187103 4452
1648786768112 0.36442672431468964 4502
1648786782258 0.417981558740139 4552
1648786797106 0.35246928714215753 4602
1648786809460 0.3319302563369274 4652
1648786823555 0.39153445199131964 4702
1648786836684 0.3277199524641037 4752
1648786850194 0.44736671194434163 4802
1648786864056 0.42886575058102605 4852
1648786877556 0.42252153567969797 4902
1648786892029 0.47366638377308845 4952
1648786906470 0.4429311279952526 5002
1648786919351 0.39237672299146653 5052
1648786933375 0.49026813998818397 5102
1648786947810 0.3773319689929485 5152
1648786962216 0.43735128730535505 5202
1648786975815 0.37610787592828276 5252
1648786989745 0.389688041806221 5302
1648787003959 0.4116569709032774 5352
1648787017712 0.4413292996585369 5402
1648787031055 0.4202111004292965 5452
1648787044687 0.37345804899930957 5502
1648787059044 0.45705917850136757 5552
1648787072621 0.4254360283911228 5602
1648787086048 0.41250225245952604 5652
1648787100702 0.48363221377134324 5702
1648787114380 0.3603355190902948 5752
1648787128419 0.4056200776994228 5802
1648787141233 0.38497425824403764 5852
1648787219389 0.39939329251646993 5903
1648787229565 0.40672198474407195 5953
1648787237855 0.3441890019178391 6003
1648787247859 0.391494200527668 6053
1648787263015 0.3376248645782471 6103
1648787276907 0.35696877717971803 6153
1648787289408 0.3335282509028912 6203
1648787303739 0.41700693920254706 6253
1648787317259 0.30944963708519935 6303
1648787330133 0.4059062199294567 6353
1648787344563 0.43856062352657316 6403
1648787357941 0.34995364770293236 6453
1648787373334 0.40545802608132364 6503
1648787387728 0.39130704060196875 6553
1648787401542 0.42445092484354974 6603
1648787414838 0.3162171284854412 6653
1648787427632 0.3976375615596771 6703
1648787440501 0.4386825907230377 6753
1648787453908 0.399190756008029 6803
1648787467168 0.4051911187171936 6853
1648787482087 0.4069793676584959 6903
1648787495762 0.38874918811023235 6953
1648787509254 0.40858451142907143 7003
1648787523864 0.3867216996848583 7053
1648787538311 0.45041273824870587 7103
1648787552984 0.3427136968076229 7153
1648787567035 0.4529838475584984 7203
1648787581033 0.44932485207915307 7253
1648787593917 0.3423288639634848 7303
1648787607459 0.3540650817751885 7353
1648787621873 0.4059174295514822 7403
1648787636815 0.3951850774884224 7453
1648787650143 0.38480446189641954 7503
1648787663894 0.3804483948647976 7553
1648787677272 0.36217533562332394 7603
1648787690646 0.41944567941129207 7653
1648787704027 0.4079507517069578 7703
1648787717733 0.3617095638811588 7753
1648787731594 0.3257937841117382 7803
1648787810576 0.39364457726478574 7854
1648787821466 0.32356540597975253 7904
1648787831903 0.40470647722482683 7954
1648787840526 0.3500345906615257 8004
1648787851563 0.30279924653470514 8054
1648787865056 0.3370856336504221 8104
1648787879452 0.3690561653673649 8154
1648787893234 0.3504621647298336 8204
1648787907358 0.3918525917828083 8254
1648787922114 0.4191775553673506 8304
1648787936357 0.35154719404876233 8354
1648787950696 0.41518789306283 8404
1648787963971 0.3911146448552609 8454
1648787978082 0.35762068443000317 8504
1648787991831 0.37633560568094254 8554
1648788005961 0.40219441905617714 8604
1648788020571 0.35970745876431465 8654
1648788035257 0.3798405729979277 8704
1648788048858 0.3897268258035183 8754
1648788063730 0.307078310623765 8804
1648788078321 0.35052984647452834 8854
1648788092613 0.3227723028510809 8904
1648788106020 0.3516190129518509 8954
1648788119464 0.4390089067816734 9004
1648788133271 0.3723462399840355 9054
1648788146859 0.36756360545754435 9104
1648788160949 0.33415169321000576 9154
1648788175138 0.3777671980112791 9204
1648788189253 0.35447208940982816 9254
1648788203254 0.3182579294592142 9304
1648788217863 0.40476139828562735 9354
1648788231800 0.4123681561648846 9404
1648788246589 0.3861191461980343 9454
1648788259839 0.2972969935834408 9504
1648788274508 0.4220028191059828 9554
1648788288041 0.42639064028859136 9604
1648788302184 0.3077038015425205 9654
1648788316046 0.37074776127934456 9704
1648788331151 0.3511092856526375 9754
1648788411120 0.3531788855046034 9805
1648788421545 0.30960544921457767 9855
1648788431316 0.30279613733291627 9905
1648788444113 0.3522029288113117 9955
1648788457881 0.330338010340929 10005
1648788472379 0.406235361173749 10055
1648788485868 0.31886589497327805 10105
1648788497947 0.3051184391975403 10155
1648788512026 0.35394285604357717 10205
1648788524573 0.3680365727841854 10255
1648788537922 0.32374508030712607 10305
1648788551512 0.31538048446178435 10355
1648788565021 0.35548911392688753 10405
1648788578411 0.3325978275388479 10455
1648788592603 0.28416781343519687 10505
1648788606028 0.411672825217247 10555
1648788620833 0.38954543143510817 10605
1648788634792 0.3821144984662533 10655
1648788648851 0.3685366554558277 10705
1648788663393 0.34150394424796104 10755
1648788677707 0.3345805591344833 10805
1648788691351 0.3742025221884251 10855
1648788706180 0.36821995452046397 10905
1648788720523 0.36261942304670813 10955
1648788734044 0.379677536636591 11005
1648788747707 0.4482386781275272 11055
1648788761944 0.3722680886089802 11105
1648788776295 0.3193095978349447 11155
1648788788995 0.3477308938652277 11205
1648788803127 0.3248246817290783 11255
1648788817626 0.42654292181134223 11305
1648788831653 0.3841798947006464 11355
1648788845985 0.33495257966220376 11405
1648788860143 0.313411265835166 11455
1648788873690 0.3725492752343416 11505
1648788887676 0.3759642046689987 11555
1648788902745 0.32756961762905124 11605
1648788917740 0.34803280495107175 11655
1648788931491 0.36794985108077527 11705
1648789010640 0.30055336833000185 11756
1648789020486 0.3397462873905897 11806
1648789029182 0.33398400895297525 11856
1648789043350 0.3433159782737494 11906
1648789057228 0.36467015109956263 11956
1648789071357 0.3577620832622051 12006
1648789085551 0.2953485158085823 12056
1648789098671 0.3572026288509369 12106
1648789113991 0.3465065100044012 12156
1648789127420 0.35491174809634685 12206
1648789141402 0.37514041796326636 12256
1648789155783 0.32922251254320145 12306
1648789169014 0.29466961078345777 12356
1648789182231 0.2762503094226122 12406
1648789195726 0.37718714214861393 12456
1648789208625 0.31801168248057365 12506
1648789222942 0.3587391799688339 12556
1648789237387 0.3234449300169945 12606
1648789252234 0.2729385779798031 12656
1648789265550 0.36778591096401214 12706
1648789279600 0.3807759263366461 12756
1648789294262 0.22246349401772023 12806
1648789308703 0.37702287420630454 12856
1648789322530 0.3971653513610363 12906
1648789335864 0.36701131753623484 12956
1648789349390 0.3107510368525982 13006
1648789362060 0.28098043814301493 13056
1648789375026 0.37076646894216536 13106
1648789388542 0.36167771331965926 13156
1648789402238 0.3366508047282696 13206
1648789415891 0.3418550418317318 13256
1648789430453 0.38487152360379695 13306
1648789444823 0.38794194877147675 13356
1648789458873 0.34068001367151735 13406
1648789473308 0.3016076961159706 13456
1648789487426 0.3220289160311222 13506
1648789501295 0.35934933841228484 13556
1648789515236 0.3206300809979439 13606
1648789529278 0.33063896514475344 13656
1648789604347 0.2537175319343805 13707
1648789615220 0.33724576503038406 13757
1648789625587 0.35413536854088307 13807
1648789634228 0.34456884518265724 13857
1648789649367 0.28875129625201224 13907
1648789663666 0.29153420962393284 13957
1648789677484 0.28642711095511914 14007
1648789690663 0.31639147229492665 14057
1648789704976 0.33324883460998533 14107
1648789719240 0.348505542576313 14157
1648789732561 0.3486494318395853 14207
1648789746467 0.3437180308997631 14257
1648789760453 0.28879111547023056 14307
1648789774631 0.2733286291360855 14357
1648789789170 0.3277719382196665 14407
1648789803470 0.39439811252057555 14457
1648789817137 0.3747397494316101 14507
1648789830594 0.3370788533985615 14557
1648789844343 0.3315121205151081 14607
1648789858648 0.29559199668467045 14657
1648789872147 0.29204291813075545 14707
1648789886227 0.29092966832220557 14757
1648789901472 0.3124316442757845 14807
1648789915536 0.30652540668845174 14857
1648789929761 0.30984241999685763 14907
1648789943689 0.2896069949120283 14957
1648789957647 0.34367538303136824 15007
1648789972403 0.2981329719722271 15057
1648789985137 0.3397926640510559 15107
1648790000075 0.34357874922454357 15157
1648790014405 0.37421673551201823 15207
1648790028127 0.32894092194736 15257
1648790042942 0.30102860793471337 15307
1648790056897 0.3389340502768755 15357
1648790070735 0.3910010486096144 15407
1648790085584 0.3049525098502636 15457
1648790099379 0.300157867372036 15507
1648790112462 0.38789645947515966 15557
1648790126508 0.3237810092419386 15607
1648790207116 0.27150175370275975 15658
1648790217878 0.2996309380978346 15708
1648790228524 0.25036460228264334 15758
1648790238894 0.24237587369978428 15808
1648790252675 0.2765323583781719 15858
1648790267070 0.3023241627961397 15908
1648790279947 0.26559073861688376 15958
1648790293934 0.2585711404681206 16008
1648790308647 0.2941347701847553 16058
1648790324009 0.2880006182193756 16108
1648790339035 0.30073271960020065 16158
1648790353496 0.2822434291243553 16208
1648790367866 0.25851527057588103 16258
1648790382552 0.3050386514887214 16308
1648790396186 0.2911020502075553 16358
1648790410400 0.24694321282207965 16408
1648790425483 0.2529234729334712 16458
1648790439269 0.2833739063888788 16508
1648790453911 0.26407854303717615 16558
1648790467658 0.26908832363784313 16608
1648790481955 0.2333521966636181 16658
1648790496053 0.2597637817636132 16708
1648790509964 0.31022947818040847 16758
1648790524578 0.2810714094340801 16808
1648790539554 0.2322704207152128 16858
1648790553607 0.251460882127285 16908
1648790567189 0.31863843895494937 16958
1648790580807 0.21694468431174754 17008
1648790594318 0.2707040782272816 17058
1648790607984 0.25584097385406496 17108
1648790621498 0.22525510668754578 17158
1648790635953 0.2358688759803772 17208
1648790650391 0.2969495741277933 17258
1648790664552 0.2260106798633933 17308
1648790678148 0.2502059259265661 17358
1648790692888 0.29313735030591487 17408
1648790706886 0.2221901900321245 17458
1648790719207 0.2728790234774351 17508
1648790734085 0.24692065957933665 17558
1648790812356 0.24699050650000573 17609
1648790823139 0.25446602709591387 17659
1648790833210 0.22580194242298604 17709
1648790847062 0.28281125269830226 17759
1648790860783 0.24437579594552516 17809
1648790874390 0.21479298673570157 17859
1648790889409 0.2693471481651068 17909
1648790903355 0.22329322930425405 17959
1648790917468 0.2963423486053944 18009
1648790932035 0.25928403846919534 18059
1648790946175 0.29012837648391726 18109
1648790959501 0.266979333460331 18159
1648790973765 0.2148287107050419 18209
1648790988530 0.22933747503906488 18259
1648791002588 0.306179319396615 18309
1648791016319 0.23105807110667229 18359
1648791029839 0.24983146008104085 18409
1648791043579 0.2678934010490775 18459
1648791056875 0.21733541339635848 18509
1648791070877 0.24536689646542073 18559
1648791084967 0.2260470227152109 18609
1648791099589 0.2666273958608508 18659
1648791112920 0.24613493032753467 18709
1648791125796 0.1926758499071002 18759
1648791140181 0.26706273153424265 18809
1648791152948 0.2954422897100449 18859
1648791168357 0.21419198393821717 18909
1648791182373 0.24639581076800823 18959
1648791196705 0.24948144294321536 19009
1648791210448 0.24002870365977289 19059
1648791223006 0.23421722441911696 19109
1648791237920 0.31654194548726083 19159
1648791251215 0.23314462624490262 19209
1648791265331 0.2565079897642136 19259
1648791280294 0.25722897313535215 19309
1648791294000 0.23713927231729032 19359
1648791307720 0.24723942749202252 19409
1648791321250 0.22434025324881077 19459
1648791336045 0.25720651835203173 19509
1648791409981 0.24123635042458771 19560
1648791418416 0.2252612593024969 19610
1648791426004 0.19753679506480692 19660
1648791432901 0.21669310230761765 19710
1648791439591 0.2320790260285139 19760
1648791446279 0.20942171409726143 19810
1648791453003 0.27064651884138585 19860
1648791459788 0.19940430894494057 19910
1648791466555 0.2508826445788145 19960
1648791473351 0.24671700797975063 20010
1648791480155 0.2593071447312832 20060
1648791487021 0.20898686368018388 20110
1648791494390 0.26424046240746973 20160
1648791505650 0.2849682964012027 20210
1648791516271 0.24781358577311038 20260
1648791526537 0.20312876742333175 20310
1648791538178 0.2305239863693714 20360
1648791549967 0.21794364374130965 20410
1648791564450 0.21500405434519052 20460
1648791582056 0.20209805823862553 20510
1648791599961 0.19093844920396805 20560
1648791618153 0.2706616733968258 20610
1648791635805 0.2465417482331395 20660
1648791654166 0.2195607889443636 20710
1648791670839 0.251079818084836 20760
1648791687059 0.2689849332720041 20810
1648791704747 0.25676990251988174 20860
1648791721905 0.23063890978693963 20910
1648791738873 0.2708495909720659 20960
1648791756857 0.24579668536782265 21010
1648791773522 0.2330711483210325 21060
1648791789908 0.21928811077028512 21110
1648791806595 0.2683390925079584 21160
1648791824226 0.2319923349097371 21210
1648791841438 0.270268134996295 21260
1648791859320 0.21178263317793608 21310
1648791877093 0.2290869490802288 21360
1648791894744 0.28291624553501604 21410
1648791910864 0.2906460339203477 21460
1648792005596 0.21364270793274046 21511
1648792020052 0.1949977322667837 21561
1648792032776 0.2009987847134471 21611
1648792048405 0.22609836123883725 21661
1648792062172 0.2421486196666956 21711
1648792075562 0.21223961044102907 21761
1648792089544 0.2524087916314602 21811
1648792103726 0.2848252424970269 21861
1648792118222 0.16967260040342808 21911
1648792131923 0.23498119812458754 21961
1648792144280 0.27692156441509724 22011
1648792155438 0.30388918310403823 22061
1648792166611 0.24149130929261445 22111
1648792177800 0.22038497783243657 22161
1648792189034 0.2106485452130437 22211
1648792199797 0.24960059002041818 22261
1648792210909 0.27023553784936666 22311
1648792221258 0.24130654875189067 22361
1648792233733 0.21423196204006673 22411
1648792248267 0.22620209574699401 22461
1648792262195 0.21451297875493766 22511
1648792276074 0.19883201584219934 22561
1648792289691 0.22673700034618377 22611
1648792304561 0.19785606388002633 22661
1648792318342 0.19525238174945117 22711
1648792332252 0.2547800671681762 22761
1648792346088 0.18491745416074992 22811
1648792359652 0.23302954725921154 22861
1648792373547 0.1895540055260062 22911
1648792386988 0.21174242004752158 22961
1648792400951 0.2229848948121071 23011
1648792414682 0.23499482341110706 23061
1648792429042 0.2554405467957258 23111
1648792443824 0.2608851654082537 23161
1648792458819 0.22578007224947214 23211
1648792472066 0.25449857510626317 23261
1648792486921 0.20189484290778636 23311
1648792500919 0.21262568790465594 23361
1648792515526 0.22152294218540192 23411
