1648785388972 0.18522253431379795 50
1648785401419 0.1768015916645527 100
1648785418860 0.1887577809393406 150
1648785437321 0.19700067684054376 200
1648785455592 0.19229022808372975 250
1648785473783 0.16677233323454857 300
1648785491800 0.16392777144908904 350
1648785509046 0.13327006496489047 400
1648785526523 0.1659924202412367 450
1648785544446 0.17168374136090278 500
1648785562890 0.15378414139151572 550
1648785580951 0.16346049182116984 600
1648785597532 0.1528574602678418 650
1648785613994 0.1524709390103817 700
1648785628411 0.1414799203723669 750
1648785643094 0.14110118933022023 800
1648785657000 0.14400175988674163 850
1648785669981 0.14867033179849387 900
1648785683116 0.14011202979832887 950
1648785697275 0.12151565510779619 1000
1648785711397 0.1327013947069645 1050
1648785725530 0.1207782468944788 1100
1648785739599 0.13115868601948022 1150
1648785753122 0.11471961498260498 1200
1648785766531 0.13119630597531795 1250
1648785780389 0.12797823743894696 1300
1648785794596 0.13033132173120976 1350
1648785807543 0.1293596699461341 1400
1648785820070 0.11604068353772164 1450
1648785833707 0.11773857278749347 1500
1648785847103 0.13401362661272287 1550
1648785860749 0.1479845904186368 1600
1648785874576 0.11540997207164765 1650
1648785888787 0.14198703467845916 1700
1648785901587 0.12357590250670909 1750
1648785915156 0.13240082185715438 1800
1648785928066 0.12338981326669454 1850
1648785940846 0.1195639656484127 1900
1648785954802 0.11847465671598911 1950
1648786030828 0.1274759107455611 2001
1648786040129 0.11690292257815599 2051
1648786054016 0.12450098242610692 2101
1648786067620 0.12675660058856011 2151
1648786082313 0.12937707025557757 2201
1648786095754 0.12818581711500884 2251
1648786109785 0.11364018455147744 2301
1648786124266 0.12913114666938783 2351
1648786138194 0.12161423709243536 2401
1648786152964 0.11900979064404965 2451
1648786167017 0.10739799309521914 2501
1648786180599 0.1154214634001255 2551
1648786193269 0.0959255163744092 2601
1648786207539 0.11498158302158118 2651
1648786221699 0.12738693110644816 2701
1648786235629 0.11345542189665139 2751
1648786249881 0.12432705573737621 2801
1648786263683 0.10927864756435156 2851
1648786276901 0.12344728130847216 2901
1648786291276 0.10663766205310822 2951
1648786304586 0.10801843483000993 3001
1648786317898 0.12615338779985905 3051
1648786331402 0.10609240341931582 3101
1648786345954 0.11833745762705802 3151
1648786360306 0.11151742916554212 3201
1648786372646 0.09975529976189136 3251
1648786386580 0.11604557652026415 3301
1648786400377 0.1274331045895815 3351
1648786414489 0.09849207825958729 3401
1648786428086 0.09915859092026949 3451
1648786441069 0.1151636615395546 3501
1648786454472 0.1175316558033228 3551
1648786468645 0.11425198748707771 3601
1648786480818 0.1137789761275053 3651
1648786494412 0.1013120774924755 3701
1648786508393 0.1133060798048973 3751
1648786522239 0.10803200136870146 3801
1648786536791 0.11091221652925015 3851
1648786551326 0.12137542750686407 3901
1648786626686 0.1291660276800394 3952
1648786634123 0.11982643328607083 4002
1648786645202 0.11346721295267344 4052
1648786659745 0.09030627371743322 4102
1648786671707 0.10296814702451229 4152
1648786684344 0.11484858967363834 4202
1648786698983 0.1034372328594327 4252
1648786711308 0.09740020781755447 4302
1648786725474 0.10461131645366549 4352
1648786739114 0.11340927969664336 4402
1648786753295 0.11366271551698447 4452
1648786768112 0.09454074813053012 4502
1648786782258 0.11296463422477246 4552
1648786797106 0.09701279640197753 4602
1648786809460 0.09257306205108762 4652
1648786823555 0.10103366538882255 4702
1648786836684 0.0893451383896172 4752
1648786850194 0.11943009030073881 4802
1648786864056 0.11613291304558515 4852
1648786877556 0.11406774073839188 4902
1648786892029 0.11306609500199556 4952
1648786906470 0.11143032673746348 5002
1648786919351 0.10764725990593434 5052
1648786933375 0.11957858428359032 5102
1648786947810 0.10239108916372061 5152
1648786962216 0.11455430058762431 5202
1648786975815 0.09830157596617937 5252
1648786989745 0.1019086229428649 5302
1648787003959 0.1041339235752821 5352
1648787017712 0.11704673767089843 5402
1648787031055 0.10348568890243769 5452
1648787044687 0.10148586191236973 5502
1648787059044 0.11015257526189089 5552
1648787072621 0.1051343048736453 5602
1648787086048 0.11187959652394057 5652
1648787100702 0.1298503538966179 5702
1648787114380 0.09222823385149241 5752
1648787128419 0.10497202433645725 5802
1648787141233 0.10307153198868037 5852
1648787219389 0.10529998829588294 5903
1648787229565 0.10302582770586013 5953
1648787237855 0.09253677975386382 6003
1648787247859 0.1037949687615037 6053
1648787263015 0.09184933165088296 6103
1648787276907 0.09864304723218083 6153
1648787289408 0.09555868182331323 6203
1648787303739 0.10992771498858929 6253
1648787317259 0.0860477651283145 6303
1648787330133 0.10536354318261147 6353
1648787344563 0.10686618655920029 6403
1648787357941 0.09335224937647581 6453
1648787373334 0.10565886540338397 6503
1648787387728 0.10845295436680318 6553
1648787401542 0.1120276502892375 6603
1648787414838 0.08475311413407326 6653
1648787427632 0.10227051116526127 6703
1648787440501 0.10949467875063419 6753
1648787453908 0.1083266763202846 6803
1648787467168 0.108070615734905 6853
1648787482087 0.10445754129439593 6903
1648787495762 0.102894542850554 6953
1648787509254 0.1078855026140809 7003
1648787523864 0.10187029100954532 7053
1648787538311 0.1176614709198475 7103
1648787552984 0.0927527617290616 7153
1648787567035 0.12164143340662122 7203
1648787581033 0.11204777777194977 7253
1648787593917 0.09163025982677936 7303
1648787607459 0.08733171315863729 7353
1648787621873 0.09969536025077104 7403
1648787636815 0.10252950264140964 7453
1648787650143 0.10156722769141197 7503
1648787663894 0.09725320003926755 7553
1648787677272 0.09815066698938608 7603
1648787690646 0.10135059837251902 7653
1648787704027 0.10818349938839673 7703
1648787717733 0.09159734241664409 7753
1648787731594 0.08410411819815636 7803
1648787810576 0.09596995290368796 7854
1648787821466 0.08876234299503266 7904
1648787831903 0.11130411319434642 7954
1648787840526 0.09792239913716912 8004
1648787851563 0.08431363962590695 8054
1648787865056 0.09783794244751334 8104
1648787879452 0.09410615868866444 8154
1648787893234 0.10027293145656585 8204
1648787907358 0.10067276511341333 8254
1648787922114 0.1053758160211146 8304
1648787936357 0.092046138048172 8354
1648787950696 0.11295662999153137 8404
1648787963971 0.10144641732797027 8454
1648787978082 0.095841084420681 8504
1648787991831 0.09655788686126471 8554
1648788005961 0.10255006171762943 8604
1648788020571 0.09481610033661127 8654
1648788035257 0.0995518932119012 8704
1648788048858 0.10246535200625657 8754
1648788063730 0.08281397208571434 8804
1648788078321 0.08901767104864121 8854
1648788092613 0.09221502415835857 8904
1648788106020 0.0986022088304162 8954
1648788119464 0.10441190253943206 9004
1648788133271 0.0886519723571837 9054
1648788146859 0.1021436794474721 9104
1648788160949 0.09131669625639915 9154
1648788175138 0.1032498588040471 9204
1648788189253 0.09546659242361784 9254
1648788203254 0.07963522074744106 9304
1648788217863 0.1029205978102982 9354
1648788231800 0.10364818900823593 9404
1648788246589 0.10335028469562531 9454
1648788259839 0.08577642355114222 9504
1648788274508 0.11347626898437739 9554
1648788288041 0.1094610857218504 9604
1648788302184 0.08574515946209431 9654
1648788316046 0.09364942878484726 9704
1648788331151 0.0954569979198277 9754
1648788411120 0.09388496793806553 9805
1648788421545 0.08749738927930593 9855
1648788431316 0.07755398003384471 9905
1648788444113 0.09405864056199789 9955
1648788457881 0.09304653422906994 10005
1648788472379 0.1103590652346611 10055
1648788485868 0.08602162024006248 10105
1648788497947 0.08227744167670607 10155
1648788512026 0.09800796549767256 10205
1648788524573 0.09986179560422898 10255
1648788537922 0.08952024014666676 10305
1648788551512 0.09210335230454803 10355
1648788565021 0.09970190957188606 10405
1648788578411 0.10181223619729281 10455
1648788592603 0.07964516887441278 10505
1648788606028 0.09990918811410665 10555
1648788620833 0.09642222438007593 10605
1648788634792 0.09879143834114075 10655
1648788648851 0.09797445949167014 10705
1648788663393 0.08704696943983435 10755
1648788677707 0.09621573282405733 10805
1648788691351 0.0973740355297923 10855
1648788706180 0.09752261634916067 10905
1648788720523 0.0991908523440361 10955
1648788734044 0.09466206546872855 11005
1648788747707 0.11165328966453672 11055
1648788761944 0.10211637690663337 11105
1648788776295 0.08517473738640546 11155
1648788788995 0.09803657729178666 11205
1648788803127 0.08842815902084113 11255
1648788817626 0.10497619694098831 11305
1648788831653 0.09779878810048104 11355
1648788845985 0.09067276455461978 11405
1648788860143 0.08491441328078508 11455
1648788873690 0.1021624911390245 11505
1648788887676 0.09376268781721592 11555
1648788902745 0.08531488807871938 11605
1648788917740 0.09637262478470802 11655
1648788931491 0.09483629532158375 11705
1648789010640 0.08113403752446174 11756
1648789020486 0.09146456491202117 11806
1648789029182 0.08895015927031637 11856
1648789043350 0.09254616938531399 11906
1648789057228 0.092599614597857 11956
1648789071357 0.08921180717647076 12006
1648789085551 0.08658432878553868 12056
1648789098671 0.09396988062188029 12106
1648789113991 0.09361107550561427 12156
1648789127420 0.10142278520390391 12206
1648789141402 0.09748921390622854 12256
1648789155783 0.09333670699968934 12306
1648789169014 0.0807015679962933 12356
1648789182231 0.07698231240734459 12406
1648789195726 0.0986599787324667 12456
1648789208625 0.09324042245745659 12506
1648789222942 0.09584278497844935 12556
1648789237387 0.09156999550759792 12606
1648789252234 0.07697009729221463 12656
1648789265550 0.09657422296702861 12706
1648789279600 0.10002689568325877 12756
1648789294262 0.06757199255749584 12806
1648789308703 0.10044620992615819 12856
1648789322530 0.10299054589122533 12906
1648789335864 0.10032860247418285 12956
1648789349390 0.08234338963404297 13006
1648789362060 0.08268718857318164 13056
1648789375026 0.09362782191485167 13106
1648789388542 0.09752260483801364 13156
1648789402238 0.09172913752496242 13206
1648789415891 0.09450932737439871 13256
1648789430453 0.09832716576755046 13306
1648789444823 0.1097063492052257 13356
1648789458873 0.08969820484519005 13406
1648789473308 0.08488002134487033 13456
1648789487426 0.09269269298762083 13506
1648789501295 0.09958239953964948 13556
1648789515236 0.08062485694885253 13606
1648789529278 0.08663397315889597 13656
1648789604347 0.07549533313140273 13707
1648789615220 0.0888875056244433 13757
1648789625587 0.0881705705448985 13807
1648789634228 0.08746129797771574 13857
1648789649367 0.076227670237422 13907
1648789663666 0.07946262259036302 13957
1648789677484 0.07720947608351708 14007
1648789690663 0.0878080198355019 14057
1648789704976 0.0970179362501949 14107
1648789719240 0.09037988839671016 14157
1648789732561 0.08910300331190228 14207
1648789746467 0.09594989821314812 14257
1648789760453 0.08447332425042987 14307
1648789774631 0.07830850644037128 14357
1648789789170 0.08562820997089148 14407
1648789803470 0.10527033337391913 14457
1648789817137 0.09062109449878335 14507
1648789830594 0.09645604331046342 14557
1648789844343 0.09665953505784274 14607
1648789858648 0.08868290569633246 14657
1648789872147 0.08482632061466575 14707
1648789886227 0.08401068529114127 14757
1648789901472 0.0874793523736298 14807
1648789915536 0.09140974216163159 14857
1648789929761 0.08591222804039716 14907
1648789943689 0.081737997867167 14957
1648789957647 0.09666323464363813 15007
1648789972403 0.07925998667255044 15057
1648789985137 0.0989865092933178 15107
1648790000075 0.08612022694200278 15157
1648790014405 0.10056168261915445 15207
1648790028127 0.09388123167678714 15257
1648790042942 0.08524936059489846 15307
1648790056897 0.09528222694993019 15357
1648790070735 0.10758642556145787 15407
1648790085584 0.08052674774080515 15457
1648790099379 0.08988583106547594 15507
1648790112462 0.09767682652920484 15557
1648790126508 0.08922517262399196 15607
1648790207116 0.08179307929240168 15658
1648790217878 0.08271685767918825 15708
1648790228524 0.07539332201704382 15758
1648790238894 0.06628057282418012 15808
1648790252675 0.07456837045028805 15858
1648790267070 0.08358857246115804 15908
1648790279947 0.07421256570145487 15958
1648790293934 0.07761705568060279 16008
1648790308647 0.07532504916191102 16058
1648790324009 0.0797098440863192 16108
1648790339035 0.08660248892381787 16158
1648790353496 0.0801358500123024 16208
1648790367866 0.07283175842836499 16258
1648790382552 0.08604873402044177 16308
1648790396186 0.0839440656080842 16358
1648790410400 0.07834333147853613 16408
1648790425483 0.07230822478421033 16458
1648790439269 0.08420470787212253 16508
1648790453911 0.0816688705701381 16558
1648790467658 0.07886884557083249 16608
1648790481955 0.06457897217944264 16658
1648790496053 0.07445370454341173 16708
1648790509964 0.08494545184075833 16758
1648790524578 0.08304412951692938 16808
1648790539554 0.0641258854791522 16858
1648790553607 0.0684990693256259 16908
1648790567189 0.09250594570301474 16958
1648790580807 0.06517866622656583 17008
1648790594318 0.07743470979854465 17058
1648790607984 0.07127074105665088 17108
1648790621498 0.0651020348444581 17158
1648790635953 0.06740567876957357 17208
1648790650391 0.07785788567736746 17258
1648790664552 0.06316603656858205 17308
1648790678148 0.07139604358002544 17358
1648790692888 0.08248093923553824 17408
1648790706886 0.06656149061396718 17458
1648790719207 0.07354636024683714 17508
1648790734085 0.07277870086021722 17558
1648790812356 0.0692528616450727 17609
1648790823139 0.07170180976390839 17659
1648790833210 0.06507253663614393 17709
1648790847062 0.08576289799064397 17759
1648790860783 0.07134120548143982 17809
1648790874390 0.06607091629877687 17859
1648790889409 0.07593168830499053 17909
1648790903355 0.06358192110434174 17959
1648790917468 0.08173243355937303 18009
1648790932035 0.07477338962256909 18059
1648790946175 0.08657150652259588 18109
1648790959501 0.07650374972261488 18159
1648790973765 0.06443338674493133 18209
1648790988530 0.06679280104115605 18259
1648791002588 0.08544503358192741 18309
1648791016319 0.06874679822474718 18359
1648791029839 0.07296922082081438 18409
1648791043579 0.07422187736257911 18459
1648791056875 0.06012228772044182 18509
1648791070877 0.07248905204236507 18559
1648791084967 0.06800520366057754 18609
1648791099589 0.07936142588034273 18659
1648791112920 0.07163394104689359 18709
1648791125796 0.06076567761600018 18759
1648791140181 0.0735961251705885 18809
1648791152948 0.08021069089882076 18859
1648791168357 0.0634318050649017 18909
1648791182373 0.07322711401619017 18959
1648791196705 0.06999041683040559 19009
1648791210448 0.07275468699634074 19059
1648791223006 0.06863943411968648 19109
1648791237920 0.08631447277963161 19159
1648791251215 0.06610585037618875 19209
1648791265331 0.07409218464046717 19259
1648791280294 0.06851353168487549 19309
1648791294000 0.07139192368835211 19359
1648791307720 0.07244974104687571 19409
1648791321250 0.06808144088834524 19459
1648791336045 0.07421169327571989 19509
1648791409981 0.07337919740006328 19560
1648791418416 0.06576188096776604 19610
1648791426004 0.05578949648886919 19660
1648791432901 0.06630576812662184 19710
1648791439591 0.07042013850063085 19760
1648791446279 0.05817024402786046 19810
1648791453003 0.07478770742192864 19860
1648791459788 0.05900965706445277 19910
1648791466555 0.07272669957950711 19960
1648791473351 0.06817366112023591 20010
1648791480155 0.07448971513658761 20060
1648791487021 0.06418523118831217 20110
1648791494390 0.0740636033564806 20160
1648791505650 0.08170145735144616 20210
1648791516271 0.07256468677893281 20260
1648791526537 0.06352547964081168 20310
1648791538178 0.06567212963476778 20360
1648791549967 0.06884001372382045 20410
1648791564450 0.06619918773882091 20460
1648791582056 0.061053332164883616 20510
1648791599961 0.057735454812645914 20560
1648791618153 0.07919857252389192 20610
1648791635805 0.07364106194116175 20660
1648791654166 0.06756800282746553 20710
1648791670839 0.07455184046179056 20760
1648791687059 0.07233716005459428 20810
1648791704747 0.07465861953794956 20860
1648791721905 0.0722763866558671 20910
1648791738873 0.08089248871430754 20960
1648791756857 0.07370954856276513 21010
1648791773522 0.06889896497130393 21060
1648791789908 0.0711514791380614 21110
1648791806595 0.07783222852274775 21160
1648791824226 0.07074111649766564 21210
1648791841438 0.07894175831228495 21260
1648791859320 0.06405125139281154 21310
1648791877093 0.06875830829143524 21360
1648791894744 0.07213695290498436 21410
1648791910864 0.08054193924181163 21460
1648792005596 0.06301633141003549 21511
1648792020052 0.05392211277969181 21561
1648792032776 0.061366872815415266 21611
1648792048405 0.07042677940800786 21661
1648792062172 0.06643578338436783 21711
1648792075562 0.06344096123240889 21761
1648792089544 0.07106249189935625 21811
1648792103726 0.07539809228852391 21861
1648792118222 0.051357497200369834 21911
1648792131923 0.06371491378173232 21961
1648792144280 0.07860803380608558 22011
1648792155438 0.08334515088237822 22061
1648792166611 0.07188896815292538 22111
1648792177800 0.0704482732899487 22161
1648792189034 0.05803136725910008 22211
1648792199797 0.07467792875133455 22261
1648792210909 0.07890697967261076 22311
1648792221258 0.06805648611858488 22361
1648792233733 0.06643481636419893 22411
1648792248267 0.06755954563617707 22461
1648792262195 0.06772302709519863 22511
1648792276074 0.06165078152436763 22561
1648792289691 0.07356206307187677 22611
1648792304561 0.06373672693967819 22661
1648792318342 0.06054463190957904 22711
1648792332252 0.07688698175363243 22761
1648792346088 0.056967131579294804 22811
1648792359652 0.07192822778597474 22861
1648792373547 0.06027680056169629 22911
1648792386988 0.05960445472970605 22961
1648792400951 0.06701390543486924 23011
1648792414682 0.06909862834960222 23061
1648792429042 0.07626103655435144 23111
1648792443824 0.07535352291539311 23161
1648792458819 0.0698242206685245 23211
1648792472066 0.07012989295646549 23261
1648792486921 0.06120551954954863 23311
1648792500919 0.06272178420796991 23361
1648792515526 0.06785037005320191 23411
