1648785388972 0.054336902042850854 50
1648785401419 0.04529556287452578 100
1648785418860 0.05725053533911705 150
1648785437321 0.06650602864101529 200
1648785455592 0.08243034899234772 250
1648785473783 0.06408696826547385 300
1648785491800 0.07139169415459037 350
1648785509046 0.06288428533822298 400
1648785526523 0.0765697895316407 450
1648785544446 0.10289986933494219 500
1648785562890 0.07874653499864508 550
1648785580951 0.09523708358407021 600
1648785597532 0.08966362988576293 650
1648785613994 0.08700423136353493 700
1648785628411 0.09806014030240476 750
1648785643094 0.08975875252857804 800
1648785657000 0.08787998237647116 850
1648785669981 0.08261481937021017 900
1648785683116 0.06329186554998159 950
1648785697275 0.07299812024459243 1000
1648785711397 0.08145865105092526 1050
1648785725530 0.07288027280010283 1100
1648785739599 0.08200149655342102 1150
1648785753122 0.07126331901177764 1200
1648785766531 0.08579069493338466 1250
1648785780389 0.07706071879714728 1300
1648785794596 0.0875357217900455 1350
1648785807543 0.08323203723877669 1400
1648785820070 0.06994312942028046 1450
1648785833707 0.08267217453569174 1500
1648785847103 0.09805026561021805 1550
1648785860749 0.10791468298062683 1600
1648785874576 0.07561861699447035 1650
1648785888787 0.0880952013656497 1700
1648785901587 0.07324421812780202 1750
1648785915156 0.10380294719710946 1800
1648785928066 0.09484991401433945 1850
1648785940846 0.0709399464726448 1900
1648785954802 0.07590840874239803 1950
1648786030828 0.09576299550011753 2001
1648786040129 0.08128369321115315 2051
1648786054016 0.08515138706192374 2101
1648786067620 0.09072446582838893 2151
1648786082313 0.08745729258283973 2201
1648786095754 0.09135525846853852 2251
1648786109785 0.08704702476039529 2301
1648786124266 0.09640552191063761 2351
1648786138194 0.0875955200381577 2401
1648786152964 0.09156463395804167 2451
1648786167017 0.07737545421347022 2501
1648786180599 0.09022063905373216 2551
1648786193269 0.06619251646101475 2601
1648786207539 0.08587693782523274 2651
1648786221699 0.07769952116534114 2701
1648786235629 0.07228292649611831 2751
1648786249881 0.0893175114132464 2801
1648786263683 0.08592895640060305 2851
1648786276901 0.09126197466626763 2901
1648786291276 0.07848830727860331 2951
1648786304586 0.07701503056101501 3001
1648786317898 0.09498692907392979 3051
1648786331402 0.06689949234947562 3101
1648786345954 0.07607043161988258 3151
1648786360306 0.08269178256392479 3201
1648786372646 0.07942317506298423 3251
1648786386580 0.08562447007745505 3301
1648786400377 0.09155112937092781 3351
1648786414489 0.0677022575866431 3401
1648786428086 0.05828110010363161 3451
1648786441069 0.07421615164726973 3501
1648786454472 0.07258069489151239 3551
1648786468645 0.07782751619815827 3601
1648786480818 0.07049861013889312 3651
1648786494412 0.06414828491397202 3701
1648786508393 0.06872985841706396 3751
1648786522239 0.06681534266099334 3801
1648786536791 0.07838712207041681 3851
1648786551326 0.0907399420440197 3901
1648786626686 0.09148123720660806 3952
1648786634123 0.07474402667023242 4002
1648786645202 0.06726591043174267 4052
1648786659745 0.05564118199050427 4102
1648786671707 0.07892555417492986 4152
1648786684344 0.08048311876133084 4202
1648786698983 0.08069327007979155 4252
1648786711308 0.07588977545499802 4302
1648786725474 0.0658425335586071 4352
1648786739114 0.08730334309861064 4402
1648786753295 0.08731200380250811 4452
1648786768112 0.06424641324207186 4502
1648786782258 0.0696428785007447 4552
1648786797106 0.06148219731636345 4602
1648786809460 0.05893138249404729 4652
1648786823555 0.07311854908242822 4702
1648786836684 0.06405911349691451 4752
1648786850194 0.09259943705052137 4802
1648786864056 0.08190460117533803 4852
1648786877556 0.0813808414991945 4902
1648786892029 0.08820158549584449 4952
1648786906470 0.08024996113032103 5002
1648786919351 0.07078650647774339 5052
1648786933375 0.0987607148475945 5102
1648786947810 0.061994427293539045 5152
1648786962216 0.09116979956626892 5202
1648786975815 0.07062210530042648 5252
1648786989745 0.06969064461067319 5302
1648787003959 0.07958892123308033 5352
1648787017712 0.07677790850400924 5402
1648787031055 0.07267693985253572 5452
1648787044687 0.07090019655413926 5502
1648787059044 0.09147184419445693 5552
1648787072621 0.07210113038308918 5602
1648787086048 0.07476804239209742 5652
1648787100702 0.09136932281777263 5702
1648787114380 0.06778463585302234 5752
1648787128419 0.06984313569031655 5802
1648787141233 0.06977739640511572 5852
1648787219389 0.08276676028966903 5903
1648787229565 0.08279451352544129 5953
1648787237855 0.060516893630847335 6003
1648787247859 0.0748637976218015 6053
1648787263015 0.0666295135486871 6103
1648787276907 0.06367463897913694 6153
1648787289408 0.06563437338918447 6203
1648787303739 0.07969601788558066 6253
1648787317259 0.05945939416997135 6303
1648787330133 0.0800554612511769 6353
1648787344563 0.07869367153383791 6403
1648787357941 0.06676033956930041 6453
1648787373334 0.0726861154846847 6503
1648787387728 0.07871789945289492 6553
1648787401542 0.07995636649429798 6603
1648787414838 0.06094071357510984 6653
1648787427632 0.07170741871930658 6703
1648787440501 0.08500348106957972 6753
1648787453908 0.07768678380176425 6803
1648787467168 0.08528991695027799 6853
1648787482087 0.07771337634883821 6903
1648787495762 0.06643729059956968 6953
1648787509254 0.08096331850625575 7003
1648787523864 0.07491461375728249 7053
1648787538311 0.08495640468783677 7103
1648787552984 0.06332022414542735 7153
1648787567035 0.08829168880358339 7203
1648787581033 0.08741123957559466 7253
1648787593917 0.06099042334593832 7303
1648787607459 0.0603244074061513 7353
1648787621873 0.08346010773442686 7403
1648787636815 0.07786693104542791 7453
1648787650143 0.07055340060964227 7503
1648787663894 0.07254181108437478 7553
1648787677272 0.06988984615541995 7603
1648787690646 0.07616092617623509 7653
1648787704027 0.07435420396272092 7703
1648787717733 0.06747738547623157 7753
1648787731594 0.06224576176144183 7803
1648787810576 0.07321621397510171 7854
1648787821466 0.06554117335006594 7904
1648787831903 0.07945630757138133 7954
1648787840526 0.06213378647342324 8004
1648787851563 0.05971477134153247 8054
1648787865056 0.07352225697599352 8104
1648787879452 0.07446281474083662 8154
1648787893234 0.06754470596089959 8204
1648787907358 0.08390099259093403 8254
1648787922114 0.08563657272141427 8304
1648787936357 0.06361869970336556 8354
1648787950696 0.08507497139275073 8404
1648787963971 0.0831386256031692 8454
1648787978082 0.060674023777246476 8504
1648787991831 0.07311133370734751 8554
1648788005961 0.07697018464095891 8604
1648788020571 0.07096967112272978 8654
1648788035257 0.07848213668912649 8704
1648788048858 0.07531351253390312 8754
1648788063730 0.05351396353915334 8804
1648788078321 0.06758158257231116 8854
1648788092613 0.061807965515181425 8904
1648788106020 0.06499216018244625 8954
1648788119464 0.08585397014394403 9004
1648788133271 0.07877117273397743 9054
1648788146859 0.07760665288195014 9104
1648788160949 0.07232266958802938 9154
1648788175138 0.0685897641023621 9204
1648788189253 0.0653173771686852 9254
1648788203254 0.06374808295629919 9304
1648788217863 0.0819610752351582 9354
1648788231800 0.08530383393168449 9404
1648788246589 0.07526639224030078 9454
1648788259839 0.06165462978184223 9504
1648788274508 0.08572694106027484 9554
1648788288041 0.0794803561270237 9604
1648788302184 0.05983266979455948 9654
1648788316046 0.07300353166647255 9704
1648788331151 0.06629107655026019 9754
1648788411120 0.07217259079217911 9805
1648788421545 0.06856000224128365 9855
1648788431316 0.06635242112912237 9905
1648788444113 0.07423113628290594 9955
1648788457881 0.06578461557626725 10005
1648788472379 0.08101409815251827 10055
1648788485868 0.05703140866942704 10105
1648788497947 0.05291054734028876 10155
1648788512026 0.06786494418047369 10205
1648788524573 0.07623269801959395 10255
1648788537922 0.06371680739335715 10305
1648788551512 0.06040292963385582 10355
1648788565021 0.06950105655938386 10405
1648788578411 0.06729684079065919 10455
1648788592603 0.06147597863338888 10505
1648788606028 0.08936051507480443 10555
1648788620833 0.08456583489663899 10605
1648788634792 0.07252729187719524 10655
1648788648851 0.06619193594902754 10705
1648788663393 0.06634657023940235 10755
1648788677707 0.05896486453246325 10805
1648788691351 0.07126784492284059 10855
1648788706180 0.07739980245009065 10905
1648788720523 0.07575922111049295 10955
1648788734044 0.07548477950505912 11005
1648788747707 0.0977361729182303 11055
1648788761944 0.06883463478647173 11105
1648788776295 0.06631926109082997 11155
1648788788995 0.07434446816332638 11205
1648788803127 0.05644425776787102 11255
1648788817626 0.08796433470211923 11305
1648788831653 0.06884805459529161 11355
1648788845985 0.058422870598733426 11405
1648788860143 0.06386791742406786 11455
1648788873690 0.0705964617151767 11505
1648788887676 0.07685584138147533 11555
1648788902745 0.06456681014969945 11605
1648788917740 0.06741181512363255 11655
1648788931491 0.07341492976062 11705
1648789010640 0.06906502404250205 11756
1648789020486 0.0711942809028551 11806
1648789029182 0.07542283112183214 11856
1648789043350 0.06999258298426866 11906
1648789057228 0.08973389657214284 11956
1648789071357 0.07953222246840597 12006
1648789085551 0.0596852094354108 12056
1648789098671 0.07669129716232419 12106
1648789113991 0.06641966266557574 12156
1648789127420 0.06494871728122234 12206
1648789141402 0.07983843854628503 12256
1648789155783 0.06592981912195682 12306
1648789169014 0.0609357376024127 12356
1648789182231 0.05211978018283844 12406
1648789195726 0.08519269796553999 12456
1648789208625 0.06967266039922833 12506
1648789222942 0.07129541701637208 12556
1648789237387 0.0634988843370229 12606
1648789252234 0.05674913577735424 12656
1648789265550 0.07478565972298384 12706
1648789279600 0.08076410585083067 12756
1648789294262 0.03861778330057859 12806
1648789308703 0.07616222159937024 12856
1648789322530 0.07920053478563205 12906
1648789335864 0.07113752738572657 12956
1648789349390 0.06938772668130695 13006
1648789362060 0.056110684890300036 13056
1648789375026 0.07228038487955928 13106
1648789388542 0.07200645647011697 13156
1648789402238 0.07523251742124558 13206
1648789415891 0.06899864953476936 13256
1648789430453 0.07943025775253773 13306
1648789444823 0.07345941836945713 13356
1648789458873 0.06005048300139606 13406
1648789473308 0.05654268047772348 13456
1648789487426 0.05671103045810014 13506
1648789501295 0.060723540978506206 13556
1648789515236 0.06273134985007346 13606
1648789529278 0.06372481293976306 13656
1648789604347 0.05077888172119856 13707
1648789615220 0.08038836970925331 13757
1648789625587 0.0799828386027366 13807
1648789634228 0.06969898261129856 13857
1648789649367 0.05687098856084049 13907
1648789663666 0.061317491820082067 13957
1648789677484 0.0645480416342616 14007
1648789690663 0.06753590778447688 14057
1648789704976 0.07128576496616006 14107
1648789719240 0.06468328226357699 14157
1648789732561 0.07249331681989134 14207
1648789746467 0.06934181199409067 14257
1648789760453 0.054850478563457726 14307
1648789774631 0.057834968236275014 14357
1648789789170 0.06428867830894887 14407
1648789803470 0.08233172224834562 14457
1648789817137 0.08196804157458246 14507
1648789830594 0.07284657179377974 14557
1648789844343 0.06800733849406243 14607
1648789858648 0.05618858923204243 14657
1648789872147 0.058174423221498725 14707
1648789886227 0.058440080415457486 14757
1648789901472 0.06530446876771748 14807
1648789915536 0.055094543006271125 14857
1648789929761 0.06532409560400992 14907
1648789943689 0.0573960084002465 14957
1648789957647 0.07162009905092419 15007
1648789972403 0.06402408342808485 15057
1648789985137 0.06737289914861322 15107
1648790000075 0.06569393463432789 15157
1648790014405 0.08045338501222432 15207
1648790028127 0.06832315202802419 15257
1648790042942 0.059350174851715565 15307
1648790056897 0.06478632738813758 15357
1648790070735 0.08194893058389426 15407
1648790085584 0.06819741557817906 15457
1648790099379 0.05790473255328834 15507
1648790112462 0.08773227162659168 15557
1648790126508 0.06561336572282016 15607
1648790207116 0.05852972269058228 15658
1648790217878 0.07045475577935577 15708
1648790228524 0.0539494781428948 15758
1648790238894 0.051380965774878856 15808
1648790252675 0.06385568298399448 15858
1648790267070 0.06779102221131325 15908
1648790279947 0.05937990336678922 15958
1648790293934 0.05864842350129038 16008
1648790308647 0.07141772590577602 16058
1648790324009 0.06370781857520341 16108
1648790339035 0.07021954917348922 16158
1648790353496 0.06471089582890271 16208
1648790367866 0.06016870181076229 16258
1648790382552 0.07492234508041293 16308
1648790396186 0.0648419940378517 16358
1648790410400 0.05386412688530982 16408
1648790425483 0.059110173187218604 16458
1648790439269 0.06522017363458872 16508
1648790453911 0.05956945612560958 16558
1648790467658 0.06247849074192345 16608
1648790481955 0.05428086729720235 16658
1648790496053 0.059237754223868254 16708
1648790509964 0.07581239016260952 16758
1648790524578 0.06732094128616155 16808
1648790539554 0.05544637623243034 16858
1648790553607 0.05824887678027153 16908
1648790567189 0.07344000794924796 16958
1648790580807 0.044489653492346404 17008
1648790594318 0.06479021821636706 17058
1648790607984 0.05903159630484879 17108
1648790621498 0.05049795746803284 17158
1648790635953 0.055731182591989635 17208
1648790650391 0.06774907341459765 17258
1648790664552 0.05190134165808558 17308
1648790678148 0.05956459610722959 17358
1648790692888 0.06963332576677203 17408
1648790706886 0.046942207273095844 17458
1648790719207 0.07024773429613561 17508
1648790734085 0.051288471543230116 17558
1648790812356 0.05875246916431934 17609
1648790823139 0.05902297901920974 17659
1648790833210 0.04953644907800481 17709
1648790847062 0.06309136207215488 17759
1648790860783 0.0562785988394171 17809
1648790874390 0.048994109644554557 17859
1648790889409 0.06478268198668957 17909
1648790903355 0.050755536542274056 17959
1648790917468 0.06934894207865 18009
1648790932035 0.0576029799412936 18059
1648790946175 0.0704018776677549 18109
1648790959501 0.05917718281969428 18159
1648790973765 0.05115446303971112 18209
1648790988530 0.0558852362819016 18259
1648791002588 0.07473005165345967 18309
1648791016319 0.053273735283873976 18359
1648791029839 0.05684787233360112 18409
1648791043579 0.0655928256828338 18459
1648791056875 0.05058577860705554 18509
1648791070877 0.05765594198834151 18559
1648791084967 0.051256970800459385 18609
1648791099589 0.060912515055388215 18659
1648791112920 0.0578177031967789 18709
1648791125796 0.04203863892238587 18759
1648791140181 0.06196961184032261 18809
1648791152948 0.07041769658215344 18859
1648791168357 0.04971862158505246 18909
1648791182373 0.05604026956949383 18959
1648791196705 0.05565522328019142 19009
1648791210448 0.05594927988015115 19059
1648791223006 0.05606628266628832 19109
1648791237920 0.07972839895170182 19159
1648791251215 0.056569470162503424 19209
1648791265331 0.06327109475620091 19259
1648791280294 0.06261568280402571 19309
1648791294000 0.05843253126367927 19359
1648791307720 0.05851467582397163 19409
1648791321250 0.05195549284806475 19459
1648791336045 0.06466829807497561 19509
1648791409981 0.05659426322672516 19560
1648791418416 0.053903374976944175 19610
1648791426004 0.04615246221423149 19660
1648791432901 0.05428331419127062 19710
1648791439591 0.05530951550928876 19760
1648791446279 0.048453077836893496 19810
1648791453003 0.0676361069548875 19860
1648791459788 0.047712565157562496 19910
1648791466555 0.06027820682153106 19960
1648791473351 0.058196001686155796 20010
1648791480155 0.06599355980753899 20060
1648791487021 0.04925821766257286 20110
1648791494390 0.06474305236712098 20160
1648791505650 0.06800505290739238 20210
1648791516271 0.06048228379804641 20260
1648791526537 0.045508682075887916 20310
1648791538178 0.053570331460796296 20360
1648791549967 0.05381045789923519 20410
1648791564450 0.05029855026397854 20460
1648791582056 0.04618599390611053 20510
1648791599961 0.04312527540139854 20560
1648791618153 0.07222102880477906 20610
1648791635805 0.05665637545287609 20660
1648791654166 0.04789227904751897 20710
1648791670839 0.058875866928137836 20760
1648791687059 0.06550530139356851 20810
1648791704747 0.061394815342500804 20860
1648791721905 0.05526626664679497 20910
1648791738873 0.06739233845379204 20960
1648791756857 0.059535387186333534 21010
1648791773522 0.05789801099104807 21060
1648791789908 0.048601234215311706 21110
1648791806595 0.06501795846503228 21160
1648791824226 0.05390379620715976 21210
1648791841438 0.06772013797890394 21260
1648791859320 0.050905482568778096 21310
1648791877093 0.051713471747934815 21360
1648791894744 0.0690615104790777 21410
1648791910864 0.07395496304146945 21460
1648792005596 0.05418426220305264 21511
1648792020052 0.05140876482706517 21561
1648792032776 0.04692715482786298 21611
1648792048405 0.055875179492868486 21661
1648792062172 0.06173749474459328 21711
1648792075562 0.049529727979097514 21761
1648792089544 0.0646492446679622 21811
1648792103726 0.07802712328732014 21861
1648792118222 0.03942231598543003 21911
1648792131923 0.06062171232886612 21961
1648792144280 0.06526213982142508 22011
1648792155438 0.07825484695378691 22061
1648792166611 0.05929598896764219 22111
1648792177800 0.05254032955504954 22161
1648792189034 0.05145469275303185 22211
1648792199797 0.060770288798958065 22261
1648792210909 0.06823512764647603 22311
1648792221258 0.06422390810679644 22361
1648792233733 0.05411184603348374 22411
1648792248267 0.0545974325761199 22461
1648792262195 0.05189154188148677 22511
1648792276074 0.04961419666651636 22561
1648792289691 0.05400111255701631 22611
1648792304561 0.04801221247529611 22661
1648792318342 0.04699140875833109 22711
1648792332252 0.05828131569549441 22761
1648792346088 0.045412489452864975 22811
1648792359652 0.05960866860114038 22861
1648792373547 0.041444274163804945 22911
1648792386988 0.049418838173151014 22961
1648792400951 0.052400688948109744 23011
1648792414682 0.055221481812186536 23061
1648792429042 0.0574911817535758 23111
1648792443824 0.06444076590240001 23161
1648792458819 0.051957064298912885 23211
1648792472066 0.06243819798575714 23261
1648792486921 0.04828693307936192 23311
1648792500919 0.0508223405526951 23361
1648792515526 0.050380682358518246 23411
