1649156470209 3.095810649394989 50
1649156516506 0.9974874496459961 100
1649156561642 0.8432032477855682 150
1649156607129 0.7014317455887794 200
1649156652468 0.6835721331834793 250
1649156697573 0.7924431458115577 300
1649156742910 0.6038958403468132 350
1649156788102 0.5965233436226844 400
1649156833746 0.7559866118431091 450
1649156879153 0.8567546227574349 500
1649156925655 0.76743372797966 550
1649156964155 0.7098753011226654 600
1649156989730 0.8344336667656899 650
1649157014567 0.8972232341766357 700
1649157039285 0.9903827625513076 750
1649157064312 0.8406025376915932 800
1649157089472 1.013733183145523 850
1649157114629 0.7916520327329636 900
1649157139521 0.7783221352100372 950
1649157164326 0.962223325073719 1000
1649157189729 0.7693237817287445 1050
1649157214703 0.7629832458496094 1100
1649157239819 0.8171530270576477 1150
1649157265195 0.9598299050331116 1200
1649157290406 0.9247697427868843 1250
1649157315826 1.0739389741420746 1300
1649157340795 0.8672154125571251 1350
1649157365875 0.9225187548995017 1400
1649157391271 0.7986567196249962 1450
1649157416685 0.930182580947876 1500
1649157441922 1.0168822741508483 1550
1649157467406 0.9061485198140145 1600
1649157493068 0.8126623106002807 1650
1649157518364 0.9147603964805603 1700
1649157543312 0.9395950257778167 1750
1649157568502 0.7972563862800598 1800
1649157593887 0.8711636766791344 1850
1649157619418 0.900444073677063 1900
1649157644710 0.9148457884788513 1950
1649157770232 0.7233097261190414 2003
1649157795184 0.8393363836407661 2053
1649157819988 0.8677963444590568 2103
1649157845288 0.9161844542622566 2153
1649157870801 0.9232027769088745 2203
1649157895729 0.8239829486608505 2253
1649157921019 0.964915634393692 2303
1649157945913 0.6861278602480888 2353
1649157970648 0.8824361115694046 2403
1649157996006 0.8173473316431046 2453
1649158020866 0.8441501581668853 2503
1649158045715 0.8017632508277893 2553
1649158070537 0.8820484492182732 2603
1649158095855 0.8551585686206817 2653
1649158120758 0.9734747278690338 2703
1649158145281 0.7374214372038841 2753
1649158170276 0.9332862158119678 2803
1649158195268 0.9179953563213349 2853
1649158220303 1.0581538653373719 2903
1649158245644 0.8272730156779289 2953
1649158270807 0.8600039413571358 3003
1649158295785 0.717317056953907 3053
1649158320824 0.842568596303463 3103
1649158346288 0.7652791929244995 3153
1649158371252 0.785453208386898 3203
1649158396143 0.9234058883786201 3253
1649158420923 0.8089514544606209 3303
1649158445943 0.834452600479126 3353
1649158471462 0.8260000371932983 3403
1649158496756 0.9196009832620621 3453
1649158521809 0.9042304560542107 3503
1649158547009 0.8239353001117706 3553
1649158572004 0.7490432289242744 3603
1649158597313 0.8489044517278671 3653
1649158622428 0.776995242536068 3703
1649158647224 0.7398464885354042 3753
1649158672263 0.7737149119377136 3803
1649158697246 0.896256186068058 3853
1649158722973 0.8110623002052307 3903
1649158850331 0.7662923410534859 3956
1649158875294 0.7277332696318627 4006
1649158900304 0.8384014922380447 4056
1649158925237 0.7474643039703369 4106
1649158950021 0.8306850874423981 4156
1649158975276 0.8272179114818573 4206
1649159000296 0.7315392373502254 4256
1649159025093 0.7559767839312553 4306
1649159050305 0.8500284898281097 4356
1649159074928 0.8579900804162025 4406
1649159100026 0.7427014556527137 4456
1649159124802 0.8650178641080857 4506
1649159149848 0.8668180979788304 4556
1649159175296 0.890678284317255 4606
1649159200704 0.7798319166898727 4656
1649159225737 0.7393499162793159 4706
1649159251026 0.7679647907614708 4756
1649159276034 0.8603085890412331 4806
1649159300725 0.7592973601818085 4856
1649159325768 0.7130594304203988 4906
1649159351025 0.690643193423748 4956
1649159376266 0.8222558431327343 5006
1649159401337 0.7700241446495056 5056
1649159426437 0.8701890349388123 5106
1649159451682 0.8593577682971955 5156
1649159476734 0.7105695819854736 5206
1649159501926 0.7265514853596687 5256
1649159526800 0.9062511992454528 5306
1649159551691 0.7099735639989376 5356
1649159576790 0.7519179823994636 5406
1649159601757 0.7578839626908302 5456
1649159626744 0.7760881546139717 5506
1649159651761 0.7696166396141052 5556
1649159677006 0.7508766776323319 5606
1649159702333 0.7769367633759976 5656
1649159727329 0.7227981096506119 5706
1649159752896 0.9550403833389283 5756
1649159777628 0.8539741054177284 5806
1649159802997 0.7781645998358726 5856
1649159925662 0.9264604911208153 5909
1649159950820 0.6785040569305419 5959
1649159975725 0.815375698208809 6009
1649160000618 0.67899837911129 6059
1649160025401 0.7537835049629211 6109
1649160050166 0.6850706045329571 6159
1649160075287 0.7648045770823956 6209
1649160100257 0.7321756818890571 6259
1649160125326 0.7053657549619675 6309
1649160150334 0.6523252351582051 6359
1649160175308 0.7420581674575806 6409
1649160200475 0.7164561392366886 6459
1649160225267 0.749038454592228 6509
1649160250241 0.7619861736893654 6559
1649160275533 0.7741463819146156 6609
1649160300812 0.6362342768907547 6659
1649160325935 0.5708711397647858 6709
1649160351018 0.7359800899028778 6759
1649160375950 0.7426115864515305 6809
1649160400778 0.7122274394333362 6859
1649160426240 0.8318644481897354 6909
1649160451648 0.7290162134170532 6959
1649160476327 0.7735095855593681 7009
1649160501835 0.7136151565611363 7059
1649160527014 0.7745406349003315 7109
1649160552151 0.7724225699901581 7159
1649160577186 0.8271437737345696 7209
1649160602212 0.5969904878735542 7259
1649160627399 0.7607209116220475 7309
1649160652392 0.7951506865024567 7359
1649160677775 0.8416259129345417 7409
1649160703746 0.705311685949564 7459
1649160728554 0.823051495552063 7509
1649160753457 0.7025946339964867 7559
1649160778783 0.7629693856835366 7609
1649160804504 0.9764189802110195 7659
1649160829666 0.7610584619641304 7709
1649160854505 0.868139732927084 7759
1649160879388 0.728900086581707 7809
1649161003411 0.7683379493653775 7862
1649161028929 0.7460582929849625 7912
1649161054293 0.6834366042912007 7962
1649161080067 0.6371001732349396 8012
1649161104995 0.691271393597126 8062
1649161130433 0.742754430770874 8112
1649161155226 0.7396000301837922 8162
1649161180253 0.6752064079046249 8212
1649161204909 0.670322974473238 8262
1649161229951 0.6799136221408844 8312
1649161254772 0.633838851749897 8362
1649161279745 0.7298995791375638 8412
1649161304846 0.6835421493649483 8462
1649161330331 0.780472891330719 8512
1649161355202 0.7614793755114079 8562
1649161380237 0.722186966240406 8612
1649161405547 0.667751447558403 8662
1649161430903 0.6571075560152531 8712
1649161455890 0.7250308009982109 8762
1649161480978 0.6587064953148365 8812
1649161506201 0.7713952580094338 8862
1649161531476 0.7187160819768905 8912
1649161557327 0.6727977384626865 8962
1649161582255 0.7807140389084816 9012
1649161606985 0.7233102115988731 9062
1649161632401 0.7549391840398312 9112
1649161657820 0.731096630692482 9162
1649161683561 0.7336070697009563 9212
1649161708312 0.7098646931350231 9262
1649161733725 0.7587528192996978 9312
1649161758902 0.6681933465600014 9362
1649161784045 0.6851712599396705 9412
1649161808810 0.6669010782241821 9462
1649161833744 0.7922516316175461 9512
1649161858901 0.6631615203619003 9562
1649161883803 0.6983826197683811 9612
1649161908980 0.7034675569832325 9662
1649161933815 0.627932140827179 9712
1649161958774 0.6924277883768082 9762
1649162081631 0.764707257449627 9815
1649162106759 0.5734762711822987 9865
1649162131677 0.6847147591412067 9915
1649162156697 0.6212239420413971 9965
1649162181967 0.6104583321511745 10015
1649162207497 0.5665178447961807 10065
1649162232228 0.7079595752060414 10115
1649162256857 0.7439637467265129 10165
1649162281681 0.5294038957357406 10215
1649162306210 0.6031640167534351 10265
1649162331352 0.701552487462759 10315
1649162356466 0.6844816915690899 10365
1649162381174 0.6184839957952499 10415
1649162406343 0.7891208210587501 10465
1649162431850 0.6529434156417847 10515
1649162456868 0.6446256139874458 10565
1649162481896 0.7436199690401554 10615
1649162507959 0.688951291590929 10665
1649162533959 0.6797864732146263 10715
1649162559259 0.7295489004254341 10765
1649162584379 0.7351370143890381 10815
1649162609216 0.5229762411117553 10865
1649162634369 0.6569357267022133 10915
1649162660178 0.7167969658225775 10965
1649162685875 0.7860549867153168 11015
1649162710997 0.754821657538414 11065
1649162735789 0.7646265205740929 11115
1649162760730 0.5692250600457192 11165
1649162786087 0.6212456241250038 11215
1649162811433 0.7244115199148655 11265
1649162836319 0.6885305288434028 11315
1649162861234 0.6558374632894993 11365
1649162886521 0.8051112279295921 11415
1649162911130 0.6626377987861634 11465
1649162936740 0.6906076219677925 11515
1649162961681 0.5532477109134197 11565
1649162987154 0.6689069385826588 11615
1649163012264 0.6000145138800144 11665
1649163037263 0.6250789406895637 11715
1649163161652 0.6283800402283668 11768
1649163186677 0.6139298070967197 11818
1649163212286 0.5583443669974804 11868
1649163237101 0.6061524958908557 11918
1649163262202 0.6877988070249558 11968
1649163287298 0.6843336507678032 12018
1649163312282 0.6556078681349754 12068
1649163337449 0.6136378800868988 12118
1649163362420 0.6627055908739566 12168
1649163387348 0.6649548888206482 12218
1649163412922 0.555320061892271 12268
1649163437757 0.5817432019114495 12318
1649163462720 0.6158490578830242 12368
1649163487814 0.6496671837568283 12418
1649163513195 0.7000019987672568 12468
1649163538692 0.6123063622415066 12518
1649163563834 0.6003089889138937 12568
1649163588713 0.6106108928471804 12618
1649163614143 0.6091725677251816 12668
1649163639255 0.7242065893113613 12718
1649163664365 0.6017995378375054 12768
1649163689445 0.684224473387003 12818
1649163714168 0.6027389633655548 12868
1649163739183 0.654115511327982 12918
1649163763950 0.6320246888697147 12968
1649163788632 0.7258229294419288 13018
1649163814111 0.6464176517724991 13068
1649163839225 0.6947703735530376 13118
1649163864294 0.5414290650188923 13168
1649163889333 0.7114405064284801 13218
1649163914392 0.6387554983794689 13268
1649163939672 0.5968076477944851 13318
1649163964319 0.620281998962164 13368
1649163989215 0.6743169048428536 13418
1649164014216 0.6509862506389618 13468
1649164039357 0.6322250241041183 13518
1649164064807 0.6344952984154224 13568
1649164089796 0.6243181231617928 13618
1649164114848 0.586594748198986 13668
1649164237933 0.6158020120859146 13721
1649164263011 0.5797780320048332 13771
1649164288016 0.5841032564640045 13821
1649164312889 0.5794118795543909 13871
1649164337713 0.5841932752728463 13921
1649164362662 0.4976662939041853 13971
1649164387784 0.5781952352821826 14021
1649164412752 0.5380938163399697 14071
1649164437794 0.5753766442835331 14121
1649164462771 0.5535901203751564 14171
1649164487797 0.5511050303280354 14221
1649164512713 0.5875311551988125 14271
1649164537792 0.5743918094784022 14321
1649164562874 0.5097079196572304 14371
1649164588434 0.7236375506222248 14421
1649164613451 0.5211401155591011 14471
1649164638712 0.6100540050864219 14521
1649164664114 0.6277831012010574 14571
1649164688959 0.6466650266945362 14621
1649164713719 0.6020490059256554 14671
1649164739362 0.6382898160815239 14721
1649164764276 0.628319161310792 14771
1649164789742 0.519880649074912 14821
1649164814740 0.6809242935478688 14871
1649164839744 0.6494552629441023 14921
1649164864971 0.5900083296000957 14971
1649164890339 0.5688065500557422 15021
1649164915204 0.6808312119543553 15071
1649164940359 0.6391138185560703 15121
1649164965310 0.5096087780594826 15171
1649164990639 0.6062387600541115 15221
1649165015956 0.5779271951317787 15271
1649165040762 0.6375117135047913 15321
1649165065779 0.5911601067334413 15371
1649165090898 0.6025019423663616 15421
1649165115832 0.6486227197945118 15471
1649165141029 0.6229229721426964 15521
1649165166194 0.6604513289034366 15571
1649165191888 0.5319242100417614 15621
1649165316208 0.5812005706131458 15674
1649165341227 0.5174635392427445 15724
1649165365776 0.4480151652544737 15774
1649165391206 0.5389410743117332 15824
1649165416762 0.5451957796514034 15874
1649165442036 0.541034679338336 15924
1649165467391 0.47829984828829764 15974
1649165492900 0.469745556563139 16024
1649165517692 0.4580556284636259 16074
1649165542602 0.5147785446047783 16124
1649165568182 0.5272645793855191 16174
1649165592993 0.4299548245221376 16224
1649165617744 0.4688076880574226 16274
1649165642976 0.4305934230238199 16324
1649165667648 0.5810164575278759 16374
1649165692494 0.4345868806540966 16424
1649165717427 0.39764290645718575 16474
1649165742491 0.4510889859497547 16524
1649165767330 0.518086598739028 16574
1649165792393 0.4354073678702116 16624
1649165817250 0.48996644489467145 16674
1649165842292 0.47114364445209506 16724
1649165867223 0.5569116819649935 16774
1649165892108 0.45378249309957025 16824
1649165917253 0.5724707529693842 16874
1649165942596 0.40492715261876583 16924
1649165967227 0.516055618673563 16974
1649165992235 0.4408068750053644 17024
1649166017624 0.40712382897734645 17074
1649166042735 0.5228541268408299 17124
1649166067851 0.4994448994845152 17174
1649166093191 0.4877240909636021 17224
1649166117930 0.44028834149241447 17274
1649166143030 0.41464398697018623 17324
1649166168254 0.45784661889076234 17374
1649166193629 0.4550126142054796 17424
1649166218742 0.5868065401166678 17474
1649166243918 0.42970585271716116 17524
1649166268755 0.5072354806214571 17574
1649166392625 0.397318996489048 17627
1649166417955 0.4110284099727869 17677
1649166442734 0.40971171371638776 17727
1649166468048 0.47072076082229614 17777
1649166493252 0.42714115269482134 17827
1649166518296 0.42331206642091274 17877
1649166543591 0.4357983566820621 17927
1649166568848 0.44924511298537256 17977
1649166594289 0.43244813971221446 18027
1649166619249 0.43116943560540677 18077
1649166644284 0.4579853967577219 18127
1649166669461 0.45136712715029714 18177
1649166694726 0.43230929791927336 18227
1649166720206 0.4349569457024336 18277
1649166744747 0.5007817835360765 18327
1649166769784 0.4529823166877031 18377
1649166794831 0.3540942116826773 18427
1649166820043 0.4366859082132578 18477
1649166845669 0.48085264980792997 18527
1649166871240 0.4075530504435301 18577
1649166896774 0.3723915641754866 18627
1649166922810 0.4484288622438908 18677
1649166947697 0.5492400518804789 18727
1649166973042 0.4531543801724911 18777
1649166998345 0.39739787138998506 18827
1649167023338 0.4714886044710875 18877
1649167048431 0.4201871474087238 18927
1649167073538 0.44376043252646924 18977
1649167098411 0.3710887593775988 19027
1649167123651 0.46247641026973724 19077
1649167148717 0.41836672261357305 19127
1649167173455 0.40743317127227785 19177
1649167199002 0.5056666027009488 19227
1649167224247 0.3824390895664692 19277
1649167249833 0.4944202928245068 19327
1649167274942 0.4393138898164034 19377
1649167300261 0.4084883424639702 19427
1649167325332 0.46404870472848414 19477
1649167350402 0.432682890817523 19527
1649167472751 0.5205952789634466 19580
1649167497694 0.4332812454923987 19630
1649167522202 0.4092670238763094 19680
1649167546832 0.39269824579358104 19730
1649167571806 0.4451544637978077 19780
1649167596720 0.45132227391004565 19830
1649167622216 0.4850367654487491 19880
1649167647408 0.3700018501281738 19930
1649167672488 0.35906131416559217 19980
1649167697494 0.39731337554752827 20030
1649167723014 0.39799622528254985 20080
1649167748205 0.4259084551781416 20130
1649167773546 0.44887622267007826 20180
1649167798800 0.4126549617946148 20230
1649167823772 0.35675424575805664 20280
1649167848896 0.3931334023177624 20330
1649167873834 0.3178942925482988 20380
1649167898537 0.45303725309669973 20430
1649167923788 0.46082564305514095 20480
1649167948783 0.31615390587598086 20530
1649167973755 0.403000897243619 20580
1649167999282 0.44559585727751255 20630
1649168024079 0.3641497676819563 20680
1649168049250 0.3461830082535744 20730
1649168074415 0.45667319804430007 20780
1649168099284 0.5336377662047744 20830
1649168124755 0.45101574406027795 20880
1649168149744 0.4699166462570429 20930
1649168174866 0.4535134529322386 20980
1649168199715 0.3452173391729593 21030
1649168225116 0.38928051613271236 21080
1649168250084 0.43487583510577676 21130
1649168275221 0.3923663095384836 21180
1649168300196 0.4116105130314827 21230
1649168324828 0.4144830317050219 21280
1649168349955 0.5103396770358085 21330
1649168374892 0.31117241010069846 21380
1649168400027 0.39555998593568803 21430
1649168425241 0.407016429156065 21480
1649168547655 0.49618177212774756 21533
1649168572619 0.40767057828605174 21583
1649168597339 0.44947035014629366 21633
1649168622174 0.3289287795126438 21683
1649168647317 0.38679550409317015 21733
1649168672491 0.46460633967071774 21783
1649168697143 0.4267556495591998 21833
1649168721588 0.43450823351740836 21883
1649168746472 0.38222989238798616 21933
1649168771382 0.355048291683197 21983
1649168797049 0.40243679471313953 22033
1649168822202 0.3955971022695303 22083
1649168847319 0.38739978194236757 22133
1649168872382 0.37537529423832894 22183
1649168897315 0.4116651479899883 22233
1649168922266 0.3849452777951956 22283
1649168947604 0.38458637937903406 22333
1649168973296 0.39324884708970786 22383
1649168998307 0.40292571417987344 22433
1649169023201 0.4727615504711866 22483
1649169048368 0.3430040081590414 22533
1649169073238 0.4288324744999409 22583
1649169098568 0.40039396107196806 22633
1649169124367 0.37141572043299675 22683
1649169150122 0.3350347166508436 22733
1649169175312 0.36508804336190226 22783
1649169200339 0.40740892484784125 22833
1649169225237 0.4401344779506326 22883
1649169250511 0.5016271314024925 22933
1649169275200 0.31819098979234695 22983
1649169300329 0.34207317005842924 23033
1649169325243 0.32434597954154015 23083
1649169350336 0.3854751244932413 23133
1649169375585 0.3606781534105539 23183
1649169400788 0.33550354778766633 23233
1649169425854 0.39590472407639027 23283
1649169451332 0.37683718346059325 23333
1649169476299 0.31531725734472277 23383
1649169501539 0.43297686759382487 23433
