1649156470209 0.6555753004550934 50
1649156516506 0.4455571246147156 100
1649156561642 0.210152967274189 150
1649156607129 0.11990562722086906 200
1649156652468 0.10544984135776758 250
1649156697573 0.11623488184064627 300
1649156742910 0.06443802379071713 350
1649156788102 0.05982582274824381 400
1649156833746 0.07692326605319977 450
1649156879153 0.07115630805492401 500
1649156925655 0.06735655883327127 550
1649156964155 0.05718062773346901 600
1649156989730 0.06897609191946685 650
1649157014567 0.0768892527371645 700
1649157039285 0.06909556852653623 750
1649157064312 0.06575952582992613 800
1649157089472 0.07206794712692499 850
1649157114629 0.05481816967017949 900
1649157139521 0.05115861200727522 950
1649157164326 0.061739434776827695 1000
1649157189729 0.057915828032419084 1050
1649157214703 0.04671995528507978 1100
1649157239819 0.054902928015217185 1150
1649157265195 0.05378561208024621 1200
1649157290406 0.06652046617120505 1250
1649157315826 0.07385302909649909 1300
1649157340795 0.06304983174428344 1350
1649157365875 0.06394849630072713 1400
1649157391271 0.04489868303760886 1450
1649157416685 0.047255314979702236 1500
1649157441922 0.04812814535573125 1550
1649157467406 0.05899876835756004 1600
1649157493068 0.042435999014414846 1650
1649157518364 0.05801997222006321 1700
1649157543312 0.05684128425084054 1750
1649157568502 0.04813850486651063 1800
1649157593887 0.0517007908411324 1850
1649157619418 0.04755269381217658 1900
1649157644710 0.05615055308677256 1950
1649157770232 0.03708315641619265 2003
1649157795184 0.0418079196382314 2053
1649157819988 0.06047222573310137 2103
1649157845288 0.044984993878751996 2153
1649157870801 0.04710483528207988 2203
1649157895729 0.039078060709871354 2253
1649157921019 0.04791610819753259 2303
1649157945913 0.03469622424803674 2353
1649157970648 0.04502791290637106 2403
1649157996006 0.046877484950236976 2453
1649158020866 0.047227749368175864 2503
1649158045715 0.040467244670726356 2553
1649158070537 0.040797060993500056 2603
1649158095855 0.04644120992626995 2653
1649158120758 0.05390930774156004 2703
1649158145281 0.03532377558760345 2753
1649158170276 0.04505824021063745 2803
1649158195268 0.05118881389964372 2853
1649158220303 0.0524122186889872 2903
1649158245644 0.034415113423019644 2953
1649158270807 0.04642592720221728 3003
1649158295785 0.044197304928675296 3053
1649158320824 0.0449042313080281 3103
1649158346288 0.040635442417114975 3153
1649158371252 0.03480281868483871 3203
1649158396143 0.05404860842972994 3253
1649158420923 0.03300365692935884 3303
1649158445943 0.03873004822409712 3353
1649158471462 0.04329758357256651 3403
1649158496756 0.05677514098118991 3453
1649158521809 0.04180197871290147 3503
1649158547009 0.03708426943048835 3553
1649158572004 0.03946793165057898 3603
1649158597313 0.04343181416392326 3653
1649158622428 0.04167908141389489 3703
1649158647224 0.027526551128830762 3753
1649158672263 0.04000544045120478 3803
1649158697246 0.04430494077969342 3853
1649158722973 0.040041202129796144 3903
1649158850331 0.040917441721539945 3956
1649158875294 0.039150986336171624 4006
1649158900304 0.045289239282719794 4056
1649158925237 0.047492826818488536 4106
1649158950021 0.03173358847852796 4156
1649158975276 0.029439388206228614 4206
1649159000296 0.03022063717711717 4256
1649159025093 0.037580485241487625 4306
1649159050305 0.04287437165156007 4356
1649159074928 0.033708384458441286 4406
1649159100026 0.025982705233618616 4456
1649159124802 0.041867975145578384 4506
1649159149848 0.04693441752111539 4556
1649159175296 0.04701787243131548 4606
1649159200704 0.03088391858385876 4656
1649159225737 0.030966041309293358 4706
1649159251026 0.033024616152979434 4756
1649159276034 0.03630857391748577 4806
1649159300725 0.0271523893927224 4856
1649159325768 0.032384478545282036 4906
1649159351025 0.0366694425069727 4956
1649159376266 0.03620615195017308 5006
1649159401337 0.030336592622334138 5056
1649159426437 0.03844352109066676 5106
1649159451682 0.04876285688020289 5156
1649159476734 0.03440672588534653 5206
1649159501926 0.028691138941794633 5256
1649159526800 0.03688240683637559 5306
1649159551691 0.023848234852775933 5356
1649159576790 0.029456828518304973 5406
1649159601757 0.028235583426430823 5456
1649159626744 0.031034392840228974 5506
1649159651761 0.037153250267729164 5556
1649159677006 0.03482462711632252 5606
1649159702333 0.03888095155125484 5656
1649159727329 0.027074122671037912 5706
1649159752896 0.049345508138649165 5756
1649159777628 0.03507436139974743 5806
1649159802997 0.03244635977782309 5856
1649159925662 0.03631396162323654 5909
1649159950820 0.022467924244701863 5959
1649159975725 0.035993933925637975 6009
1649160000618 0.025294155268929898 6059
1649160025401 0.028271042881533502 6109
1649160050166 0.03471379848662764 6159
1649160075287 0.02528791584074497 6209
1649160100257 0.027312297499738635 6259
1649160125326 0.025141553906723856 6309
1649160150334 0.02349794117035344 6359
1649160175308 0.03191432788968086 6409
1649160200475 0.0279125132097397 6459
1649160225267 0.026666800437378697 6509
1649160250241 0.028963368241675197 6559
1649160275533 0.03792353310622275 6609
1649160300812 0.02594938166439533 6659
1649160325935 0.03124706216622144 6709
1649160351018 0.02630280385958031 6759
1649160375950 0.02734438862418756 6809
1649160400778 0.029328492016065865 6859
1649160426240 0.036522955778054894 6909
1649160451648 0.027041061144554988 6959
1649160476327 0.03905544063076377 7009
1649160501835 0.023454031305154787 7059
1649160527014 0.03060015674913302 7109
1649160552151 0.027714515363331884 7159
1649160577186 0.0365614490956068 7209
1649160602212 0.02568003651453182 7259
1649160627399 0.031984726956579834 7309
1649160652392 0.0316310822730884 7359
1649160677775 0.03142522557172924 7409
1649160703746 0.02967761059291661 7459
1649160728554 0.03007995508844033 7509
1649160753457 0.024879786516539753 7559
1649160778783 0.034912894791923464 7609
1649160804504 0.03452316434588283 7659
1649160829666 0.03370600989786908 7709
1649160854505 0.033637396779377014 7759
1649160879388 0.026446458133868873 7809
1649161003411 0.03217280067969114 7862
1649161028929 0.02774312361027114 7912
1649161054293 0.028168694355990738 7962
1649161080067 0.023484630910679698 8012
1649161104995 0.020550655416445806 8062
1649161130433 0.03226949341013096 8112
1649161155226 0.025558947857352906 8162
1649161180253 0.02164210881339386 8212
1649161204909 0.02096271957270801 8262
1649161229951 0.02820126984268427 8312
1649161254772 0.028423268203623592 8362
1649161279745 0.023942471074406058 8412
1649161304846 0.019629184068180622 8462
1649161330331 0.030390775538980962 8512
1649161355202 0.03213919937377795 8562
1649161380237 0.0380417504766956 8612
1649161405547 0.02093387733446434 8662
1649161430903 0.0271591638866812 8712
1649161455890 0.024323993558064104 8762
1649161480978 0.02252585568698123 8812
1649161506201 0.030666005769744514 8862
1649161531476 0.022333843217929826 8912
1649161557327 0.022546473536640407 8962
1649161582255 0.02686422936967574 9012
1649161606985 0.03162851104047149 9062
1649161632401 0.03188758803531527 9112
1649161657820 0.029409061733167617 9162
1649161683561 0.025802658650791274 9212
1649161708312 0.02493640166474506 9262
1649161733725 0.029788431144552305 9312
1649161758902 0.023342564371414482 9362
1649161784045 0.025967434130143373 9412
1649161808810 0.02541630226187408 9462
1649161833744 0.03296064676484093 9512
1649161858901 0.023084183576283977 9562
1649161883803 0.023570730387000367 9612
1649161908980 0.023602364151738584 9662
1649161933815 0.0250329248548951 9712
1649161958774 0.026492091678082943 9762
1649162081631 0.0235574664385058 9815
1649162106759 0.017344810510985555 9865
1649162131677 0.024529683935688808 9915
1649162156697 0.019260503995465115 9965
1649162181967 0.025692694027675315 10015
1649162207497 0.017445189135614783 10065
1649162232228 0.03177418897277676 10115
1649162256857 0.03224284979514778 10165
1649162281681 0.02457317038439214 10215
1649162306210 0.03078616831684485 10265
1649162331352 0.02731285204179585 10315
1649162356466 0.028474479711148887 10365
1649162381174 0.021057583666406574 10415
1649162406343 0.026741588946897536 10465
1649162431850 0.02026112877414562 10515
1649162456868 0.02340481970808469 10565
1649162481896 0.029835849155206234 10615
1649162507959 0.022058087444165722 10665
1649162533959 0.019246251950971783 10715
1649162559259 0.02736278939526528 10765
1649162584379 0.02568078023381531 10815
1649162609216 0.011966065764427184 10865
1649162634369 0.01985894101613667 10915
1649162660178 0.03383002382353879 10965
1649162685875 0.028299783552065493 11015
1649162710997 0.03296622881432995 11065
1649162735789 0.03342417527455836 11115
1649162760730 0.023683806298067794 11165
1649162786087 0.019600187389878555 11215
1649162811433 0.030037535156589003 11265
1649162836319 0.024104366360697894 11315
1649162861234 0.02420194397913292 11365
1649162886521 0.02785559956682846 11415
1649162911130 0.027495055361650884 11465
1649162936740 0.02962712415435817 11515
1649162961681 0.018155243456130846 11565
1649162987154 0.020423488909145818 11615
1649163012264 0.017491109888651407 11665
1649163037263 0.02117718448222149 11715
1649163161652 0.016001875770743936 11768
1649163186677 0.022642362720216625 11818
1649163212286 0.01351582579431124 11868
1649163237101 0.017671914679231123 11918
1649163262202 0.022352054028306156 11968
1649163287298 0.025150510873645546 12018
1649163312282 0.020958188312943094 12068
1649163337449 0.026497829731670208 12118
1649163362420 0.021385027542710305 12168
1649163387348 0.028799416231922805 12218
1649163412922 0.022673995845252648 12268
1649163437757 0.020393614644999617 12318
1649163462720 0.016670520233456044 12368
1649163487814 0.017383353721816094 12418
1649163513195 0.02790238955174573 12468
1649163538692 0.021130306953564285 12518
1649163563834 0.020899028349085712 12568
1649163588713 0.021652156931813805 12618
1649163614143 0.017763896238757296 12668
1649163639255 0.022708219462656415 12718
1649163664365 0.01966373165312689 12768
1649163689445 0.023544614610727876 12818
1649163714168 0.017908609496662394 12868
1649163739183 0.030057794915046544 12918
1649163763950 0.02266918262699619 12968
1649163788632 0.022961418648337714 13018
1649163814111 0.019425627971068025 13068
1649163839225 0.0268093967391178 13118
1649163864294 0.02616036982013611 13168
1649163889333 0.02893494188087061 13218
1649163914392 0.027020283144665883 13268
1649163939672 0.02563345541944727 13318
1649163964319 0.019505914387409576 13368
1649163989215 0.025880235831718893 13418
1649164014216 0.017904060427099466 13468
1649164039357 0.02024535122793168 13518
1649164064807 0.02200771513278596 13568
1649164089796 0.026753976738546043 13618
1649164114848 0.01722865319403354 13668
1649164237933 0.020915846433199478 13721
1649164263011 0.018326145713217556 13771
1649164288016 0.017999923341558314 13821
1649164312889 0.018896677611628547 13871
1649164337713 0.02169674487784505 13921
1649164362662 0.017824402041733266 13971
1649164387784 0.02215182756772265 14021
1649164412752 0.019731178787187675 14071
1649164437794 0.016635911869816482 14121
1649164462771 0.017059842926682903 14171
1649164487797 0.017122079494292848 14221
1649164512713 0.015375617427343969 14271
1649164537792 0.02391249608423095 14321
1649164562874 0.020456748826545662 14371
1649164588434 0.026456954141613098 14421
1649164613451 0.013974874576088042 14471
1649164638712 0.023915624847868456 14521
1649164664114 0.01847107975918334 14571
1649164688959 0.0194370665011229 14621
1649164713719 0.01964383233571425 14671
1649164739362 0.024344889326603152 14721
1649164764276 0.021702587242471053 14771
1649164789742 0.02194366242736578 14821
1649164814740 0.02489814632805064 14871
1649164839744 0.02315924322931096 14921
1649164864971 0.022670155182131568 14971
1649164890339 0.01525675981072709 15021
1649164915204 0.022734348775120452 15071
1649164940359 0.027028945761267097 15121
1649164965310 0.016765308792819268 15171
1649164990639 0.018593549836659805 15221
1649165015956 0.019870526662562043 15271
1649165040762 0.024559361026622355 15321
1649165065779 0.02339891460724175 15371
1649165090898 0.018436256353743373 15421
1649165115832 0.02121074883558322 15471
1649165141029 0.020928242683876306 15521
1649165166194 0.017501763548352756 15571
1649165191888 0.019975537855061704 15621
1649165316208 0.020074839081498794 15674
1649165341227 0.01557237732806243 15724
1649165365776 0.015752562067937105 15774
1649165391206 0.015727675526868552 15824
1649165416762 0.014019715208560228 15874
1649165442036 0.016704973208834416 15924
1649165467391 0.013456743829301558 15974
1649165492900 0.011924463396862848 16024
1649165517692 0.014959111203206704 16074
1649165542602 0.013898409088724292 16124
1649165568182 0.015047626713640056 16174
1649165592993 0.010637505917693489 16224
1649165617744 0.018081806383852383 16274
1649165642976 0.011169059235253371 16324
1649165667648 0.016587776235537602 16374
1649165692494 0.013358723797718994 16424
1649165717427 0.01141380623303121 16474
1649165742491 0.011463551945635118 16524
1649165767330 0.015243545403354802 16574
1649165792393 0.009545140410773456 16624
1649165817250 0.015010462317877681 16674
1649165842292 0.015400694411364385 16724
1649165867223 0.018957745412772054 16774
1649165892108 0.012801607079454698 16824
1649165917253 0.015796849268954246 16874
1649165942596 0.010902383659413317 16924
1649165967227 0.01880101421906147 16974
1649165992235 0.012436484347563236 17024
1649166017624 0.012401614254122251 17074
1649166042735 0.016366686194378418 17124
1649166067851 0.013576847340154928 17174
1649166093191 0.012413703406346031 17224
1649166117930 0.011013955354865174 17274
1649166143030 0.013695899157319218 17324
1649166168254 0.014686840084032156 17374
1649166193629 0.01334026743483264 17424
1649166218742 0.020412763298954816 17474
1649166243918 0.01413427939201938 17524
1649166268755 0.012716013131284853 17574
1649166392625 0.008601667542534415 17627
1649166417955 0.014468334583798424 17677
1649166442734 0.010325610899599269 17727
1649166468048 0.012432866069138982 17777
1649166493252 0.01208877598051913 17827
1649166518296 0.01540124887280399 17877
1649166543591 0.009832012112892698 17927
1649166568848 0.014205507823207881 17977
1649166594289 0.011382502010965254 18027
1649166619249 0.013227040146739455 18077
1649166644284 0.012067350089782849 18127
1649166669461 0.015686922152817716 18177
1649166694726 0.010987222573021427 18227
1649166720206 0.012715395159029868 18277
1649166744747 0.017691400453913958 18327
1649166769784 0.01320446992525831 18377
1649166794831 0.011606724740122445 18427
1649166820043 0.012849454715033062 18477
1649166845669 0.01545106945093721 18527
1649166871240 0.010574908908456564 18577
1649166896774 0.012212193469022168 18627
1649166922810 0.013107171030715108 18677
1649166947697 0.011938012704486028 18727
1649166973042 0.012316988909733482 18777
1649166998345 0.009149398362205829 18827
1649167023338 0.012723176752915606 18877
1649167048431 0.0107931686041411 18927
1649167073538 0.013578148811066058 18977
1649167098411 0.011344357207708527 19027
1649167123651 0.012081156658387044 19077
1649167148717 0.011703790231767925 19127
1649167173455 0.010018201157363365 19177
1649167199002 0.0129928166083846 19227
1649167224247 0.010180520373323816 19277
1649167249833 0.014959794909373159 19327
1649167274942 0.00948702662906726 19377
1649167300261 0.010708363354788163 19427
1649167325332 0.013977476892468985 19477
1649167350402 0.012329196544887963 19527
1649167472751 0.014186190913897008 19580
1649167497694 0.011490008192195091 19630
1649167522202 0.011444001946947537 19680
1649167546832 0.009705157928401605 19730
1649167571806 0.0107399056587019 19780
1649167596720 0.013360547822667285 19830
1649167622216 0.016547425965109143 19880
1649167647408 0.009136744060670025 19930
1649167672488 0.012602947093255353 19980
1649167697494 0.010969213685166323 20030
1649167723014 0.009877918575512012 20080
1649167748205 0.01132349428080488 20130
1649167773546 0.011457158036791952 20180
1649167798800 0.010717204822067289 20230
1649167823772 0.009425967862771358 20280
1649167848896 0.01015527183044469 20330
1649167873834 0.009089367856504396 20380
1649167898537 0.013653336718562059 20430
1649167923788 0.012435869368982822 20480
1649167948783 0.007761186060815817 20530
1649167973755 0.01074023059452884 20580
1649167999282 0.01099505319725722 20630
1649168024079 0.009626091829704819 20680
1649168049250 0.009849791676388123 20730
1649168074415 0.012561642694927287 20780
1649168099284 0.013306930096296127 20830
1649168124755 0.011144650670466945 20880
1649168149744 0.0128589659023055 20930
1649168174866 0.014477414958382723 20980
1649168199715 0.007529249082363094 21030
1649168225116 0.010009858089179034 21080
1649168250084 0.011949649650850915 21130
1649168275221 0.012023315730475588 21180
1649168300196 0.010714756476809272 21230
1649168324828 0.011571551653905771 21280
1649168349955 0.013466100583100342 21330
1649168374892 0.009211024282849393 21380
1649168400027 0.009611494063719875 21430
1649168425241 0.012339514793129638 21480
1649168547655 0.0117257621747558 21533
1649168572619 0.013406668055686168 21583
1649168597339 0.013387953908531926 21633
1649168622174 0.0057162925084412565 21683
1649168647317 0.00964394429931417 21733
1649168672491 0.012115373187989463 21783
1649168697143 0.012449640454724431 21833
1649168721588 0.0108252388490655 21883
1649168746472 0.009593066808592994 21933
1649168771382 0.009584584711119533 21983
1649168797049 0.011076976654003375 22033
1649168822202 0.010917348648945335 22083
1649168847319 0.008765246379480231 22133
1649168872382 0.011749812762136571 22183
1649168897315 0.011518480705562979 22233
1649168922266 0.010750986748607829 22283
1649168947604 0.009760045442235424 22333
1649168973296 0.0097469818375248 22383
1649168998307 0.009342578965588473 22433
1649169023201 0.013734919988201 22483
1649169048368 0.009645308451727033 22533
1649169073238 0.009218493823864264 22583
1649169098568 0.010568889592104825 22633
1649169124367 0.008709429693990387 22683
1649169150122 0.007265971756423823 22733
1649169175312 0.01135287752636941 22783
1649169200339 0.011992233739510994 22833
1649169225237 0.010664766941335984 22883
1649169250511 0.01622315681859618 22933
1649169275200 0.008469934294116683 22983
1649169300329 0.010346587657550118 23033
1649169325243 0.010668006043561036 23083
1649169350336 0.009870276890869717 23133
1649169375585 0.00730543234734796 23183
1649169400788 0.009266784565406852 23233
1649169425854 0.009661336006538478 23283
1649169451332 0.012711867943871767 23333
1649169476299 0.007855769625748507 23383
1649169501539 0.01213481182945543 23433
