1649156470209 0.0486297325277701 50
1649156516506 0.032929393947124484 100
1649156561642 0.038372231926769015 150
1649156607129 0.04133509784471243 200
1649156652468 0.04181851556058973 250
1649156697573 0.05431865654885769 300
1649156742910 0.031179561838507654 350
1649156788102 0.03370713146985509 400
1649156833746 0.03495183666935191 450
1649156879153 0.041654036936815825 500
1649156925655 0.04553145703859627 550
1649156964155 0.029185028192587198 600
1649156989730 0.05114660130348057 650
1649157014567 0.04947937333257869 700
1649157039285 0.03974171013571322 750
1649157064312 0.04231003074441105 800
1649157089472 0.03978435868397355 850
1649157114629 0.03749362480826676 900
1649157139521 0.03456513303332031 950
1649157164326 0.0392350630229339 1000
1649157189729 0.04480994670651853 1050
1649157214703 0.035774816861376166 1100
1649157239819 0.031160582730080932 1150
1649157265195 0.045730514712631704 1200
1649157290406 0.04101622615708038 1250
1649157315826 0.04703098950907588 1300
1649157340795 0.035039113028906284 1350
1649157365875 0.03672364449827001 1400
1649157391271 0.04026204310357571 1450
1649157416685 0.0353801219118759 1500
1649157441922 0.03263002363033593 1550
1649157467406 0.040611552335321904 1600
1649157493068 0.03379661934450269 1650
1649157518364 0.036293060635216534 1700
1649157543312 0.03460031910799444 1750
1649157568502 0.03180781940929592 1800
1649157593887 0.03277339858002961 1850
1649157619418 0.036951188598759475 1900
1649157644710 0.04524475894402712 1950
1649157770232 0.025489241483155636 2003
1649157795184 0.030461279116570948 2053
1649157819988 0.03762225558515638 2103
1649157845288 0.03670469893142581 2153
1649157870801 0.037569183791056275 2203
1649157895729 0.03844564469065517 2253
1649157921019 0.03887564967619255 2303
1649157945913 0.02194018829613924 2353
1649157970648 0.033499532593414184 2403
1649157996006 0.033835793640464545 2453
1649158020866 0.037848325986415146 2503
1649158045715 0.032526797764003273 2553
1649158070537 0.033771891300566494 2603
1649158095855 0.032822096343152224 2653
1649158120758 0.04298780891578644 2703
1649158145281 0.029049740254413335 2753
1649158170276 0.03485092405462638 2803
1649158195268 0.04381086393259466 2853
1649158220303 0.04550318949157372 2903
1649158245644 0.03058539457153529 2953
1649158270807 0.030203329245559872 3003
1649158295785 0.03072385301347822 3053
1649158320824 0.033201059736311433 3103
1649158346288 0.02978087984956801 3153
1649158371252 0.03154051426798105 3203
1649158396143 0.041467993399128315 3253
1649158420923 0.028739761272445322 3303
1649158445943 0.03003452154342085 3353
1649158471462 0.03260703405365348 3403
1649158496756 0.038918884117156265 3453
1649158521809 0.03384774189675227 3503
1649158547009 0.03148950593080371 3553
1649158572004 0.0331388118234463 3603
1649158597313 0.036271315866615625 3653
1649158622428 0.026671326535288243 3703
1649158647224 0.02130105168092996 3753
1649158672263 0.02692101603606716 3803
1649158697246 0.029230100801214576 3853
1649158722973 0.028985318499617278 3903
1649158850331 0.033383198976516724 3956
1649158875294 0.02491328740026802 4006
1649158900304 0.03478986511705443 4056
1649158925237 0.029552648302633315 4106
1649158950021 0.03437317704083398 4156
1649158975276 0.03141814825125039 4206
1649159000296 0.028504105363972486 4256
1649159025093 0.026542902318760754 4306
1649159050305 0.03466217349050567 4356
1649159074928 0.0342881367681548 4406
1649159100026 0.020630456083454193 4456
1649159124802 0.0346918130852282 4506
1649159149848 0.036004788214340805 4556
1649159175296 0.04000837610452436 4606
1649159200704 0.030449453881010412 4656
1649159225737 0.03812049597501755 4706
1649159251026 0.03183063599513844 4756
1649159276034 0.029272779221646488 4806
1649159300725 0.023293411629274487 4856
1649159325768 0.02601113503333181 4906
1649159351025 0.03326346719870344 4956
1649159376266 0.030196651429869235 5006
1649159401337 0.030892713103676216 5056
1649159426437 0.03620823745848611 5106
1649159451682 0.03413076188415289 5156
1649159476734 0.02490163083188236 5206
1649159501926 0.024134468198753894 5256
1649159526800 0.03688364128465764 5306
1649159551691 0.0243072719569318 5356
1649159576790 0.029342499626800418 5406
1649159601757 0.02514114390825853 5456
1649159626744 0.026028577964752914 5506
1649159651761 0.03370305106043816 5556
1649159677006 0.028637560699135065 5606
1649159702333 0.026553088082000614 5656
1649159727329 0.019715662924572826 5706
1649159752896 0.03727313494309783 5756
1649159777628 0.0325641215685755 5806
1649159802997 0.029383704985957593 5856
1649159925662 0.034508884998504075 5909
1649159950820 0.022894498927053065 5959
1649159975725 0.029629826904274525 6009
1649160000618 0.02399497782345861 6059
1649160025401 0.03302093611098826 6109
1649160050166 0.027902255519293248 6159
1649160075287 0.023919733613729476 6209
1649160100257 0.025299983706790954 6259
1649160125326 0.02367089957697317 6309
1649160150334 0.017774116480723023 6359
1649160175308 0.02924287792062387 6409
1649160200475 0.031118627537507562 6459
1649160225267 0.028009203849360346 6509
1649160250241 0.02306021509692073 6559
1649160275533 0.02855244212783873 6609
1649160300812 0.021227072186302393 6659
1649160325935 0.02027847837889567 6709
1649160351018 0.0221428040554747 6759
1649160375950 0.025676699145697056 6809
1649160400778 0.023586870413273574 6859
1649160426240 0.04278352338122204 6909
1649160451648 0.027772580434102564 6959
1649160476327 0.028858304470777512 7009
1649160501835 0.02787654460873455 7059
1649160527014 0.025783886811695994 7109
1649160552151 0.02592924645636231 7159
1649160577186 0.03984544411767274 7209
1649160602212 0.024945503568742425 7259
1649160627399 0.03651332279667258 7309
1649160652392 0.03067241230979562 7359
1649160677775 0.0341890503722243 7409
1649160703746 0.02767158878268674 7459
1649160728554 0.03358144703321159 7509
1649160753457 0.02875955288298428 7559
1649160778783 0.03281046267133206 7609
1649160804504 0.04145976586267352 7659
1649160829666 0.029167211474850775 7709
1649160854505 0.03509336303861346 7759
1649160879388 0.026396066134329887 7809
1649161003411 0.02879431579494849 7862
1649161028929 0.029369502519257365 7912
1649161054293 0.028342243544757367 7962
1649161080067 0.020955667113885284 8012
1649161104995 0.0265629701805301 8062
1649161130433 0.027777532786130904 8112
1649161155226 0.02609686859359499 8162
1649161180253 0.022799021261744202 8212
1649161204909 0.02407536929473281 8262
1649161229951 0.03251998534076847 8312
1649161254772 0.026981431557796896 8362
1649161279745 0.038330695675686005 8412
1649161304846 0.023171992388088255 8462
1649161330331 0.02841972088441253 8512
1649161355202 0.02992056367220357 8562
1649161380237 0.03860303812893107 8612
1649161405547 0.025644605080597103 8662
1649161430903 0.027622877936810255 8712
1649161455890 0.025362318782135844 8762
1649161480978 0.02602192899445072 8812
1649161506201 0.027939037170726808 8862
1649161531476 0.02674858408048749 8912
1649161557327 0.029088981505483388 8962
1649161582255 0.02778131211642176 9012
1649161606985 0.030090636900858954 9062
1649161632401 0.030016433312557638 9112
1649161657820 0.030674185245297848 9162
1649161683561 0.03296572489431128 9212
1649161708312 0.021923735099844636 9262
1649161733725 0.030004346027853897 9312
1649161758902 0.020391409919830038 9362
1649161784045 0.023944892282597722 9412
1649161808810 0.02241055975202471 9462
1649161833744 0.030806140282656998 9512
1649161858901 0.02388709119753912 9562
1649161883803 0.027552729211747645 9612
1649161908980 0.03570542402449064 9662
1649161933815 0.02044022545684129 9712
1649161958774 0.020284577562706546 9762
1649162081631 0.03128635174129158 9815
1649162106759 0.017801546179689466 9865
1649162131677 0.03057689737295732 9915
1649162156697 0.025089655732735992 9965
1649162181967 0.02575083933537826 10015
1649162207497 0.018764620614238083 10065
1649162232228 0.031204893589019775 10115
1649162256857 0.030716608606744557 10165
1649162281681 0.02349059871165082 10215
1649162306210 0.02757371915737167 10265
1649162331352 0.02418659840011969 10315
1649162356466 0.02786771419690922 10365
1649162381174 0.02413069418631494 10415
1649162406343 0.02624048830475658 10465
1649162431850 0.02763676789123565 10515
1649162456868 0.03201532863313332 10565
1649162481896 0.027921140680555255 10615
1649162507959 0.023157251994125546 10665
1649162533959 0.02444403040339239 10715
1649162559259 0.033469068510457875 10765
1649162584379 0.028467339761555195 10815
1649162609216 0.017760358178056778 10865
1649162634369 0.023629939205711707 10915
1649162660178 0.030766117175808176 10965
1649162685875 0.03983992043300532 11015
1649162710997 0.028410254204645755 11065
1649162735789 0.03174555803183466 11115
1649162760730 0.021547372015193106 11165
1649162786087 0.02204689257312566 11215
1649162811433 0.025671187976840884 11265
1649162836319 0.024793561515398323 11315
1649162861234 0.02530265329463873 11365
1649162886521 0.03267063667997718 11415
1649162911130 0.02650966929853894 11465
1649162936740 0.027316537824226543 11515
1649162961681 0.016188207713421433 11565
1649162987154 0.02581294551724568 11615
1649163012264 0.024074945389293133 11665
1649163037263 0.02129966204520315 11715
1649163161652 0.02606896095443517 11768
1649163186677 0.028331760398577897 11818
1649163212286 0.022202591211535037 11868
1649163237101 0.024713158792583272 11918
1649163262202 0.029227488667238503 11968
1649163287298 0.03133999369572848 12018
1649163312282 0.023557494506239892 12068
1649163337449 0.023120036049513147 12118
1649163362420 0.02446694117039442 12168
1649163387348 0.03113902302691713 12218
1649163412922 0.02145521089900285 12268
1649163437757 0.019668368501588703 12318
1649163462720 0.024762072274461387 12368
1649163487814 0.028248897334560753 12418
1649163513195 0.03644500325899571 12468
1649163538692 0.019548595098312943 12518
1649163563834 0.021306303087621926 12568
1649163588713 0.021081196684390305 12618
1649163614143 0.021693915518117137 12668
1649163639255 0.02710988765116781 12718
1649163664365 0.02769181162584573 12768
1649163689445 0.0231499583623372 12818
1649163714168 0.02377015821635723 12868
1649163739183 0.02929212009301409 12918
1649163763950 0.025373784303665162 12968
1649163788632 0.03165900189196691 13018
1649163814111 0.026040331386029722 13068
1649163839225 0.029017445384524762 13118
1649163864294 0.024951335960067808 13168
1649163889333 0.024643020782968962 13218
1649163914392 0.02648074910277501 13268
1649163939672 0.021340542229590937 13318
1649163964319 0.025028043172787874 13368
1649163989215 0.027695183113683016 13418
1649164014216 0.02698708338662982 13468
1649164039357 0.024750747517682612 13518
1649164064807 0.026677841837517917 13568
1649164089796 0.027538479916984215 13618
1649164114848 0.018099757705349474 13668
1649164237933 0.024024939911905675 13721
1649164263011 0.025630334138404577 13771
1649164288016 0.021453159507364036 13821
1649164312889 0.02099871340673417 13871
1649164337713 0.022079931763000785 13921
1649164362662 0.02222906508250162 13971
1649164387784 0.020849843288306146 14021
1649164412752 0.021879585199058055 14071
1649164437794 0.019375024576438592 14121
1649164462771 0.023565406266134233 14171
1649164487797 0.020367161331232637 14221
1649164512713 0.023304877255577595 14271
1649164537792 0.024767881133593617 14321
1649164562874 0.020575090066995472 14371
1649164588434 0.03241893552010879 14421
1649164613451 0.01696201893268153 14471
1649164638712 0.025653689966420642 14521
1649164664114 0.02324988751206547 14571
1649164688959 0.026824244139716028 14621
1649164713719 0.0310733456350863 14671
1649164739362 0.028820488527417185 14721
1649164764276 0.028574990531196817 14771
1649164789742 0.021044466104358436 14821
1649164814740 0.037801938676275314 14871
1649164839744 0.030370092503726482 14921
1649164864971 0.026706753172911702 14971
1649164890339 0.021409150555264204 15021
1649164915204 0.023410006975755095 15071
1649164940359 0.0332264025695622 15121
1649164965310 0.025476681070867927 15171
1649164990639 0.02160716148559004 15221
1649165015956 0.02503826530883089 15271
1649165040762 0.027119934507645667 15321
1649165065779 0.026716164775425568 15371
1649165090898 0.021268405371811242 15421
1649165115832 0.023282363621983677 15471
1649165141029 0.0259277321503032 15521
1649165166194 0.02252067984081805 15571
1649165191888 0.021522030599880962 15621
1649165316208 0.027833847450092434 15674
1649165341227 0.023784399065189064 15724
1649165365776 0.01871241508051753 15774
1649165391206 0.018639419714454562 15824
1649165416762 0.0223067860561423 15874
1649165442036 0.027922208851668982 15924
1649165467391 0.020986791505711155 15974
1649165492900 0.018887201133766213 16024
1649165517692 0.01776931417873129 16074
1649165542602 0.017685459644999357 16124
1649165568182 0.026207361677661536 16174
1649165592993 0.02094102469156496 16224
1649165617744 0.020188888722332196 16274
1649165642976 0.017359799079131336 16324
1649165667648 0.030892334185773508 16374
1649165692494 0.021478107834700496 16424
1649165717427 0.018302201416809112 16474
1649165742491 0.02113418433815241 16524
1649165767330 0.025655470020137728 16574
1649165792393 0.017446437489707024 16624
1649165817250 0.01701749340398237 16674
1649165842292 0.018149125972995533 16724
1649165867223 0.026261828190181403 16774
1649165892108 0.019992504231631757 16824
1649165917253 0.025546600640518592 16874
1649165942596 0.017807441846234725 16924
1649165967227 0.024368471202906222 16974
1649165992235 0.021617729421705006 17024
1649166017624 0.01650100249564275 17074
1649166042735 0.0227634960366413 17124
1649166067851 0.01919797461188864 17174
1649166093191 0.019384150879923255 17224
1649166117930 0.02087302706670016 17274
1649166143030 0.02002149125444703 17324
1649166168254 0.019196535570081323 17374
1649166193629 0.024609489982249214 17424
1649166218742 0.028043955259490758 17474
1649166243918 0.01915357700898312 17524
1649166268755 0.01797134580090642 17574
1649166392625 0.017892969439271836 17627
1649166417955 0.023077399081084877 17677
1649166442734 0.020070386107545347 17727
1649166468048 0.021396065963199363 17777
1649166493252 0.016659187774639577 17827
1649166518296 0.017997328452765943 17877
1649166543591 0.01970773248700425 17927
1649166568848 0.02278022447018884 17977
1649166594289 0.01763212263351306 18027
1649166619249 0.022308731391094624 18077
1649166644284 0.022823449925053866 18127
1649166669461 0.021652947916882114 18177
1649166694726 0.019110069234156982 18227
1649166720206 0.019445458597037942 18277
1649166744747 0.02534173293504864 18327
1649166769784 0.025166093959705906 18377
1649166794831 0.017231053749565035 18427
1649166820043 0.02153548177331686 18477
1649166845669 0.022120353458449246 18527
1649166871240 0.01979541025357321 18577
1649166896774 0.01702576909097843 18627
1649166922810 0.021966451886110006 18677
1649166947697 0.024797406470170244 18727
1649166973042 0.01941180330235511 18777
1649166998345 0.013314572267699987 18827
1649167023338 0.02551096792216413 18877
1649167048431 0.01739971060073003 18927
1649167073538 0.022446618969552218 18977
1649167098411 0.018277219822630288 19027
1649167123651 0.017953197450842708 19077
1649167148717 0.0179117938678246 19127
1649167173455 0.019862709012813867 19177
1649167199002 0.023303747900063173 19227
1649167224247 0.013764334612060338 19277
1649167249833 0.021917309033451602 19327
1649167274942 0.0194963997323066 19377
1649167300261 0.020194570068269968 19427
1649167325332 0.02011530637391843 19477
1649167350402 0.01750258736195974 19527
1649167472751 0.028016252296511085 19580
1649167497694 0.015525051453150808 19630
1649167522202 0.016282563991844655 19680
1649167546832 0.019491573026170952 19730
1649167571806 0.019376978566870092 19780
1649167596720 0.023443965988699345 19830
1649167622216 0.02664478581631556 19880
1649167647408 0.016003263386664912 19930
1649167672488 0.021632452786434442 19980
1649167697494 0.01743350698146969 20030
1649167723014 0.019686680622398853 20080
1649167748205 0.020040362763684243 20130
1649167773546 0.017548863199772315 20180
1649167798800 0.023889493368333205 20230
1649167823772 0.014762441196944564 20280
1649167848896 0.01797531037358567 20330
1649167873834 0.016664413501275704 20380
1649167898537 0.018269929068628697 20430
1649167923788 0.025691138789989056 20480
1649167948783 0.016248064480023458 20530
1649167973755 0.019528535759891382 20580
1649167999282 0.02254895184887573 20630
1649168024079 0.014492740952409804 20680
1649168049250 0.014946741414023563 20730
1649168074415 0.01782994151697494 20780
1649168099284 0.022713223891332745 20830
1649168124755 0.01940853825013619 20880
1649168149744 0.02567839632858522 20930
1649168174866 0.018065088947769255 20980
1649168199715 0.019459731713868677 21030
1649168225116 0.02020001857657917 21080
1649168250084 0.02576288492651656 21130
1649168275221 0.018633855830412358 21180
1649168300196 0.018318639185745268 21230
1649168324828 0.020401432644575834 21280
1649168349955 0.02295383237535134 21330
1649168374892 0.012708148448728024 21380
1649168400027 0.013775539810885674 21430
1649168425241 0.019340362448710947 21480
1649168547655 0.02097314881393686 21533
1649168572619 0.019601610850077122 21583
1649168597339 0.021688521719770506 21633
1649168622174 0.011761710293358192 21683
1649168647317 0.019954791859490797 21733
1649168672491 0.023225961432326584 21783
1649168697143 0.019976572743617 21833
1649168721588 0.01866350450203754 21883
1649168746472 0.015808509138878435 21933
1649168771382 0.016305013753008097 21983
1649168797049 0.01917339737759903 22033
1649168822202 0.019359085478354247 22083
1649168847319 0.018760128563735635 22133
1649168872382 0.01727617887314409 22183
1649168897315 0.01717418473912403 22233
1649168922266 0.01804993662633933 22283
1649168947604 0.021396962483413516 22333
1649168973296 0.019244648681487887 22383
1649168998307 0.023504662066698073 22433
1649169023201 0.023527346276678143 22483
1649169048368 0.014351764774182811 22533
1649169073238 0.019062554559204727 22583
1649169098568 0.022346697562607005 22633
1649169124367 0.01940157667035237 22683
1649169150122 0.017599856876768172 22733
1649169175312 0.01560822116327472 22783
1649169200339 0.020571501303929835 22833
1649169225237 0.01992548135458492 22883
1649169250511 0.030821026023477315 22933
1649169275200 0.016374688760843126 22983
1649169300329 0.01707132381736301 23033
1649169325243 0.0176561105879955 23083
1649169350336 0.015520904352888465 23133
1649169375585 0.015355653018923476 23183
1649169400788 0.01643862046068534 23233
1649169425854 0.01791976565727964 23283
1649169451332 0.019543915677350015 23333
1649169476299 0.01547593460069038 23383
1649169501539 0.020811804595869034 23433
