1649243196405 9.990200000000016e-05 50
1649243403589 0.00019980200000000004 100
1649243612640 0.00029970200000000016 150
1649243820812 0.00039960200000000026 200
1649244028410 0.0004995019999999999 250
1649244236260 0.0005994019999999997 300
1649244444269 0.0006993019999999998 350
1649244652433 0.0007992019999999999 400
1649244860666 0.000899102 450
1649245069263 0.000999002 500
1649245278094 0.0010989020000000001 550
1649245448762 0.001198802 600
1649246427395 0.00122078 612
1649246639271 0.00132068 661
1649246848941 0.00142058 711
1649247058542 0.00152048 761
1649247268074 0.0016203800000000003 811
1649247477983 0.00172028 861
1649247687683 0.0018201800000000002 911
1649247897652 0.00192008 961
1649248107497 0.002 1011
1649248317515 0.002 1061
1649248527698 0.002 1111
1649248737991 0.002 1161
1649248903293 0.002 1211
1649249889301 0.002 1223
1649250103253 0.002 1272
1649250313543 0.002 1322
1649250523921 0.002 1372
1649250734503 0.002 1422
1649250945036 0.002 1472
1649251155796 0.002 1522
1649251366481 0.002 1572
1649251577311 0.002 1622
1649251788092 0.002 1672
1649251999191 0.002 1722
1649252210017 0.002 1772
1649252368813 0.002 1822
1649253354705 0.002 1834
1649253573266 0.002 1883
1649253788123 0.002 1933
1649254003306 0.002 1983
1649254217933 0.002 2033
1649254432687 0.002 2083
1649254647717 0.002 2133
1649254862742 0.002 2183
1649255077516 0.002 2233
1649255293032 0.002 2283
1649255508674 0.002 2333
1649255723471 0.002 2383
1649255881820 0.002 2433
1649256858268 0.002 2445
1649257073295 0.002 2494
1649257285207 0.002 2544
1649257497119 0.002 2594
1649257709004 0.002 2644
1649257920707 0.002 2694
1649258132552 0.002 2744
1649258344191 0.002 2794
1649258556034 0.002 2844
1649258767832 0.002 2894
1649258979859 0.002 2944
1649259190534 0.002 2994
1649259349614 0.002 3044
1649260327023 0.002 3056
1649260545965 0.002 3105
1649260761433 0.002 3155
1649260977517 0.002 3205
1649261193285 0.002 3255
1649261408915 0.002 3305
1649261624271 0.002 3355
1649261840532 0.002 3405
1649262056301 0.002 3455
1649262272345 0.002 3505
1649262488084 0.002 3555
1649262704160 0.002 3605
1649262864648 0.002 3655
1649263841707 0.002 3667
1649264060426 0.002 3716
1649264276322 0.002 3766
1649264492517 0.002 3816
1649264708605 0.002 3866
1649264925184 0.002 3916
1649265141410 0.002 3966
1649265357448 0.002 4016
1649265573630 0.002 4066
1649265789367 0.002 4116
1649266005339 0.002 4166
1649266220000 0.002 4216
1649266380661 0.002 4266
1649267359551 0.002 4278
1649267579093 0.002 4327
1649267795485 0.002 4377
1649268011289 0.002 4427
1649268227465 0.002 4477
1649268443645 0.002 4527
1649268659616 0.002 4577
1649268872897 0.002 4627
1649269085400 0.002 4677
1649269298575 0.002 4727
1649269511469 0.002 4777
1649269723729 0.002 4827
1649269884566 0.002 4877
1649270861872 0.002 4889
1649271078590 0.002 4938
1649271292219 0.002 4988
1649271505868 0.002 5038
1649271719492 0.002 5088
1649271932580 0.002 5138
1649272146663 0.002 5188
1649272360718 0.002 5238
1649272574661 0.002 5288
1649272788442 0.002 5338
1649273001511 0.002 5388
1649273211222 0.002 5438
1649273370661 0.002 5488
1649274333152 0.002 5500
1649274547929 0.002 5549
1649274759944 0.002 5599
1649274971449 0.002 5649
1649275183657 0.002 5699
1649275395087 0.002 5749
1649275607335 0.002 5799
1649275819131 0.002 5849
1649276030950 0.002 5899
1649276243097 0.002 5949
1649276454533 0.002 5999
1649276666474 0.002 6049
1649276825715 0.002 6099
1649277783104 0.002 6111
1649277998245 0.002 6160
1649278209691 0.002 6210
1649278421266 0.002 6260
1649278632879 0.002 6310
1649278844734 0.002 6360
1649279056317 0.002 6410
1649279267948 0.002 6460
1649279479863 0.002 6510
1649279691390 0.002 6560
1649279902955 0.002 6610
1649280114456 0.002 6660
1649280274657 0.002 6710
1649281229873 0.002 6722
1649281447546 0.002 6771
1649281661864 0.002 6821
1649281876375 0.002 6871
1649282091068 0.002 6921
1649282305451 0.002 6971
1649282519967 0.002 7021
1649282734660 0.002 7071
1649282949299 0.002 7121
1649283164145 0.002 7171
1649283378679 0.002 7221
1649283593446 0.002 7271
1649283758052 0.002 7321
1649284720547 0.002 7333
1649284936139 0.002 7382
1649285148033 0.002 7432
1649285359602 0.002 7482
1649285571214 0.002 7532
1649285783817 0.002 7582
1649285996196 0.002 7632
1649286208723 0.002 7682
1649286420856 0.002 7732
1649286632833 0.002 7782
1649286845232 0.002 7832
1649287057571 0.002 7882
1649287223099 0.002 7932
1649288180734 0.002 7944
1649288399219 0.002 7993
1649288613811 0.002 8043
1649288828723 0.002 8093
1649289043559 0.002 8143
1649289258617 0.002 8193
1649289473647 0.002 8243
1649289688540 0.002 8293
1649289903248 0.002 8343
1649290117985 0.002 8393
1649290332554 0.002 8443
1649290547449 0.002 8493
1649290714820 0.002 8543
1649291666411 0.002 8555
1649291882404 0.002 8604
1649292095396 0.002 8654
1649292308041 0.002 8704
1649292521232 0.002 8754
1649292733916 0.002 8804
1649292947189 0.002 8854
1649293160643 0.002 8904
1649293374083 0.002 8954
1649293587317 0.002 9004
1649293777244 0.002 9054
1649293879715 0.002 9104
1649293981791 0.002 9154
1649294835903 0.002 9166
1649294941021 0.002 9215
1649295043034 0.002 9265
1649295145049 0.002 9315
1649295247253 0.002 9365
1649295349161 0.002 9415
1649295451346 0.002 9465
1649295553262 0.002 9515
1649295655255 0.002 9565
1649295757198 0.002 9615
1649295859152 0.002 9665
1649295961211 0.002 9715
1649296063146 0.002 9765
1649296908333 0.002 9777
1649297013528 0.0002 9826
1649297115356 0.0002 9876
1649297217348 0.0002 9926
1649297319380 0.0002 9976
1649297421512 0.0002 10026
1649297523467 0.0002 10076
1649297625352 0.0002 10126
1649297727349 0.0002 10176
1649297829272 0.0002 10226
1649297931258 0.0002 10276
1649298033276 0.0002 10326
1649298135300 0.0002 10376
1649298981474 0.0002 10388
1649299086324 0.0002 10437
1649299188025 0.0002 10487
1649299289910 0.0002 10537
1649299392056 0.0002 10587
1649299494279 0.0002 10637
1649299596307 0.0002 10687
1649299698368 0.0002 10737
1649299800473 0.0002 10787
1649299902465 0.0002 10837
1649300004739 0.0002 10887
1649300106791 0.0002 10937
1649300208996 0.0002 10987
1649301043393 0.0002 10999
1649301148580 0.0002 11048
1649301250393 0.0002 11098
1649301352285 0.0002 11148
1649301454461 0.0002 11198
1649301556573 0.0002 11248
1649301658696 0.0002 11298
1649301760920 0.0002 11348
1649301863068 0.0002 11398
1649301965206 0.0002 11448
1649302067130 0.0002 11498
1649302169180 0.0002 11548
1649302271564 0.0002 11598
1649303109411 0.0002 11610
1649303214443 2.0000000000000005e-05 11659
1649303316254 2.0000000000000005e-05 11709
1649303417997 2.0000000000000005e-05 11759
1649303519716 2.0000000000000005e-05 11809
1649303621554 2.0000000000000005e-05 11859
1649303723450 2.0000000000000005e-05 11909
1649303825326 2.0000000000000005e-05 11959
1649303927208 2.0000000000000005e-05 12009
1649304029179 2.0000000000000005e-05 12059
1649304131289 2.0000000000000005e-05 12109
1649304233763 2.0000000000000005e-05 12159
1649304335498 2.0000000000000005e-05 12209
1649305172225 2.0000000000000005e-05 12221
