1649243196405 0.9 50
1649243403589 0.9 100
1649243612640 0.9 150
1649243820812 0.9 200
1649244028410 0.9 250
1649244236260 0.9 300
1649244444269 0.9 350
1649244652433 0.9 400
1649244860666 0.9 450
1649245069263 0.9 500
1649245278094 0.9 550
1649245448762 0.9 600
1649246427395 0.9 612
1649246639271 0.9 661
1649246848941 0.9 711
1649247058542 0.9 761
1649247268074 0.9 811
1649247477983 0.9 861
1649247687683 0.9 911
1649247897652 0.9 961
1649248107497 0.9 1011
1649248317515 0.9 1061
1649248527698 0.9 1111
1649248737991 0.9 1161
1649248903293 0.9 1211
1649249889301 0.9 1223
1649250103253 0.9 1272
1649250313543 0.9 1322
1649250523921 0.9 1372
1649250734503 0.9 1422
1649250945036 0.9 1472
1649251155796 0.9 1522
1649251366481 0.9 1572
1649251577311 0.9 1622
1649251788092 0.9 1672
1649251999191 0.9 1722
1649252210017 0.9 1772
1649252368813 0.9 1822
1649253354705 0.9 1834
1649253573266 0.9 1883
1649253788123 0.9 1933
1649254003306 0.9 1983
1649254217933 0.9 2033
1649254432687 0.9 2083
1649254647717 0.9 2133
1649254862742 0.9 2183
1649255077516 0.9 2233
1649255293032 0.9 2283
1649255508674 0.9 2333
1649255723471 0.9 2383
1649255881820 0.9 2433
1649256858268 0.9 2445
1649257073295 0.9 2494
1649257285207 0.9 2544
1649257497119 0.9 2594
1649257709004 0.9 2644
1649257920707 0.9 2694
1649258132552 0.9 2744
1649258344191 0.9 2794
1649258556034 0.9 2844
1649258767832 0.9 2894
1649258979859 0.9 2944
1649259190534 0.9 2994
1649259349614 0.9 3044
1649260327023 0.9 3056
1649260545965 0.9 3105
1649260761433 0.9 3155
1649260977517 0.9 3205
1649261193285 0.9 3255
1649261408915 0.9 3305
1649261624271 0.9 3355
1649261840532 0.9 3405
1649262056301 0.9 3455
1649262272345 0.9 3505
1649262488084 0.9 3555
1649262704160 0.9 3605
1649262864648 0.9 3655
1649263841707 0.9 3667
1649264060426 0.9 3716
1649264276322 0.9 3766
1649264492517 0.9 3816
1649264708605 0.9 3866
1649264925184 0.9 3916
1649265141410 0.9 3966
1649265357448 0.9 4016
1649265573630 0.9 4066
1649265789367 0.9 4116
1649266005339 0.9 4166
1649266220000 0.9 4216
1649266380661 0.9 4266
1649267359551 0.9 4278
1649267579093 0.9 4327
1649267795485 0.9 4377
1649268011289 0.9 4427
1649268227465 0.9 4477
1649268443645 0.9 4527
1649268659616 0.9 4577
1649268872897 0.9 4627
1649269085400 0.9 4677
1649269298575 0.9 4727
1649269511469 0.9 4777
1649269723729 0.9 4827
1649269884566 0.9 4877
1649270861872 0.9 4889
1649271078590 0.9 4938
1649271292219 0.9 4988
1649271505868 0.9 5038
1649271719492 0.9 5088
1649271932580 0.9 5138
1649272146663 0.9 5188
1649272360718 0.9 5238
1649272574661 0.9 5288
1649272788442 0.9 5338
1649273001511 0.9 5388
1649273211222 0.9 5438
1649273370661 0.9 5488
1649274333152 0.9 5500
1649274547929 0.9 5549
1649274759944 0.9 5599
1649274971449 0.9 5649
1649275183657 0.9 5699
1649275395087 0.9 5749
1649275607335 0.9 5799
1649275819131 0.9 5849
1649276030950 0.9 5899
1649276243097 0.9 5949
1649276454533 0.9 5999
1649276666474 0.9 6049
1649276825715 0.9 6099
1649277783104 0.9 6111
1649277998245 0.9 6160
1649278209691 0.9 6210
1649278421266 0.9 6260
1649278632879 0.9 6310
1649278844734 0.9 6360
1649279056317 0.9 6410
1649279267948 0.9 6460
1649279479863 0.9 6510
1649279691390 0.9 6560
1649279902955 0.9 6610
1649280114456 0.9 6660
1649280274657 0.9 6710
1649281229873 0.9 6722
1649281447546 0.9 6771
1649281661864 0.9 6821
1649281876375 0.9 6871
1649282091068 0.9 6921
1649282305451 0.9 6971
1649282519967 0.9 7021
1649282734660 0.9 7071
1649282949299 0.9 7121
1649283164145 0.9 7171
1649283378679 0.9 7221
1649283593446 0.9 7271
1649283758052 0.9 7321
1649284720547 0.9 7333
1649284936139 0.9 7382
1649285148033 0.9 7432
1649285359602 0.9 7482
1649285571214 0.9 7532
1649285783817 0.9 7582
1649285996196 0.9 7632
1649286208723 0.9 7682
1649286420856 0.9 7732
1649286632833 0.9 7782
1649286845232 0.9 7832
1649287057571 0.9 7882
1649287223099 0.9 7932
1649288180734 0.9 7944
1649288399219 0.9 7993
1649288613811 0.9 8043
1649288828723 0.9 8093
1649289043559 0.9 8143
1649289258617 0.9 8193
1649289473647 0.9 8243
1649289688540 0.9 8293
1649289903248 0.9 8343
1649290117985 0.9 8393
1649290332554 0.9 8443
1649290547449 0.9 8493
1649290714820 0.9 8543
1649291666411 0.9 8555
1649291882404 0.9 8604
1649292095396 0.9 8654
1649292308041 0.9 8704
1649292521232 0.9 8754
1649292733916 0.9 8804
1649292947189 0.9 8854
1649293160643 0.9 8904
1649293374083 0.9 8954
1649293587317 0.9 9004
1649293777244 0.9 9054
1649293879715 0.9 9104
1649293981791 0.9 9154
1649294835903 0.9 9166
1649294941021 0.9 9215
1649295043034 0.9 9265
1649295145049 0.9 9315
1649295247253 0.9 9365
1649295349161 0.9 9415
1649295451346 0.9 9465
1649295553262 0.9 9515
1649295655255 0.9 9565
1649295757198 0.9 9615
1649295859152 0.9 9665
1649295961211 0.9 9715
1649296063146 0.9 9765
1649296908333 0.9 9777
1649297013528 0.9 9826
1649297115356 0.9 9876
1649297217348 0.9 9926
1649297319380 0.9 9976
1649297421512 0.9 10026
1649297523467 0.9 10076
1649297625352 0.9 10126
1649297727349 0.9 10176
1649297829272 0.9 10226
1649297931258 0.9 10276
1649298033276 0.9 10326
1649298135300 0.9 10376
1649298981474 0.9 10388
1649299086324 0.9 10437
1649299188025 0.9 10487
1649299289910 0.9 10537
1649299392056 0.9 10587
1649299494279 0.9 10637
1649299596307 0.9 10687
1649299698368 0.9 10737
1649299800473 0.9 10787
1649299902465 0.9 10837
1649300004739 0.9 10887
1649300106791 0.9 10937
1649300208996 0.9 10987
1649301043393 0.9 10999
1649301148580 0.9 11048
1649301250393 0.9 11098
1649301352285 0.9 11148
1649301454461 0.9 11198
1649301556573 0.9 11248
1649301658696 0.9 11298
1649301760920 0.9 11348
1649301863068 0.9 11398
1649301965206 0.9 11448
1649302067130 0.9 11498
1649302169180 0.9 11548
1649302271564 0.9 11598
1649303109411 0.9 11610
1649303214443 0.9 11659
1649303316254 0.9 11709
1649303417997 0.9 11759
1649303519716 0.9 11809
1649303621554 0.9 11859
1649303723450 0.9 11909
1649303825326 0.9 11959
1649303927208 0.9 12009
1649304029179 0.9 12059
1649304131289 0.9 12109
1649304233763 0.9 12159
1649304335498 0.9 12209
1649305172225 0.9 12221
