1648784450045 9.890199999999994e-06 50
1648784463525 1.9880199999999993e-05 100
1648784477792 2.9870200000000004e-05 150
1648784491906 3.98602e-05 200
1648784505787 4.98502e-05 250
1648784520474 5.9840200000000003e-05 300
1648784534544 6.98302e-05 350
1648784548855 7.98202e-05 400
1648784562200 8.981020000000001e-05 450
1648784576430 9.98002e-05 500
1648784589925 0.0001 550
1648784603287 0.0001 600
1648784617923 0.0001 650
1648784629877 0.0001 700
1648784643335 0.0001 750
1648784656919 0.0001 800
1648784670601 0.0001 850
1648784684559 0.0001 900
1648784698963 0.0001 950
1648784712791 0.0001 1000
1648784726065 0.0001 1050
1648784739903 0.0001 1100
1648784754451 0.0001 1150
1648784768453 0.0001 1200
1648784781699 0.0001 1250
1648784796362 0.0001 1300
1648784810487 0.0001 1350
1648784824323 0.0001 1400
1648784837304 0.0001 1450
1648784850258 0.0001 1500
1648784864286 0.0001 1550
1648784878823 0.0001 1600
1648784892482 0.0001 1650
1648784906483 0.0001 1700
1648784920955 0.0001 1750
1648784935147 0.0001 1800
1648784949363 0.0001 1850
1648784959622 0.0001 1900
1648784969560 0.0001 1950
1648785024398 0.0001 1952
1648785033946 0.0001 2001
1648785041250 0.0001 2051
1648785047907 0.0001 2101
1648785054739 0.0001 2151
1648785061519 0.0001 2201
1648785068139 0.0001 2251
1648785076048 0.0001 2301
1648785083177 0.0001 2351
1648785090445 0.0001 2401
1648785097208 0.0001 2451
1648785104436 0.0001 2501
1648785111548 0.0001 2551
1648785118415 0.0001 2601
1648785125450 0.0001 2651
1648785132268 0.0001 2701
1648785139077 0.0001 2751
1648785146121 0.0001 2801
1648785152898 0.0001 2851
1648785159722 0.0001 2901
1648785166560 0.0001 2951
1648785173434 0.0001 3001
1648785180626 0.0001 3051
1648785187484 0.0001 3101
1648785194263 0.0001 3151
1648785201156 0.0001 3201
1648785208074 0.0001 3251
1648785214914 0.0001 3301
1648785221703 0.0001 3351
1648785228882 0.0001 3401
1648785235889 0.0001 3451
1648785244348 0.0001 3501
1648785255107 0.0001 3551
1648785265005 0.0001 3601
1648785276419 0.0001 3651
1648785288010 0.0001 3701
1648785298679 0.0001 3751
1648785308951 0.0001 3801
1648785319434 0.0001 3851
1648785330100 0.0001 3901
1648785396364 0.0001 3903
1648785416484 0.0001 3952
1648785434453 0.0001 4002
1648785452481 0.0001 4052
1648785469426 0.0001 4102
1648785486019 0.0001 4152
1648785502907 0.0001 4202
1648785520684 0.0001 4252
1648785537489 0.0001 4302
1648785554830 0.0001 4352
1648785571109 0.0001 4402
1648785589048 0.0001 4452
1648785607600 0.0001 4502
1648785621014 0.0001 4552
1648785635412 0.0001 4602
1648785648486 0.0001 4652
1648785662921 0.0001 4702
1648785676470 0.0001 4752
1648785690689 0.0001 4802
1648785704410 0.0001 4852
1648785717623 0.0001 4902
1648785731916 0.0001 4952
1648785745882 0.0001 5002
1648785760059 0.0001 5052
1648785774754 0.0001 5102
1648785788658 0.0001 5152
1648785802900 0.0001 5202
1648785818497 0.0001 5252
1648785833829 0.0001 5302
1648785848114 0.0001 5352
1648785862213 0.0001 5402
1648785876639 0.0001 5452
1648785890665 0.0001 5502
1648785905640 0.0001 5552
1648785920164 0.0001 5602
1648785934886 0.0001 5652
1648785947910 0.0001 5702
1648785959671 0.0001 5752
1648785969965 0.0001 5802
1648785980179 0.0001 5852
1648786035751 0.0001 5854
1648786052244 0.0001 5903
1648786066381 0.0001 5953
1648786080191 0.0001 6003
1648786094526 0.0001 6053
1648786109040 0.0001 6103
1648786122569 0.0001 6153
1648786136467 0.0001 6203
1648786150404 0.0001 6253
1648786163063 0.0001 6303
1648786177248 0.0001 6353
1648786192575 0.0001 6403
1648786206403 0.0001 6453
1648786219624 0.0001 6503
1648786233627 0.0001 6553
1648786247757 0.0001 6603
1648786261681 0.0001 6653
1648786275950 0.0001 6703
1648786290027 0.0001 6753
1648786304757 0.0001 6803
1648786319574 0.0001 6853
1648786333262 0.0001 6903
1648786346681 0.0001 6953
1648786360893 0.0001 7003
1648786376486 0.0001 7053
1648786390711 0.0001 7103
1648786404827 0.0001 7153
1648786418640 0.0001 7203
1648786433354 0.0001 7253
1648786447428 0.0001 7303
1648786461265 0.0001 7353
1648786475011 0.0001 7403
1648786490595 0.0001 7453
1648786504875 0.0001 7503
1648786518971 0.0001 7553
1648786532302 0.0001 7603
1648786546159 0.0001 7653
1648786556712 0.0001 7703
1648786565833 0.0001 7753
1648786575688 0.0001 7803
1648786634598 0.0001 7805
1648786649995 0.0001 7854
1648786663317 0.0001 7904
1648786679574 0.0001 7954
1648786692801 0.0001 8004
1648786707249 0.0001 8054
1648786721799 0.0001 8104
1648786735639 0.0001 8154
1648786749428 0.0001 8204
1648786763507 0.0001 8254
1648786777905 0.0001 8304
1648786791936 0.0001 8354
1648786806796 0.0001 8404
1648786820772 0.0001 8454
1648786834793 0.0001 8504
1648786850566 0.0001 8554
1648786864811 0.0001 8604
1648786879001 0.0001 8654
1648786892046 0.0001 8704
1648786906183 0.0001 8754
1648786920224 0.0001 8804
1648786933887 0.0001 8854
1648786948246 0.0001 8904
1648786962108 0.0001 8954
1648786977171 0.0001 9004
1648786992072 0.0001 9054
1648787006367 0.0001 9104
1648787019592 0.0001 9154
1648787033999 0.0001 9204
1648787048446 0.0001 9254
1648787062324 0.0001 9304
1648787077455 0.0001 9354
1648787091014 0.0001 9404
1648787105317 0.0001 9454
1648787119498 0.0001 9504
1648787133610 0.0001 9554
1648787145747 0.0001 9604
1648787157441 0.0001 9654
1648787168106 0.0001 9704
1648787178992 0.0001 9754
1648787242089 0.0001 9756
1648787258219 0.0001 9805
1648787271104 0.0001 9855
1648787286516 0.0001 9905
1648787301128 0.0001 9955
1648787314962 0.0001 10005
1648787329228 0.0001 10055
1648787343729 0.0001 10105
1648787358213 0.0001 10155
1648787370296 0.0001 10205
1648787383705 0.0001 10255
1648787397785 0.0001 10305
1648787412257 0.0001 10355
1648787426732 0.0001 10405
1648787441740 0.0001 10455
1648787455644 0.0001 10505
1648787470193 0.0001 10555
1648787483662 0.0001 10605
1648787497422 0.0001 10655
1648787511271 0.0001 10705
1648787525099 0.0001 10755
1648787539560 0.0001 10805
1648787553153 0.0001 10855
1648787567444 0.0001 10905
1648787581179 0.0001 10955
1648787595463 0.0001 11005
1648787608652 0.0001 11055
1648787622612 0.0001 11105
1648787636047 0.0001 11155
1648787650618 0.0001 11205
1648787665080 0.0001 11255
1648787679819 0.0001 11305
1648787694355 0.0001 11355
1648787708747 0.0001 11405
1648787723263 0.0001 11455
1648787735292 0.0001 11505
1648787745440 0.0001 11555
1648787756080 0.0001 11605
1648787767488 0.0001 11655
1648787777964 0.0001 11705
1648787842724 0.0001 11707
1648787858040 0.0001 11756
1648787872120 0.0001 11806
1648787886033 0.0001 11856
1648787899296 0.0001 11906
1648787912815 0.0001 11956
1648787926955 0.0001 12006
1648787940982 0.0001 12056
1648787954072 0.0001 12106
1648787967940 0.0001 12156
1648787982837 0.0001 12206
1648787996925 0.0001 12256
1648788009996 0.0001 12306
1648788023769 0.0001 12356
1648788037636 0.0001 12406
1648788051896 0.0001 12456
1648788066179 0.0001 12506
1648788079883 0.0001 12556
1648788093786 0.0001 12606
1648788108181 0.0001 12656
1648788122009 0.0001 12706
1648788136368 0.0001 12756
1648788150711 0.0001 12806
1648788164180 0.0001 12856
1648788178879 0.0001 12906
1648788192902 0.0001 12956
1648788206132 0.0001 13006
1648788219360 0.0001 13056
1648788232947 0.0001 13106
1648788245945 0.0001 13156
1648788259706 0.0001 13206
1648788272619 0.0001 13256
1648788287194 0.0001 13306
1648788301052 0.0001 13356
1648788315337 0.0001 13406
1648788329152 0.0001 13456
1648788338916 0.0001 13506
1648788349579 0.0001 13556
1648788359553 0.0001 13606
1648788368664 0.0001 13656
1648788430223 0.0001 13658
1648788447324 0.0001 13707
1648788461420 0.0001 13757
1648788476133 0.0001 13807
1648788490212 0.0001 13857
1648788504484 0.0001 13907
1648788518931 0.0001 13957
1648788534113 0.0001 14007
1648788548405 0.0001 14057
1648788561718 0.0001 14107
1648788576072 0.0001 14157
1648788590071 0.0001 14207
1648788604556 0.0001 14257
1648788617592 0.0001 14307
1648788632150 0.0001 14357
1648788645846 0.0001 14407
1648788659755 0.0001 14457
1648788673379 0.0001 14507
1648788688345 0.0001 14557
1648788702875 0.0001 14607
1648788717524 0.0001 14657
1648788731909 0.0001 14707
1648788745734 0.0001 14757
1648788759763 0.0001 14807
1648788772626 0.0001 14857
1648788787459 0.0001 14907
1648788801096 0.0001 14957
1648788814437 0.0001 15007
1648788828119 0.0001 15057
1648788842297 0.0001 15107
1648788855595 0.0001 15157
1648788870595 0.0001 15207
1648788883907 0.0001 15257
1648788896931 0.0001 15307
1648788910701 0.0001 15357
1648788923921 0.0001 15407
1648788935528 0.0001 15457
1648788945343 0.0001 15507
1648788955311 0.0001 15557
1648788965051 0.0001 15607
1648789025565 0.0001 15609
1648789041062 1e-05 15658
1648789054480 1e-05 15708
1648789067468 1e-05 15758
1648789081877 1e-05 15808
1648789095989 1e-05 15858
1648789109646 1e-05 15908
1648789123409 1e-05 15958
1648789137622 1e-05 16008
1648789152406 1e-05 16058
1648789167311 1e-05 16108
1648789182622 1e-05 16158
1648789196887 1e-05 16208
1648789211692 1e-05 16258
1648789226535 1e-05 16308
1648789241266 1e-05 16358
1648789255114 1e-05 16408
1648789269911 1e-05 16458
1648789283432 1e-05 16508
1648789297859 1e-05 16558
1648789312183 1e-05 16608
1648789325678 1e-05 16658
1648789340660 1e-05 16708
1648789354345 1e-05 16758
1648789369426 1e-05 16808
1648789384324 1e-05 16858
1648789399320 1e-05 16908
1648789413017 1e-05 16958
1648789427122 1e-05 17008
1648789440310 1e-05 17058
1648789453948 1e-05 17108
1648789466794 1e-05 17158
1648789480750 1e-05 17208
1648789494974 1e-05 17258
1648789508542 1e-05 17308
1648789523082 1e-05 17358
1648789534398 1e-05 17408
1648789545608 1e-05 17458
1648789557037 1e-05 17508
1648789566666 1e-05 17558
1648789631546 1e-05 17560
1648789646617 1e-05 17609
1648789661053 1e-05 17659
1648789674726 1e-05 17709
1648789689862 1e-05 17759
1648789703528 1e-05 17809
1648789716712 1e-05 17859
1648789731514 1e-05 17909
1648789745438 1e-05 17959
1648789760303 1e-05 18009
1648789774581 1e-05 18059
1648789789065 1e-05 18109
1648789803322 1e-05 18159
1648789818187 1e-05 18209
1648789833568 1e-05 18259
1648789847956 1e-05 18309
1648789862280 1e-05 18359
1648789876166 1e-05 18409
1648789891248 1e-05 18459
1648789905218 1e-05 18509
1648789918973 1e-05 18559
1648789932199 1e-05 18609
1648789946093 1e-05 18659
1648789959940 1e-05 18709
1648789973076 1e-05 18759
1648789987672 1e-05 18809
1648790000856 1e-05 18859
1648790014638 1e-05 18909
1648790029184 1e-05 18959
1648790043346 1e-05 19009
1648790058360 1e-05 19059
1648790072882 1e-05 19109
1648790086850 1e-05 19159
1648790101555 1e-05 19209
1648790116129 1e-05 19259
1648790129260 1e-05 19309
1648790139674 1e-05 19359
1648790150030 1e-05 19409
1648790159773 1e-05 19459
1648790169196 1e-05 19509
1648790232764 1e-05 19511
1648790249070 1e-05 19560
1648790263930 1e-05 19610
1648790278932 1e-05 19660
1648790292985 1e-05 19710
1648790306631 1e-05 19760
1648790319324 1e-05 19810
1648790333318 1e-05 19860
1648790346777 1e-05 19910
1648790361142 1e-05 19960
1648790375107 1e-05 20010
1648790389023 1e-05 20060
1648790403905 1e-05 20110
1648790416026 1e-05 20160
1648790430616 1e-05 20210
1648790444776 1e-05 20260
1648790459599 1e-05 20310
1648790472492 1e-05 20360
1648790485855 1e-05 20410
1648790499567 1e-05 20460
1648790513922 1e-05 20510
1648790527723 1e-05 20560
1648790540993 1e-05 20610
1648790553734 1e-05 20660
1648790568532 1e-05 20710
1648790582316 1e-05 20760
1648790596620 1e-05 20810
1648790610475 1e-05 20860
1648790625171 1e-05 20910
1648790638700 1e-05 20960
1648790653104 1e-05 21010
1648790667946 1e-05 21060
1648790681596 1e-05 21110
1648790695416 1e-05 21160
1648790708993 1e-05 21210
1648790724034 1e-05 21260
1648790736240 1e-05 21310
1648790746029 1e-05 21360
1648790756281 1e-05 21410
1648790766904 1e-05 21460
1648790825879 1e-05 21462
1648790842556 1.0000000000000002e-06 21511
1648790856161 1.0000000000000002e-06 21561
1648790870727 1.0000000000000002e-06 21611
1648790882843 1.0000000000000002e-06 21661
1648790896873 1.0000000000000002e-06 21711
1648790910905 1.0000000000000002e-06 21761
1648790923943 1.0000000000000002e-06 21811
1648790937478 1.0000000000000002e-06 21861
1648790950847 1.0000000000000002e-06 21911
1648790964564 1.0000000000000002e-06 21961
1648790978452 1.0000000000000002e-06 22011
1648790991899 1.0000000000000002e-06 22061
1648791005871 1.0000000000000002e-06 22111
1648791020692 1.0000000000000002e-06 22161
1648791035136 1.0000000000000002e-06 22211
1648791049531 1.0000000000000002e-06 22261
1648791063479 1.0000000000000002e-06 22311
1648791076954 1.0000000000000002e-06 22361
1648791091662 1.0000000000000002e-06 22411
1648791106755 1.0000000000000002e-06 22461
1648791120547 1.0000000000000002e-06 22511
1648791134672 1.0000000000000002e-06 22561
1648791149261 1.0000000000000002e-06 22611
1648791161702 1.0000000000000002e-06 22661
1648791174670 1.0000000000000002e-06 22711
1648791188389 1.0000000000000002e-06 22761
1648791201562 1.0000000000000002e-06 22811
1648791216300 1.0000000000000002e-06 22861
1648791230771 1.0000000000000002e-06 22911
1648791244581 1.0000000000000002e-06 22961
1648791258842 1.0000000000000002e-06 23011
1648791271568 1.0000000000000002e-06 23061
1648791284442 1.0000000000000002e-06 23111
1648791298911 1.0000000000000002e-06 23161
1648791313366 1.0000000000000002e-06 23211
1648791327332 1.0000000000000002e-06 23261
1648791339170 1.0000000000000002e-06 23311
1648791349473 1.0000000000000002e-06 23361
1648791359148 1.0000000000000002e-06 23411
1648791420362 1.0000000000000002e-06 23413
