1648784450045 0.9 50
1648784463525 0.9 100
1648784477792 0.9 150
1648784491906 0.9 200
1648784505787 0.9 250
1648784520474 0.9 300
1648784534544 0.9 350
1648784548855 0.9 400
1648784562200 0.9 450
1648784576430 0.9 500
1648784589925 0.9 550
1648784603287 0.9 600
1648784617923 0.9 650
1648784629877 0.9 700
1648784643335 0.9 750
1648784656919 0.9 800
1648784670601 0.9 850
1648784684559 0.9 900
1648784698963 0.9 950
1648784712791 0.9 1000
1648784726065 0.9 1050
1648784739903 0.9 1100
1648784754451 0.9 1150
1648784768453 0.9 1200
1648784781699 0.9 1250
1648784796362 0.9 1300
1648784810487 0.9 1350
1648784824323 0.9 1400
1648784837304 0.9 1450
1648784850258 0.9 1500
1648784864286 0.9 1550
1648784878823 0.9 1600
1648784892482 0.9 1650
1648784906483 0.9 1700
1648784920955 0.9 1750
1648784935147 0.9 1800
1648784949363 0.9 1850
1648784959622 0.9 1900
1648784969560 0.9 1950
1648785024398 0.9 1952
1648785033946 0.9 2001
1648785041250 0.9 2051
1648785047907 0.9 2101
1648785054739 0.9 2151
1648785061519 0.9 2201
1648785068139 0.9 2251
1648785076048 0.9 2301
1648785083177 0.9 2351
1648785090445 0.9 2401
1648785097208 0.9 2451
1648785104436 0.9 2501
1648785111548 0.9 2551
1648785118415 0.9 2601
1648785125450 0.9 2651
1648785132268 0.9 2701
1648785139077 0.9 2751
1648785146121 0.9 2801
1648785152898 0.9 2851
1648785159722 0.9 2901
1648785166560 0.9 2951
1648785173434 0.9 3001
1648785180626 0.9 3051
1648785187484 0.9 3101
1648785194263 0.9 3151
1648785201156 0.9 3201
1648785208074 0.9 3251
1648785214914 0.9 3301
1648785221703 0.9 3351
1648785228882 0.9 3401
1648785235889 0.9 3451
1648785244348 0.9 3501
1648785255107 0.9 3551
1648785265005 0.9 3601
1648785276419 0.9 3651
1648785288010 0.9 3701
1648785298679 0.9 3751
1648785308951 0.9 3801
1648785319434 0.9 3851
1648785330100 0.9 3901
1648785396364 0.9 3903
1648785416484 0.9 3952
1648785434453 0.9 4002
1648785452481 0.9 4052
1648785469426 0.9 4102
1648785486019 0.9 4152
1648785502907 0.9 4202
1648785520684 0.9 4252
1648785537489 0.9 4302
1648785554830 0.9 4352
1648785571109 0.9 4402
1648785589048 0.9 4452
1648785607600 0.9 4502
1648785621014 0.9 4552
1648785635412 0.9 4602
1648785648486 0.9 4652
1648785662921 0.9 4702
1648785676470 0.9 4752
1648785690689 0.9 4802
1648785704410 0.9 4852
1648785717623 0.9 4902
1648785731916 0.9 4952
1648785745882 0.9 5002
1648785760059 0.9 5052
1648785774754 0.9 5102
1648785788658 0.9 5152
1648785802900 0.9 5202
1648785818497 0.9 5252
1648785833829 0.9 5302
1648785848114 0.9 5352
1648785862213 0.9 5402
1648785876639 0.9 5452
1648785890665 0.9 5502
1648785905640 0.9 5552
1648785920164 0.9 5602
1648785934886 0.9 5652
1648785947910 0.9 5702
1648785959671 0.9 5752
1648785969965 0.9 5802
1648785980179 0.9 5852
1648786035751 0.9 5854
1648786052244 0.9 5903
1648786066381 0.9 5953
1648786080191 0.9 6003
1648786094526 0.9 6053
1648786109040 0.9 6103
1648786122569 0.9 6153
1648786136467 0.9 6203
1648786150404 0.9 6253
1648786163063 0.9 6303
1648786177248 0.9 6353
1648786192575 0.9 6403
1648786206403 0.9 6453
1648786219624 0.9 6503
1648786233627 0.9 6553
1648786247757 0.9 6603
1648786261681 0.9 6653
1648786275950 0.9 6703
1648786290027 0.9 6753
1648786304757 0.9 6803
1648786319574 0.9 6853
1648786333262 0.9 6903
1648786346681 0.9 6953
1648786360893 0.9 7003
1648786376486 0.9 7053
1648786390711 0.9 7103
1648786404827 0.9 7153
1648786418640 0.9 7203
1648786433354 0.9 7253
1648786447428 0.9 7303
1648786461265 0.9 7353
1648786475011 0.9 7403
1648786490595 0.9 7453
1648786504875 0.9 7503
1648786518971 0.9 7553
1648786532302 0.9 7603
1648786546159 0.9 7653
1648786556712 0.9 7703
1648786565833 0.9 7753
1648786575688 0.9 7803
1648786634598 0.9 7805
1648786649995 0.9 7854
1648786663317 0.9 7904
1648786679574 0.9 7954
1648786692801 0.9 8004
1648786707249 0.9 8054
1648786721799 0.9 8104
1648786735639 0.9 8154
1648786749428 0.9 8204
1648786763507 0.9 8254
1648786777905 0.9 8304
1648786791936 0.9 8354
1648786806796 0.9 8404
1648786820772 0.9 8454
1648786834793 0.9 8504
1648786850566 0.9 8554
1648786864811 0.9 8604
1648786879001 0.9 8654
1648786892046 0.9 8704
1648786906183 0.9 8754
1648786920224 0.9 8804
1648786933887 0.9 8854
1648786948246 0.9 8904
1648786962108 0.9 8954
1648786977171 0.9 9004
1648786992072 0.9 9054
1648787006367 0.9 9104
1648787019592 0.9 9154
1648787033999 0.9 9204
1648787048446 0.9 9254
1648787062324 0.9 9304
1648787077455 0.9 9354
1648787091014 0.9 9404
1648787105317 0.9 9454
1648787119498 0.9 9504
1648787133610 0.9 9554
1648787145747 0.9 9604
1648787157441 0.9 9654
1648787168106 0.9 9704
1648787178992 0.9 9754
1648787242089 0.9 9756
1648787258219 0.9 9805
1648787271104 0.9 9855
1648787286516 0.9 9905
1648787301128 0.9 9955
1648787314962 0.9 10005
1648787329228 0.9 10055
1648787343729 0.9 10105
1648787358213 0.9 10155
1648787370296 0.9 10205
1648787383705 0.9 10255
1648787397785 0.9 10305
1648787412257 0.9 10355
1648787426732 0.9 10405
1648787441740 0.9 10455
1648787455644 0.9 10505
1648787470193 0.9 10555
1648787483662 0.9 10605
1648787497422 0.9 10655
1648787511271 0.9 10705
1648787525099 0.9 10755
1648787539560 0.9 10805
1648787553153 0.9 10855
1648787567444 0.9 10905
1648787581179 0.9 10955
1648787595463 0.9 11005
1648787608652 0.9 11055
1648787622612 0.9 11105
1648787636047 0.9 11155
1648787650618 0.9 11205
1648787665080 0.9 11255
1648787679819 0.9 11305
1648787694355 0.9 11355
1648787708747 0.9 11405
1648787723263 0.9 11455
1648787735292 0.9 11505
1648787745440 0.9 11555
1648787756080 0.9 11605
1648787767488 0.9 11655
1648787777964 0.9 11705
1648787842724 0.9 11707
1648787858040 0.9 11756
1648787872120 0.9 11806
1648787886033 0.9 11856
1648787899296 0.9 11906
1648787912815 0.9 11956
1648787926955 0.9 12006
1648787940982 0.9 12056
1648787954072 0.9 12106
1648787967940 0.9 12156
1648787982837 0.9 12206
1648787996925 0.9 12256
1648788009996 0.9 12306
1648788023769 0.9 12356
1648788037636 0.9 12406
1648788051896 0.9 12456
1648788066179 0.9 12506
1648788079883 0.9 12556
1648788093786 0.9 12606
1648788108181 0.9 12656
1648788122009 0.9 12706
1648788136368 0.9 12756
1648788150711 0.9 12806
1648788164180 0.9 12856
1648788178879 0.9 12906
1648788192902 0.9 12956
1648788206132 0.9 13006
1648788219360 0.9 13056
1648788232947 0.9 13106
1648788245945 0.9 13156
1648788259706 0.9 13206
1648788272619 0.9 13256
1648788287194 0.9 13306
1648788301052 0.9 13356
1648788315337 0.9 13406
1648788329152 0.9 13456
1648788338916 0.9 13506
1648788349579 0.9 13556
1648788359553 0.9 13606
1648788368664 0.9 13656
1648788430223 0.9 13658
1648788447324 0.9 13707
1648788461420 0.9 13757
1648788476133 0.9 13807
1648788490212 0.9 13857
1648788504484 0.9 13907
1648788518931 0.9 13957
1648788534113 0.9 14007
1648788548405 0.9 14057
1648788561718 0.9 14107
1648788576072 0.9 14157
1648788590071 0.9 14207
1648788604556 0.9 14257
1648788617592 0.9 14307
1648788632150 0.9 14357
1648788645846 0.9 14407
1648788659755 0.9 14457
1648788673379 0.9 14507
1648788688345 0.9 14557
1648788702875 0.9 14607
1648788717524 0.9 14657
1648788731909 0.9 14707
1648788745734 0.9 14757
1648788759763 0.9 14807
1648788772626 0.9 14857
1648788787459 0.9 14907
1648788801096 0.9 14957
1648788814437 0.9 15007
1648788828119 0.9 15057
1648788842297 0.9 15107
1648788855595 0.9 15157
1648788870595 0.9 15207
1648788883907 0.9 15257
1648788896931 0.9 15307
1648788910701 0.9 15357
1648788923921 0.9 15407
1648788935528 0.9 15457
1648788945343 0.9 15507
1648788955311 0.9 15557
1648788965051 0.9 15607
1648789025565 0.9 15609
1648789041062 0.9 15658
1648789054480 0.9 15708
1648789067468 0.9 15758
1648789081877 0.9 15808
1648789095989 0.9 15858
1648789109646 0.9 15908
1648789123409 0.9 15958
1648789137622 0.9 16008
1648789152406 0.9 16058
1648789167311 0.9 16108
1648789182622 0.9 16158
1648789196887 0.9 16208
1648789211692 0.9 16258
1648789226535 0.9 16308
1648789241266 0.9 16358
1648789255114 0.9 16408
1648789269911 0.9 16458
1648789283432 0.9 16508
1648789297859 0.9 16558
1648789312183 0.9 16608
1648789325678 0.9 16658
1648789340660 0.9 16708
1648789354345 0.9 16758
1648789369426 0.9 16808
1648789384324 0.9 16858
1648789399320 0.9 16908
1648789413017 0.9 16958
1648789427122 0.9 17008
1648789440310 0.9 17058
1648789453948 0.9 17108
1648789466794 0.9 17158
1648789480750 0.9 17208
1648789494974 0.9 17258
1648789508542 0.9 17308
1648789523082 0.9 17358
1648789534398 0.9 17408
1648789545608 0.9 17458
1648789557037 0.9 17508
1648789566666 0.9 17558
1648789631546 0.9 17560
1648789646617 0.9 17609
1648789661053 0.9 17659
1648789674726 0.9 17709
1648789689862 0.9 17759
1648789703528 0.9 17809
1648789716712 0.9 17859
1648789731514 0.9 17909
1648789745438 0.9 17959
1648789760303 0.9 18009
1648789774581 0.9 18059
1648789789065 0.9 18109
1648789803322 0.9 18159
1648789818187 0.9 18209
1648789833568 0.9 18259
1648789847956 0.9 18309
1648789862280 0.9 18359
1648789876166 0.9 18409
1648789891248 0.9 18459
1648789905218 0.9 18509
1648789918973 0.9 18559
1648789932199 0.9 18609
1648789946093 0.9 18659
1648789959940 0.9 18709
1648789973076 0.9 18759
1648789987672 0.9 18809
1648790000856 0.9 18859
1648790014638 0.9 18909
1648790029184 0.9 18959
1648790043346 0.9 19009
1648790058360 0.9 19059
1648790072882 0.9 19109
1648790086850 0.9 19159
1648790101555 0.9 19209
1648790116129 0.9 19259
1648790129260 0.9 19309
1648790139674 0.9 19359
1648790150030 0.9 19409
1648790159773 0.9 19459
1648790169196 0.9 19509
1648790232764 0.9 19511
1648790249070 0.9 19560
1648790263930 0.9 19610
1648790278932 0.9 19660
1648790292985 0.9 19710
1648790306631 0.9 19760
1648790319324 0.9 19810
1648790333318 0.9 19860
1648790346777 0.9 19910
1648790361142 0.9 19960
1648790375107 0.9 20010
1648790389023 0.9 20060
1648790403905 0.9 20110
1648790416026 0.9 20160
1648790430616 0.9 20210
1648790444776 0.9 20260
1648790459599 0.9 20310
1648790472492 0.9 20360
1648790485855 0.9 20410
1648790499567 0.9 20460
1648790513922 0.9 20510
1648790527723 0.9 20560
1648790540993 0.9 20610
1648790553734 0.9 20660
1648790568532 0.9 20710
1648790582316 0.9 20760
1648790596620 0.9 20810
1648790610475 0.9 20860
1648790625171 0.9 20910
1648790638700 0.9 20960
1648790653104 0.9 21010
1648790667946 0.9 21060
1648790681596 0.9 21110
1648790695416 0.9 21160
1648790708993 0.9 21210
1648790724034 0.9 21260
1648790736240 0.9 21310
1648790746029 0.9 21360
1648790756281 0.9 21410
1648790766904 0.9 21460
1648790825879 0.9 21462
1648790842556 0.9 21511
1648790856161 0.9 21561
1648790870727 0.9 21611
1648790882843 0.9 21661
1648790896873 0.9 21711
1648790910905 0.9 21761
1648790923943 0.9 21811
1648790937478 0.9 21861
1648790950847 0.9 21911
1648790964564 0.9 21961
1648790978452 0.9 22011
1648790991899 0.9 22061
1648791005871 0.9 22111
1648791020692 0.9 22161
1648791035136 0.9 22211
1648791049531 0.9 22261
1648791063479 0.9 22311
1648791076954 0.9 22361
1648791091662 0.9 22411
1648791106755 0.9 22461
1648791120547 0.9 22511
1648791134672 0.9 22561
1648791149261 0.9 22611
1648791161702 0.9 22661
1648791174670 0.9 22711
1648791188389 0.9 22761
1648791201562 0.9 22811
1648791216300 0.9 22861
1648791230771 0.9 22911
1648791244581 0.9 22961
1648791258842 0.9 23011
1648791271568 0.9 23061
1648791284442 0.9 23111
1648791298911 0.9 23161
1648791313366 0.9 23211
1648791327332 0.9 23261
1648791339170 0.9 23311
1648791349473 0.9 23361
1648791359148 0.9 23411
1648791420362 0.9 23413
