1648707899776 4.995100000000008e-06 50
1648707913901 9.990100000000003e-06 100
1648707927340 1.4985100000000007e-05 150
1648707940706 1.9980100000000012e-05 200
1648707954161 2.4975099999999994e-05 250
1648707967409 2.997009999999999e-05 300
1648707980768 3.4965099999999995e-05 350
1648707994215 3.99601e-05 400
1648708007783 4.4955100000000006e-05 450
1648708021245 4.99501e-05 500
1648708034810 5.4945100000000004e-05 550
1648708048362 5.99401e-05 600
1648708061800 6.493510000000001e-05 650
1648708075282 6.99301e-05 700
1648708088753 7.49251e-05 750
1648708102471 7.992010000000001e-05 800
1648708115972 8.49151e-05 850
1648708128990 8.99101e-05 900
1648708142280 9.490510000000001e-05 950
1648708155760 9.990010000000001e-05 1000
1648708169480 0.0001 1050
1648708182882 0.0001 1100
1648708196126 0.0001 1150
1648708209500 0.0001 1200
1648708223202 0.0001 1250
1648708236504 0.0001 1300
1648708249774 0.0001 1350
1648708262795 0.0001 1400
1648708276176 0.0001 1450
1648708289991 0.0001 1500
1648708303342 0.0001 1550
1648708316678 0.0001 1600
1648708330159 0.0001 1650
1648708343422 0.0001 1700
1648708356656 0.0001 1750
1648708370140 0.0001 1800
1648708383537 0.0001 1850
1648708396788 0.0001 1900
1648708410182 0.0001 1950
1648708482199 0.0001 1958
1648708499304 0.0001 2007
1648708513174 0.0001 2057
1648708526228 0.0001 2107
1648708539899 0.0001 2157
1648708553172 0.0001 2207
1648708566572 0.0001 2257
1648708580078 0.0001 2307
1648708593457 0.0001 2357
1648708606682 0.0001 2407
1648708619866 0.0001 2457
1648708633313 0.0001 2507
1648708647115 0.0001 2557
1648708660344 0.0001 2607
1648708673894 0.0001 2657
1648708687538 0.0001 2707
1648708701018 0.0001 2757
1648708714373 0.0001 2807
1648708727788 0.0001 2857
1648708741156 0.0001 2907
1648708754377 0.0001 2957
1648708767677 0.0001 3007
1648708780960 0.0001 3057
1648708794430 0.0001 3107
1648708807448 0.0001 3157
1648708820910 0.0001 3207
1648708834516 0.0001 3257
1648708847891 0.0001 3307
1648708861539 0.0001 3357
1648708875659 0.0001 3407
1648708889189 0.0001 3457
1648708903083 0.0001 3507
1648708916555 0.0001 3557
1648708930013 0.0001 3607
1648708943603 0.0001 3657
1648708956908 0.0001 3707
1648708970477 0.0001 3757
1648708983827 0.0001 3807
1648708997206 0.0001 3857
1648709010792 0.0001 3907
1648709080831 0.0001 3915
1648709096582 0.0001 3964
1648709110109 0.0001 4014
1648709123531 0.0001 4064
1648709136978 0.0001 4114
1648709150256 0.0001 4164
1648709163450 0.0001 4214
1648709176905 0.0001 4264
1648709190263 0.0001 4314
1648709203480 0.0001 4364
1648709216948 0.0001 4414
1648709230275 0.0001 4464
1648709243604 0.0001 4514
1648709256772 0.0001 4564
1648709270150 0.0001 4614
1648709283903 0.0001 4664
1648709297275 0.0001 4714
1648709310675 0.0001 4764
1648709324110 0.0001 4814
1648709337682 0.0001 4864
1648709350957 0.0001 4914
1648709363921 0.0001 4964
1648709377202 0.0001 5014
1648709390570 0.0001 5064
1648709404049 0.0001 5114
1648709417307 0.0001 5164
1648709430542 0.0001 5214
1648709443655 0.0001 5264
1648709457021 0.0001 5314
1648709470459 0.0001 5364
1648709483894 0.0001 5414
1648709497256 0.0001 5464
1648709510677 0.0001 5514
1648709524690 0.0001 5564
1648709538849 0.0001 5614
1648709552219 0.0001 5664
1648709565438 0.0001 5714
1648709578990 0.0001 5764
1648709592405 0.0001 5814
1648709605436 0.0001 5864
1648709675292 0.0001 5872
1648709690995 0.0001 5921
1648709704761 0.0001 5971
1648709718199 0.0001 6021
1648709731885 0.0001 6071
1648709745347 0.0001 6121
1648709758623 0.0001 6171
1648709771894 0.0001 6221
1648709785175 0.0001 6271
1648709798581 0.0001 6321
1648709811829 0.0001 6371
1648709825079 0.0001 6421
1648709838599 0.0001 6471
1648709851975 0.0001 6521
1648709865586 0.0001 6571
1648709879170 0.0001 6621
1648709892780 0.0001 6671
1648709906057 0.0001 6721
1648709919913 0.0001 6771
1648709933497 0.0001 6821
1648709947116 0.0001 6871
1648709960646 0.0001 6921
1648709974115 0.0001 6971
1648709987568 0.0001 7021
1648710000483 0.0001 7071
1648710013888 0.0001 7121
1648710027575 0.0001 7171
1648710040892 0.0001 7221
1648710054443 0.0001 7271
1648710067518 0.0001 7321
1648710080781 0.0001 7371
1648710093982 0.0001 7421
1648710107550 0.0001 7471
1648710121079 0.0001 7521
1648710134555 0.0001 7571
1648710147945 0.0001 7621
1648710161367 0.0001 7671
1648710174932 0.0001 7721
1648710188787 0.0001 7771
1648710202643 0.0001 7821
1648710272443 0.0001 7829
1648710288344 0.0001 7878
1648710301633 0.0001 7928
1648710315585 0.0001 7978
1648710328925 0.0001 8028
1648710342221 0.0001 8078
1648710355439 0.0001 8128
1648710368849 0.0001 8178
1648710382613 0.0001 8228
1648710396263 0.0001 8278
1648710409968 0.0001 8328
1648710423420 0.0001 8378
1648710437130 0.0001 8428
1648710450391 0.0001 8478
1648710463869 0.0001 8528
1648710477551 0.0001 8578
1648710490904 0.0001 8628
1648710504290 0.0001 8678
1648710517776 0.0001 8728
1648710530955 0.0001 8778
1648710544408 0.0001 8828
1648710557612 0.0001 8878
1648710570839 0.0001 8928
1648710584377 0.0001 8978
1648710597683 0.0001 9028
1648710611358 0.0001 9078
1648710625209 0.0001 9128
1648710638895 0.0001 9178
1648710652910 0.0001 9228
1648710666298 0.0001 9278
1648710679774 0.0001 9328
1648710693312 0.0001 9378
1648710706839 0.0001 9428
1648710720073 0.0001 9478
1648710733305 0.0001 9528
1648710746977 0.0001 9578
1648710760154 0.0001 9628
1648710773242 0.0001 9678
1648710786819 0.0001 9728
1648710800319 0.0001 9778
1648710871745 0.0001 9786
1648710887549 0.0001 9835
1648710900724 0.0001 9885
1648710913834 0.0001 9935
1648710926979 0.0001 9985
1648710939887 0.0001 10035
1648710953333 0.0001 10085
1648710967168 0.0001 10135
1648710980945 0.0001 10185
1648710994648 0.0001 10235
1648711008254 0.0001 10285
1648711021475 0.0001 10335
1648711034940 0.0001 10385
1648711048405 0.0001 10435
1648711061467 0.0001 10485
1648711074947 0.0001 10535
1648711088038 0.0001 10585
1648711101370 0.0001 10635
1648711114520 0.0001 10685
1648711127603 0.0001 10735
1648711141095 0.0001 10785
1648711154646 0.0001 10835
1648711168122 0.0001 10885
1648711181703 0.0001 10935
1648711195874 0.0001 10985
1648711208874 0.0001 11035
1648711222301 0.0001 11085
1648711236197 0.0001 11135
1648711249294 0.0001 11185
1648711262728 0.0001 11235
1648711276037 0.0001 11285
1648711289464 0.0001 11335
1648711302533 0.0001 11385
1648711315728 0.0001 11435
1648711329208 0.0001 11485
1648711342497 0.0001 11535
1648711356127 0.0001 11585
1648711370162 0.0001 11635
1648711383606 0.0001 11685
1648711396940 0.0001 11735
1648711466741 0.0001 11743
1648711482989 0.0001 11792
1648711495987 0.0001 11842
1648711509041 0.0001 11892
1648711522605 0.0001 11942
1648711535939 0.0001 11992
1648711549680 0.0001 12042
1648711563146 0.0001 12092
1648711576798 0.0001 12142
1648711589883 0.0001 12192
1648711603024 0.0001 12242
1648711616268 0.0001 12292
1648711630134 0.0001 12342
1648711643781 0.0001 12392
1648711657102 0.0001 12442
1648711670667 0.0001 12492
1648711684390 0.0001 12542
1648711697910 0.0001 12592
1648711711453 0.0001 12642
1648711725168 0.0001 12692
1648711738876 0.0001 12742
1648711752152 0.0001 12792
1648711765525 0.0001 12842
1648711779266 0.0001 12892
1648711792699 0.0001 12942
1648711805965 0.0001 12992
1648711819201 0.0001 13042
1648711832777 0.0001 13092
1648711846174 0.0001 13142
1648711859618 0.0001 13192
1648711873245 0.0001 13242
1648711886507 0.0001 13292
1648711899861 0.0001 13342
1648711913271 0.0001 13392
1648711926451 0.0001 13442
1648711939713 0.0001 13492
1648711953380 0.0001 13542
1648711966874 0.0001 13592
1648711980674 0.0001 13642
1648711993937 0.0001 13692
1648712064959 0.0001 13700
1648712080791 0.0001 13749
1648712094439 0.0001 13799
1648712107699 0.0001 13849
1648712121273 0.0001 13899
1648712134639 0.0001 13949
1648712147783 0.0001 13999
1648712160993 0.0001 14049
1648712174222 0.0001 14099
1648712187476 0.0001 14149
1648712200861 0.0001 14199
1648712214216 0.0001 14249
1648712227349 0.0001 14299
1648712240459 0.0001 14349
1648712253792 0.0001 14399
1648712267371 0.0001 14449
1648712280778 0.0001 14499
1648712293907 0.0001 14549
1648712307378 0.0001 14599
1648712320789 0.0001 14649
1648712333985 0.0001 14699
1648712347353 0.0001 14749
1648712360547 0.0001 14799
1648712373932 0.0001 14849
1648712387367 0.0001 14899
1648712401067 0.0001 14949
1648712414785 0.0001 14999
1648712428397 0.0001 15049
1648712441946 0.0001 15099
1648712456005 0.0001 15149
1648712469263 0.0001 15199
1648712482845 0.0001 15249
1648712496164 0.0001 15299
1648712509514 0.0001 15349
1648712523204 0.0001 15399
1648712536674 0.0001 15449
1648712550339 0.0001 15499
1648712563827 0.0001 15549
1648712577193 0.0001 15599
1648712590586 0.0001 15649
1648712661572 0.0001 15657
1648712677445 1e-05 15706
1648712691375 1e-05 15756
1648712704971 1e-05 15806
1648712718543 1e-05 15856
1648712731902 1e-05 15906
1648712745275 1e-05 15956
1648712758946 1e-05 16006
1648712772253 1e-05 16056
1648712785334 1e-05 16106
1648712798648 1e-05 16156
1648712811945 1e-05 16206
1648712825293 1e-05 16256
1648712838455 1e-05 16306
1648712851593 1e-05 16356
1648712865118 1e-05 16406
1648712878086 1e-05 16456
1648712891756 1e-05 16506
1648712904983 1e-05 16556
1648712918041 1e-05 16606
1648712931723 1e-05 16656
1648712944954 1e-05 16706
1648712958483 1e-05 16756
1648712971811 1e-05 16806
1648712985152 1e-05 16856
1648712998822 1e-05 16906
1648713012127 1e-05 16956
1648713025393 1e-05 17006
1648713038457 1e-05 17056
1648713051525 1e-05 17106
1648713064954 1e-05 17156
1648713078910 1e-05 17206
1648713092188 1e-05 17256
1648713105802 1e-05 17306
1648713118976 1e-05 17356
1648713132433 1e-05 17406
1648713145553 1e-05 17456
1648713159095 1e-05 17506
1648713172674 1e-05 17556
1648713185721 1e-05 17606
1648713255405 1e-05 17614
1648713271385 1e-05 17663
1648713284890 1e-05 17713
1648713298795 1e-05 17763
1648713312418 1e-05 17813
1648713326095 1e-05 17863
1648713339489 1e-05 17913
1648713353185 1e-05 17963
1648713367400 1e-05 18013
1648713380618 1e-05 18063
1648713393924 1e-05 18113
1648713407121 1e-05 18163
1648713420512 1e-05 18213
1648713434128 1e-05 18263
1648713447583 1e-05 18313
1648713461008 1e-05 18363
1648713474221 1e-05 18413
1648713487736 1e-05 18463
1648713501272 1e-05 18513
1648713514762 1e-05 18563
1648713528260 1e-05 18613
1648713541569 1e-05 18663
1648713554628 1e-05 18713
1648713567696 1e-05 18763
1648713580902 1e-05 18813
1648713594225 1e-05 18863
1648713607864 1e-05 18913
1648713621031 1e-05 18963
1648713634612 1e-05 19013
1648713647918 1e-05 19063
1648713661543 1e-05 19113
1648713675239 1e-05 19163
1648713688506 1e-05 19213
1648713701828 1e-05 19263
1648713715222 1e-05 19313
1648713728515 1e-05 19363
1648713742172 1e-05 19413
1648713755400 1e-05 19463
1648713769099 1e-05 19513
1648713782341 1e-05 19563
1648713851658 1e-05 19571
1648713867315 1e-05 19620
1648713880407 1e-05 19670
1648713893433 1e-05 19720
1648713906371 1e-05 19770
1648713919976 1e-05 19820
1648713933025 1e-05 19870
1648713946102 1e-05 19920
1648713959628 1e-05 19970
1648713972626 1e-05 20020
1648713985862 1e-05 20070
1648713998853 1e-05 20120
1648714012446 1e-05 20170
1648714026145 1e-05 20220
1648714039433 1e-05 20270
1648714052667 1e-05 20320
1648714066149 1e-05 20370
1648714079302 1e-05 20420
1648714092397 1e-05 20470
1648714105533 1e-05 20520
1648714118497 1e-05 20570
1648714131452 1e-05 20620
1648714144756 1e-05 20670
1648714157774 1e-05 20720
1648714171075 1e-05 20770
1648714184431 1e-05 20820
1648714197579 1e-05 20870
1648714210685 1e-05 20920
1648714223677 1e-05 20970
1648714237083 1e-05 21020
1648714250220 1e-05 21070
1648714263185 1e-05 21120
1648714276243 1e-05 21170
1648714289539 1e-05 21220
1648714302586 1e-05 21270
1648714315727 1e-05 21320
1648714328837 1e-05 21370
1648714342064 1e-05 21420
1648714355245 1e-05 21470
1648714368120 1e-05 21520
1648714436727 1e-05 21528
1648714452398 1.0000000000000002e-06 21577
1648714465394 1.0000000000000002e-06 21627
1648714478333 1.0000000000000002e-06 21677
1648714491359 1.0000000000000002e-06 21727
1648714504511 1.0000000000000002e-06 21777
1648714517859 1.0000000000000002e-06 21827
1648714531094 1.0000000000000002e-06 21877
1648714544282 1.0000000000000002e-06 21927
1648714557381 1.0000000000000002e-06 21977
1648714570779 1.0000000000000002e-06 22027
1648714583932 1.0000000000000002e-06 22077
1648714597022 1.0000000000000002e-06 22127
1648714610108 1.0000000000000002e-06 22177
1648714623145 1.0000000000000002e-06 22227
1648714636272 1.0000000000000002e-06 22277
1648714649454 1.0000000000000002e-06 22327
1648714662791 1.0000000000000002e-06 22377
1648714676596 1.0000000000000002e-06 22427
1648714689804 1.0000000000000002e-06 22477
1648714703836 1.0000000000000002e-06 22527
1648714717103 1.0000000000000002e-06 22577
1648714730458 1.0000000000000002e-06 22627
1648714743787 1.0000000000000002e-06 22677
1648714757169 1.0000000000000002e-06 22727
1648714770443 1.0000000000000002e-06 22777
1648714783518 1.0000000000000002e-06 22827
1648714796948 1.0000000000000002e-06 22877
1648714810144 1.0000000000000002e-06 22927
1648714823211 1.0000000000000002e-06 22977
1648714836611 1.0000000000000002e-06 23027
1648714849870 1.0000000000000002e-06 23077
1648714862943 1.0000000000000002e-06 23127
1648714876049 1.0000000000000002e-06 23177
1648714889154 1.0000000000000002e-06 23227
1648714902314 1.0000000000000002e-06 23277
1648714915608 1.0000000000000002e-06 23327
1648714929043 1.0000000000000002e-06 23377
1648714942307 1.0000000000000002e-06 23427
1648714955574 1.0000000000000002e-06 23477
1648715024148 1.0000000000000002e-06 23485
