1648707899776 0.9 50
1648707913901 0.9 100
1648707927340 0.9 150
1648707940706 0.9 200
1648707954161 0.9 250
1648707967409 0.9 300
1648707980768 0.9 350
1648707994215 0.9 400
1648708007783 0.9 450
1648708021245 0.9 500
1648708034810 0.9 550
1648708048362 0.9 600
1648708061800 0.9 650
1648708075282 0.9 700
1648708088753 0.9 750
1648708102471 0.9 800
1648708115972 0.9 850
1648708128990 0.9 900
1648708142280 0.9 950
1648708155760 0.9 1000
1648708169480 0.9 1050
1648708182882 0.9 1100
1648708196126 0.9 1150
1648708209500 0.9 1200
1648708223202 0.9 1250
1648708236504 0.9 1300
1648708249774 0.9 1350
1648708262795 0.9 1400
1648708276176 0.9 1450
1648708289991 0.9 1500
1648708303342 0.9 1550
1648708316678 0.9 1600
1648708330159 0.9 1650
1648708343422 0.9 1700
1648708356656 0.9 1750
1648708370140 0.9 1800
1648708383537 0.9 1850
1648708396788 0.9 1900
1648708410182 0.9 1950
1648708482199 0.9 1958
1648708499304 0.9 2007
1648708513174 0.9 2057
1648708526228 0.9 2107
1648708539899 0.9 2157
1648708553172 0.9 2207
1648708566572 0.9 2257
1648708580078 0.9 2307
1648708593457 0.9 2357
1648708606682 0.9 2407
1648708619866 0.9 2457
1648708633313 0.9 2507
1648708647115 0.9 2557
1648708660344 0.9 2607
1648708673894 0.9 2657
1648708687538 0.9 2707
1648708701018 0.9 2757
1648708714373 0.9 2807
1648708727788 0.9 2857
1648708741156 0.9 2907
1648708754377 0.9 2957
1648708767677 0.9 3007
1648708780960 0.9 3057
1648708794430 0.9 3107
1648708807448 0.9 3157
1648708820910 0.9 3207
1648708834516 0.9 3257
1648708847891 0.9 3307
1648708861539 0.9 3357
1648708875659 0.9 3407
1648708889189 0.9 3457
1648708903083 0.9 3507
1648708916555 0.9 3557
1648708930013 0.9 3607
1648708943603 0.9 3657
1648708956908 0.9 3707
1648708970477 0.9 3757
1648708983827 0.9 3807
1648708997206 0.9 3857
1648709010792 0.9 3907
1648709080831 0.9 3915
1648709096582 0.9 3964
1648709110109 0.9 4014
1648709123531 0.9 4064
1648709136978 0.9 4114
1648709150256 0.9 4164
1648709163450 0.9 4214
1648709176905 0.9 4264
1648709190263 0.9 4314
1648709203480 0.9 4364
1648709216948 0.9 4414
1648709230275 0.9 4464
1648709243604 0.9 4514
1648709256772 0.9 4564
1648709270150 0.9 4614
1648709283903 0.9 4664
1648709297275 0.9 4714
1648709310675 0.9 4764
1648709324110 0.9 4814
1648709337682 0.9 4864
1648709350957 0.9 4914
1648709363921 0.9 4964
1648709377202 0.9 5014
1648709390570 0.9 5064
1648709404049 0.9 5114
1648709417307 0.9 5164
1648709430542 0.9 5214
1648709443655 0.9 5264
1648709457021 0.9 5314
1648709470459 0.9 5364
1648709483894 0.9 5414
1648709497256 0.9 5464
1648709510677 0.9 5514
1648709524690 0.9 5564
1648709538849 0.9 5614
1648709552219 0.9 5664
1648709565438 0.9 5714
1648709578990 0.9 5764
1648709592405 0.9 5814
1648709605436 0.9 5864
1648709675292 0.9 5872
1648709690995 0.9 5921
1648709704761 0.9 5971
1648709718199 0.9 6021
1648709731885 0.9 6071
1648709745347 0.9 6121
1648709758623 0.9 6171
1648709771894 0.9 6221
1648709785175 0.9 6271
1648709798581 0.9 6321
1648709811829 0.9 6371
1648709825079 0.9 6421
1648709838599 0.9 6471
1648709851975 0.9 6521
1648709865586 0.9 6571
1648709879170 0.9 6621
1648709892780 0.9 6671
1648709906057 0.9 6721
1648709919913 0.9 6771
1648709933497 0.9 6821
1648709947116 0.9 6871
1648709960646 0.9 6921
1648709974115 0.9 6971
1648709987568 0.9 7021
1648710000483 0.9 7071
1648710013888 0.9 7121
1648710027575 0.9 7171
1648710040892 0.9 7221
1648710054443 0.9 7271
1648710067518 0.9 7321
1648710080781 0.9 7371
1648710093982 0.9 7421
1648710107550 0.9 7471
1648710121079 0.9 7521
1648710134555 0.9 7571
1648710147945 0.9 7621
1648710161367 0.9 7671
1648710174932 0.9 7721
1648710188787 0.9 7771
1648710202643 0.9 7821
1648710272443 0.9 7829
1648710288344 0.9 7878
1648710301633 0.9 7928
1648710315585 0.9 7978
1648710328925 0.9 8028
1648710342221 0.9 8078
1648710355439 0.9 8128
1648710368849 0.9 8178
1648710382613 0.9 8228
1648710396263 0.9 8278
1648710409968 0.9 8328
1648710423420 0.9 8378
1648710437130 0.9 8428
1648710450391 0.9 8478
1648710463869 0.9 8528
1648710477551 0.9 8578
1648710490904 0.9 8628
1648710504290 0.9 8678
1648710517776 0.9 8728
1648710530955 0.9 8778
1648710544408 0.9 8828
1648710557612 0.9 8878
1648710570839 0.9 8928
1648710584377 0.9 8978
1648710597683 0.9 9028
1648710611358 0.9 9078
1648710625209 0.9 9128
1648710638895 0.9 9178
1648710652910 0.9 9228
1648710666298 0.9 9278
1648710679774 0.9 9328
1648710693312 0.9 9378
1648710706839 0.9 9428
1648710720073 0.9 9478
1648710733305 0.9 9528
1648710746977 0.9 9578
1648710760154 0.9 9628
1648710773242 0.9 9678
1648710786819 0.9 9728
1648710800319 0.9 9778
1648710871745 0.9 9786
1648710887549 0.9 9835
1648710900724 0.9 9885
1648710913834 0.9 9935
1648710926979 0.9 9985
1648710939887 0.9 10035
1648710953333 0.9 10085
1648710967168 0.9 10135
1648710980945 0.9 10185
1648710994648 0.9 10235
1648711008254 0.9 10285
1648711021475 0.9 10335
1648711034940 0.9 10385
1648711048405 0.9 10435
1648711061467 0.9 10485
1648711074947 0.9 10535
1648711088038 0.9 10585
1648711101370 0.9 10635
1648711114520 0.9 10685
1648711127603 0.9 10735
1648711141095 0.9 10785
1648711154646 0.9 10835
1648711168122 0.9 10885
1648711181703 0.9 10935
1648711195874 0.9 10985
1648711208874 0.9 11035
1648711222301 0.9 11085
1648711236197 0.9 11135
1648711249294 0.9 11185
1648711262728 0.9 11235
1648711276037 0.9 11285
1648711289464 0.9 11335
1648711302533 0.9 11385
1648711315728 0.9 11435
1648711329208 0.9 11485
1648711342497 0.9 11535
1648711356127 0.9 11585
1648711370162 0.9 11635
1648711383606 0.9 11685
1648711396940 0.9 11735
1648711466741 0.9 11743
1648711482989 0.9 11792
1648711495987 0.9 11842
1648711509041 0.9 11892
1648711522605 0.9 11942
1648711535939 0.9 11992
1648711549680 0.9 12042
1648711563146 0.9 12092
1648711576798 0.9 12142
1648711589883 0.9 12192
1648711603024 0.9 12242
1648711616268 0.9 12292
1648711630134 0.9 12342
1648711643781 0.9 12392
1648711657102 0.9 12442
1648711670667 0.9 12492
1648711684390 0.9 12542
1648711697910 0.9 12592
1648711711453 0.9 12642
1648711725168 0.9 12692
1648711738876 0.9 12742
1648711752152 0.9 12792
1648711765525 0.9 12842
1648711779266 0.9 12892
1648711792699 0.9 12942
1648711805965 0.9 12992
1648711819201 0.9 13042
1648711832777 0.9 13092
1648711846174 0.9 13142
1648711859618 0.9 13192
1648711873245 0.9 13242
1648711886507 0.9 13292
1648711899861 0.9 13342
1648711913271 0.9 13392
1648711926451 0.9 13442
1648711939713 0.9 13492
1648711953380 0.9 13542
1648711966874 0.9 13592
1648711980674 0.9 13642
1648711993937 0.9 13692
1648712064959 0.9 13700
1648712080791 0.9 13749
1648712094439 0.9 13799
1648712107699 0.9 13849
1648712121273 0.9 13899
1648712134639 0.9 13949
1648712147783 0.9 13999
1648712160993 0.9 14049
1648712174222 0.9 14099
1648712187476 0.9 14149
1648712200861 0.9 14199
1648712214216 0.9 14249
1648712227349 0.9 14299
1648712240459 0.9 14349
1648712253792 0.9 14399
1648712267371 0.9 14449
1648712280778 0.9 14499
1648712293907 0.9 14549
1648712307378 0.9 14599
1648712320789 0.9 14649
1648712333985 0.9 14699
1648712347353 0.9 14749
1648712360547 0.9 14799
1648712373932 0.9 14849
1648712387367 0.9 14899
1648712401067 0.9 14949
1648712414785 0.9 14999
1648712428397 0.9 15049
1648712441946 0.9 15099
1648712456005 0.9 15149
1648712469263 0.9 15199
1648712482845 0.9 15249
1648712496164 0.9 15299
1648712509514 0.9 15349
1648712523204 0.9 15399
1648712536674 0.9 15449
1648712550339 0.9 15499
1648712563827 0.9 15549
1648712577193 0.9 15599
1648712590586 0.9 15649
1648712661572 0.9 15657
1648712677445 0.9 15706
1648712691375 0.9 15756
1648712704971 0.9 15806
1648712718543 0.9 15856
1648712731902 0.9 15906
1648712745275 0.9 15956
1648712758946 0.9 16006
1648712772253 0.9 16056
1648712785334 0.9 16106
1648712798648 0.9 16156
1648712811945 0.9 16206
1648712825293 0.9 16256
1648712838455 0.9 16306
1648712851593 0.9 16356
1648712865118 0.9 16406
1648712878086 0.9 16456
1648712891756 0.9 16506
1648712904983 0.9 16556
1648712918041 0.9 16606
1648712931723 0.9 16656
1648712944954 0.9 16706
1648712958483 0.9 16756
1648712971811 0.9 16806
1648712985152 0.9 16856
1648712998822 0.9 16906
1648713012127 0.9 16956
1648713025393 0.9 17006
1648713038457 0.9 17056
1648713051525 0.9 17106
1648713064954 0.9 17156
1648713078910 0.9 17206
1648713092188 0.9 17256
1648713105802 0.9 17306
1648713118976 0.9 17356
1648713132433 0.9 17406
1648713145553 0.9 17456
1648713159095 0.9 17506
1648713172674 0.9 17556
1648713185721 0.9 17606
1648713255405 0.9 17614
1648713271385 0.9 17663
1648713284890 0.9 17713
1648713298795 0.9 17763
1648713312418 0.9 17813
1648713326095 0.9 17863
1648713339489 0.9 17913
1648713353185 0.9 17963
1648713367400 0.9 18013
1648713380618 0.9 18063
1648713393924 0.9 18113
1648713407121 0.9 18163
1648713420512 0.9 18213
1648713434128 0.9 18263
1648713447583 0.9 18313
1648713461008 0.9 18363
1648713474221 0.9 18413
1648713487736 0.9 18463
1648713501272 0.9 18513
1648713514762 0.9 18563
1648713528260 0.9 18613
1648713541569 0.9 18663
1648713554628 0.9 18713
1648713567696 0.9 18763
1648713580902 0.9 18813
1648713594225 0.9 18863
1648713607864 0.9 18913
1648713621031 0.9 18963
1648713634612 0.9 19013
1648713647918 0.9 19063
1648713661543 0.9 19113
1648713675239 0.9 19163
1648713688506 0.9 19213
1648713701828 0.9 19263
1648713715222 0.9 19313
1648713728515 0.9 19363
1648713742172 0.9 19413
1648713755400 0.9 19463
1648713769099 0.9 19513
1648713782341 0.9 19563
1648713851658 0.9 19571
1648713867315 0.9 19620
1648713880407 0.9 19670
1648713893433 0.9 19720
1648713906371 0.9 19770
1648713919976 0.9 19820
1648713933025 0.9 19870
1648713946102 0.9 19920
1648713959628 0.9 19970
1648713972626 0.9 20020
1648713985862 0.9 20070
1648713998853 0.9 20120
1648714012446 0.9 20170
1648714026145 0.9 20220
1648714039433 0.9 20270
1648714052667 0.9 20320
1648714066149 0.9 20370
1648714079302 0.9 20420
1648714092397 0.9 20470
1648714105533 0.9 20520
1648714118497 0.9 20570
1648714131452 0.9 20620
1648714144756 0.9 20670
1648714157774 0.9 20720
1648714171075 0.9 20770
1648714184431 0.9 20820
1648714197579 0.9 20870
1648714210685 0.9 20920
1648714223677 0.9 20970
1648714237083 0.9 21020
1648714250220 0.9 21070
1648714263185 0.9 21120
1648714276243 0.9 21170
1648714289539 0.9 21220
1648714302586 0.9 21270
1648714315727 0.9 21320
1648714328837 0.9 21370
1648714342064 0.9 21420
1648714355245 0.9 21470
1648714368120 0.9 21520
1648714436727 0.9 21528
1648714452398 0.9 21577
1648714465394 0.9 21627
1648714478333 0.9 21677
1648714491359 0.9 21727
1648714504511 0.9 21777
1648714517859 0.9 21827
1648714531094 0.9 21877
1648714544282 0.9 21927
1648714557381 0.9 21977
1648714570779 0.9 22027
1648714583932 0.9 22077
1648714597022 0.9 22127
1648714610108 0.9 22177
1648714623145 0.9 22227
1648714636272 0.9 22277
1648714649454 0.9 22327
1648714662791 0.9 22377
1648714676596 0.9 22427
1648714689804 0.9 22477
1648714703836 0.9 22527
1648714717103 0.9 22577
1648714730458 0.9 22627
1648714743787 0.9 22677
1648714757169 0.9 22727
1648714770443 0.9 22777
1648714783518 0.9 22827
1648714796948 0.9 22877
1648714810144 0.9 22927
1648714823211 0.9 22977
1648714836611 0.9 23027
1648714849870 0.9 23077
1648714862943 0.9 23127
1648714876049 0.9 23177
1648714889154 0.9 23227
1648714902314 0.9 23277
1648714915608 0.9 23327
1648714929043 0.9 23377
1648714942307 0.9 23427
1648714955574 0.9 23477
1648715024148 0.9 23485
