1649243001405 4.995100000000008e-06 50
1649243206096 9.990100000000003e-06 100
1649243413522 1.4985100000000007e-05 150
1649243622539 1.9980100000000012e-05 200
1649243831024 2.4975099999999994e-05 250
1649244038259 2.997009999999999e-05 300
1649244246130 3.4965099999999995e-05 350
1649244454163 3.99601e-05 400
1649244662331 4.4955100000000006e-05 450
1649244870550 4.99501e-05 500
1649245079332 5.4945100000000004e-05 550
1649245288009 5.99401e-05 600
1649246282089 6.1039e-05 612
1649246422992 6.603400000000001e-05 661
1649246623970 7.1029e-05 711
1649246833727 7.6024e-05 761
1649247043280 8.101900000000002e-05 811
1649247252887 8.601400000000001e-05 861
1649247462700 9.100900000000001e-05 911
1649247672424 9.600400000000001e-05 961
1649247882384 0.0001 1011
1649248092235 0.0001 1061
1649248302291 0.0001 1111
1649248512444 0.0001 1161
1649248722724 0.0001 1211
1649249727167 0.0001 1223
1649249874143 0.0001 1272
1649250062727 0.0001 1322
1649250272926 0.0001 1372
1649250483428 0.0001 1422
1649250693811 0.0001 1472
1649250904484 0.0001 1522
1649251115080 0.0001 1572
1649251325891 0.0001 1622
1649251536615 0.0001 1672
1649251747463 0.0001 1722
1649251958481 0.0001 1772
1649252169414 0.0001 1822
1649253188801 0.0001 1834
1649253337979 0.0001 1883
1649253529809 0.0001 1933
1649253745024 0.0001 1983
1649253960026 0.0001 2033
1649254174918 0.0001 2083
1649254389548 0.0001 2133
1649254604653 0.0001 2183
1649254819524 0.0001 2233
1649255034436 0.0001 2283
1649255250035 0.0001 2333
1649255465581 0.0001 2383
1649255680376 0.0001 2433
1649256688190 0.0001 2445
1649256838726 0.0001 2494
1649257023951 0.0001 2544
1649257235830 0.0001 2594
1649257447842 0.0001 2644
1649257659615 0.0001 2694
1649257871422 0.0001 2744
1649258083196 0.0001 2794
1649258294910 0.0001 2844
1649258506713 0.0001 2894
1649258718560 0.0001 2944
1649258930522 0.0001 2994
1649259142454 0.0001 3044
1649260156950 0.0001 3056
1649260310295 0.0001 3105
1649260502754 0.0001 3155
1649260718311 0.0001 3205
1649260933838 0.0001 3255
1649261150009 0.0001 3305
1649261365548 0.0001 3355
1649261581026 0.0001 3405
1649261797262 0.0001 3455
1649262013106 0.0001 3505
1649262229078 0.0001 3555
1649262444867 0.0001 3605
1649262660981 0.0001 3655
1649263666030 0.0001 3667
1649263820761 0.0001 3716
1649264008571 0.0001 3766
1649264224348 0.0001 3816
1649264440644 0.0001 3866
1649264656517 0.0001 3916
1649264873219 0.0001 3966
1649265089294 0.0001 4016
1649265305446 0.0001 4066
1649265521566 0.0001 4116
1649265737475 0.0001 4166
1649265953405 0.0001 4216
1649266170011 0.0001 4266
1649267184077 0.0001 4278
1649267340890 0.0001 4327
1649267531320 0.0001 4377
1649267747964 0.0001 4427
1649267963663 0.0001 4477
1649268179891 0.0001 4527
1649268396000 0.0001 4577
1649268611666 0.0001 4627
1649268823450 0.0001 4677
1649269035841 0.0001 4727
1649269248815 0.0001 4777
1649269461943 0.0001 4827
1649269675151 0.0001 4877
1649270682702 0.0001 4889
1649270840336 0.0001 4938
1649271024408 0.0001 4988
1649271238133 0.0001 5038
1649271452061 0.0001 5088
1649271665226 0.0001 5138
1649271878783 0.0001 5188
1649272092564 0.0001 5238
1649272306699 0.0001 5288
1649272520624 0.0001 5338
1649272734472 0.0001 5388
1649272948023 0.0001 5438
1649273159803 0.0001 5488
1649274157581 0.0001 5500
1649274314642 0.0001 5549
1649274502798 0.0001 5599
1649274714942 0.0001 5649
1649274926409 0.0001 5699
1649275138411 0.0001 5749
1649275350056 0.0001 5799
1649275561876 0.0001 5849
1649275773983 0.0001 5899
1649275985760 0.0001 5949
1649276197976 0.0001 5999
1649276409423 0.0001 6049
1649276621339 0.0001 6099
1649277612749 0.0001 6111
1649277767220 0.0001 6160
1649277957484 0.0001 6210
1649278168884 0.0001 6260
1649278380479 0.0001 6310
1649278592082 0.0001 6360
1649278803828 0.0001 6410
1649279015527 0.0001 6460
1649279227197 0.0001 6510
1649279439083 0.0001 6560
1649279650618 0.0001 6610
1649279862180 0.0001 6660
1649280073648 0.0001 6710
1649281069680 0.0001 6722
1649281220914 0.0001 6771
1649281421688 0.0001 6821
1649281635999 0.0001 6871
1649281850527 0.0001 6921
1649282065135 0.0001 6971
1649282279632 0.0001 7021
1649282494088 0.0001 7071
1649282708794 0.0001 7121
1649282923453 0.0001 7171
1649283138252 0.0001 7221
1649283352823 0.0001 7271
1649283567602 0.0001 7321
1649284565187 0.0001 7333
1649284714466 0.0001 7382
1649284916464 0.0001 7432
1649285128343 0.0001 7482
1649285339869 0.0001 7532
1649285551409 0.0001 7582
1649285763998 0.0001 7632
1649285976277 0.0001 7682
1649286189007 0.0001 7732
1649286401192 0.0001 7782
1649286613131 0.0001 7832
1649286825545 0.0001 7882
1649287037679 0.0001 7932
1649288025369 0.0001 7944
1649288175956 0.0001 7993
1649288381942 0.0001 8043
1649288596516 0.0001 8093
1649288811407 0.0001 8143
1649289026143 0.0001 8193
1649289241315 0.0001 8243
1649289456374 0.0001 8293
1649289671201 0.0001 8343
1649289885952 0.0001 8393
1649290100674 0.0001 8443
1649290315229 0.0001 8493
1649290530113 0.0001 8543
1649291517658 0.0001 8555
1649291666161 0.0001 8604
1649291875318 0.0001 8654
1649292088440 0.0001 8704
1649292301014 0.0001 8754
1649292514172 0.0001 8804
1649292726823 0.0001 8854
1649292940077 0.0001 8904
1649293153518 0.0001 8954
1649293367007 0.0001 9004
1649293580201 0.0001 9054
