1649243001405 0.9 50
1649243206096 0.9 100
1649243413522 0.9 150
1649243622539 0.9 200
1649243831024 0.9 250
1649244038259 0.9 300
1649244246130 0.9 350
1649244454163 0.9 400
1649244662331 0.9 450
1649244870550 0.9 500
1649245079332 0.9 550
1649245288009 0.9 600
1649246282089 0.9 612
1649246422992 0.9 661
1649246623970 0.9 711
1649246833727 0.9 761
1649247043280 0.9 811
1649247252887 0.9 861
1649247462700 0.9 911
1649247672424 0.9 961
1649247882384 0.9 1011
1649248092235 0.9 1061
1649248302291 0.9 1111
1649248512444 0.9 1161
1649248722724 0.9 1211
1649249727167 0.9 1223
1649249874143 0.9 1272
1649250062727 0.9 1322
1649250272926 0.9 1372
1649250483428 0.9 1422
1649250693811 0.9 1472
1649250904484 0.9 1522
1649251115080 0.9 1572
1649251325891 0.9 1622
1649251536615 0.9 1672
1649251747463 0.9 1722
1649251958481 0.9 1772
1649252169414 0.9 1822
1649253188801 0.9 1834
1649253337979 0.9 1883
1649253529809 0.9 1933
1649253745024 0.9 1983
1649253960026 0.9 2033
1649254174918 0.9 2083
1649254389548 0.9 2133
1649254604653 0.9 2183
1649254819524 0.9 2233
1649255034436 0.9 2283
1649255250035 0.9 2333
1649255465581 0.9 2383
1649255680376 0.9 2433
1649256688190 0.9 2445
1649256838726 0.9 2494
1649257023951 0.9 2544
1649257235830 0.9 2594
1649257447842 0.9 2644
1649257659615 0.9 2694
1649257871422 0.9 2744
1649258083196 0.9 2794
1649258294910 0.9 2844
1649258506713 0.9 2894
1649258718560 0.9 2944
1649258930522 0.9 2994
1649259142454 0.9 3044
1649260156950 0.9 3056
1649260310295 0.9 3105
1649260502754 0.9 3155
1649260718311 0.9 3205
1649260933838 0.9 3255
1649261150009 0.9 3305
1649261365548 0.9 3355
1649261581026 0.9 3405
1649261797262 0.9 3455
1649262013106 0.9 3505
1649262229078 0.9 3555
1649262444867 0.9 3605
1649262660981 0.9 3655
1649263666030 0.9 3667
1649263820761 0.9 3716
1649264008571 0.9 3766
1649264224348 0.9 3816
1649264440644 0.9 3866
1649264656517 0.9 3916
1649264873219 0.9 3966
1649265089294 0.9 4016
1649265305446 0.9 4066
1649265521566 0.9 4116
1649265737475 0.9 4166
1649265953405 0.9 4216
1649266170011 0.9 4266
1649267184077 0.9 4278
1649267340890 0.9 4327
1649267531320 0.9 4377
1649267747964 0.9 4427
1649267963663 0.9 4477
1649268179891 0.9 4527
1649268396000 0.9 4577
1649268611666 0.9 4627
1649268823450 0.9 4677
1649269035841 0.9 4727
1649269248815 0.9 4777
1649269461943 0.9 4827
1649269675151 0.9 4877
1649270682702 0.9 4889
1649270840336 0.9 4938
1649271024408 0.9 4988
1649271238133 0.9 5038
1649271452061 0.9 5088
1649271665226 0.9 5138
1649271878783 0.9 5188
1649272092564 0.9 5238
1649272306699 0.9 5288
1649272520624 0.9 5338
1649272734472 0.9 5388
1649272948023 0.9 5438
1649273159803 0.9 5488
1649274157581 0.9 5500
1649274314642 0.9 5549
1649274502798 0.9 5599
1649274714942 0.9 5649
1649274926409 0.9 5699
1649275138411 0.9 5749
1649275350056 0.9 5799
1649275561876 0.9 5849
1649275773983 0.9 5899
1649275985760 0.9 5949
1649276197976 0.9 5999
1649276409423 0.9 6049
1649276621339 0.9 6099
1649277612749 0.9 6111
1649277767220 0.9 6160
1649277957484 0.9 6210
1649278168884 0.9 6260
1649278380479 0.9 6310
1649278592082 0.9 6360
1649278803828 0.9 6410
1649279015527 0.9 6460
1649279227197 0.9 6510
1649279439083 0.9 6560
1649279650618 0.9 6610
1649279862180 0.9 6660
1649280073648 0.9 6710
1649281069680 0.9 6722
1649281220914 0.9 6771
1649281421688 0.9 6821
1649281635999 0.9 6871
1649281850527 0.9 6921
1649282065135 0.9 6971
1649282279632 0.9 7021
1649282494088 0.9 7071
1649282708794 0.9 7121
1649282923453 0.9 7171
1649283138252 0.9 7221
1649283352823 0.9 7271
1649283567602 0.9 7321
1649284565187 0.9 7333
1649284714466 0.9 7382
1649284916464 0.9 7432
1649285128343 0.9 7482
1649285339869 0.9 7532
1649285551409 0.9 7582
1649285763998 0.9 7632
1649285976277 0.9 7682
1649286189007 0.9 7732
1649286401192 0.9 7782
1649286613131 0.9 7832
1649286825545 0.9 7882
1649287037679 0.9 7932
1649288025369 0.9 7944
1649288175956 0.9 7993
1649288381942 0.9 8043
1649288596516 0.9 8093
1649288811407 0.9 8143
1649289026143 0.9 8193
1649289241315 0.9 8243
1649289456374 0.9 8293
1649289671201 0.9 8343
1649289885952 0.9 8393
1649290100674 0.9 8443
1649290315229 0.9 8493
1649290530113 0.9 8543
1649291517658 0.9 8555
1649291666161 0.9 8604
1649291875318 0.9 8654
1649292088440 0.9 8704
1649292301014 0.9 8754
1649292514172 0.9 8804
1649292726823 0.9 8854
1649292940077 0.9 8904
1649293153518 0.9 8954
1649293367007 0.9 9004
1649293580201 0.9 9054
