1649233142428 0.6640720570087433 50
1649233187624 0.48371379017829896 100
1649233232868 0.22690116181969644 150
1649233277944 0.13458780206739904 200
1649233323078 0.10312059182673693 250
1649233368508 0.08623097315430642 300
1649233413487 0.07237669263035058 350
1649233458720 0.09332594614475966 400
1649233503580 0.09245204783976078 450
1649233548321 0.05097996531054377 500
1649233593472 0.0659548869356513 550
1649233638788 0.07854104839265347 600
1649233683877 0.08223473560065031 650
1649233717257 0.05522701274603605 700
1649233742285 0.08645632482133805 750
1649233767558 0.06853506174869835 800
1649233792769 0.047101502399891616 850
1649233818018 0.06362352391704917 900
1649233843531 0.06133881109766662 950
1649233868549 0.06387474360875785 1000
1649233893630 0.049787233527749775 1050
1649233919011 0.041166823701933024 1100
1649233943926 0.07934238558169454 1150
1649233969168 0.057858070293441415 1200
1649233994461 0.04620953653939068 1250
1649234019746 0.034973189129959795 1300
1649234044747 0.055421889927238226 1350
1649234069892 0.06229693385772407 1400
1649234094819 0.055273561552166936 1450
1649234120190 0.059646225143224 1500
1649234145567 0.050701885968446735 1550
1649234171257 0.049215839393436905 1600
1649234196237 0.042871586596593264 1650
1649234221349 0.0648098112270236 1700
1649234246509 0.04638403457123786 1750
1649234271773 0.06281279806047678 1800
1649234296616 0.05249843412078917 1850
1649234322118 0.053847155310213564 1900
1649234347332 0.04695308450609446 1950
1649234470526 0.06688997254241258 2001
1649234496032 0.0425520054390654 2051
1649234521189 0.04381012221798301 2101
1649234546428 0.04583285976666957 2151
1649234571525 0.042737102210521696 2201
1649234596289 0.04941963888704777 2251
1649234620928 0.04596658625639975 2301
1649234646867 0.040830730800516905 2351
1649234672174 0.042481164764612916 2401
1649234697018 0.042062446232885124 2451
1649234721779 0.03973648683167994 2501
1649234747056 0.04505625960184261 2551
1649234772297 0.058482882203534245 2601
1649234797648 0.03098679325543344 2651
1649234822707 0.039104348495602605 2701
1649234847696 0.03923436077777296 2751
1649234872783 0.045028641559183596 2801
1649234897788 0.03875268406933174 2851
1649234922847 0.054590169619768855 2901
1649234947738 0.04362285243347287 2951
1649234972788 0.05109317693859339 3001
1649234998217 0.045803370424546304 3051
1649235023249 0.038849266688339414 3101
1649235048229 0.04908769716043025 3151
1649235073432 0.040842075189575555 3201
1649235098927 0.0317818350577727 3251
1649235123669 0.06032908252440393 3301
1649235148689 0.04737950232811272 3351
1649235173446 0.04585133845452219 3401
1649235198649 0.0349536010529846 3451
1649235223948 0.03084381437394768 3501
1649235249176 0.03885724136140198 3551
1649235274220 0.036814178060740235 3601
1649235299328 0.048448071293532846 3651
1649235324066 0.03327008922118693 3701
1649235349296 0.048577581513673064 3751
1649235374361 0.03876035801833495 3801
1649235399324 0.03720646035391837 3851
1649235424504 0.04223869653884321 3901
1649235546939 0.043841645647771654 3952
1649235572189 0.03727125577628612 4002
1649235597232 0.03383734237635508 4052
1649235622159 0.03764095513150096 4102
1649235647331 0.04265029366593808 4152
1649235672488 0.031074989587068558 4202
1649235697591 0.0334355536615476 4252
1649235722950 0.052813350940123203 4302
1649235748390 0.03103583929128945 4352
1649235773080 0.04049915425013751 4402
1649235797890 0.03164502692350652 4452
1649235822789 0.029619137747213243 4502
1649235848199 0.035971309915184976 4552
1649235873577 0.0459264787659049 4602
1649235898972 0.03623611240414903 4652
1649235923759 0.027332223516423254 4702
1649235948712 0.0326367999590002 4752
1649235973703 0.04561955179553479 4802
1649235999064 0.0370188901713118 4852
1649236024273 0.031040563504211603 4902
1649236049271 0.03179050885140896 4952
1649236074611 0.029770749527961014 5002
1649236100120 0.03221405932214111 5052
1649236125012 0.04185732059646398 5102
1649236149711 0.04531530491542071 5152
1649236174723 0.03421318869106472 5202
1649236199967 0.029215600285679103 5252
1649236225130 0.043137784607242796 5302
1649236249925 0.03604866420384496 5352
1649236275440 0.02948604627745226 5402
1649236300440 0.04192531871376559 5452
1649236325405 0.03951091822236776 5502
1649236350117 0.031917397184297445 5552
1649236374929 0.03310251943767071 5602
1649236399839 0.040656278782116716 5652
1649236424939 0.02818569340626709 5702
1649236450340 0.02696163714688737 5752
1649236475296 0.04729214672232047 5802
1649236500379 0.03266059165820479 5852
1649236623702 0.026202625050209462 5903
1649236648843 0.0355566273117438 5953
1649236674009 0.030650769909843802 6003
1649236698652 0.02210825138259679 6053
1649236723649 0.028551201429218055 6103
1649236748656 0.03810642047319561 6153
1649236773732 0.02956827109795995 6203
1649236799048 0.02930017641047016 6253
1649236824465 0.037214872944168746 6303
1649236849689 0.025450674834428356 6353
1649236874493 0.026873835956212132 6403
1649236899904 0.030569790229201317 6453
1649236925007 0.042197976657189426 6503
1649236951194 0.03943356572883203 6553
1649236976273 0.02686845576390624 6603
1649237001235 0.028490148623823187 6653
1649237026634 0.020907862583408134 6703
1649237051537 0.028338722644839436 6753
1649237076319 0.025552036692388355 6803
1649237101390 0.018417087291600184 6853
1649237126309 0.032287345675285906 6903
1649237151517 0.03473640067386441 6953
1649237176417 0.028951670550741257 7003
1649237201493 0.02649089084472507 7053
1649237226437 0.0321863602520898 7103
1649237251788 0.029628524822182953 7153
1649237276809 0.030901175565086304 7203
1649237302018 0.04122123396256939 7253
1649237327093 0.033450074633583425 7303
1649237351950 0.025393926927354187 7353
1649237377285 0.02913939432008192 7403
1649237402795 0.03280218596570194 7453
1649237427909 0.02839039930375293 7503
1649237453079 0.030506931077688933 7553
1649237478210 0.049771915706805885 7603
1649237503231 0.03034849386080168 7653
1649237528798 0.03402488105115481 7703
1649237553303 0.028987293138634414 7753
1649237578144 0.02971771193202585 7803
1649237700293 0.021745817880146207 7854
1649237725484 0.03059756924165413 7904
1649237750226 0.023401534506119787 7954
1649237775327 0.020715680697467178 8004
1649237800348 0.019959386182017626 8054
1649237825207 0.023302419327083043 8104
1649237850288 0.02871773864608258 8154
1649237875582 0.02528223892208189 8204
1649237900810 0.033481447694357486 8254
1649237926078 0.029804504478815944 8304
1649237951155 0.02344793749274686 8354
1649237976537 0.0201412145269569 8404
1649238001560 0.032952300085453315 8454
1649238027000 0.02648018643958494 8504
1649238052184 0.030545114007545636 8554
1649238076989 0.03387720737140626 8604
1649238102322 0.026946965855313466 8654
1649238127292 0.027470422482583672 8704
1649238152194 0.02606327157467604 8754
1649238176931 0.025643849489279093 8804
1649238201675 0.03257759257685393 8854
1649238226768 0.03685262792278081 8904
1649238251785 0.03337277543032542 8954
1649238276573 0.0258449852920603 9004
1649238301225 0.0334078855253756 9054
1649238326199 0.03144933857955039 9104
1649238351430 0.02076970424503088 9154
1649238376944 0.03332312846323475 9204
1649238402248 0.03253620347590186 9254
1649238427309 0.023409972575027495 9304
1649238452313 0.04007831688562874 9354
1649238477585 0.027834217038471252 9404
1649238502617 0.02075978006818332 9454
1649238527542 0.02464922602986917 9504
1649238552299 0.040210076584480704 9554
1649238577216 0.0233955716737546 9604
1649238602183 0.02785927488701418 9654
1649238627613 0.03327123146271333 9704
1649238652823 0.025459288085112348 9754
1649238776268 0.018156072618439795 9805
1649238801466 0.01866174402588513 9855
1649238826340 0.018878224904183297 9905
1649238851161 0.019853614374296738 9955
1649238876260 0.02678925642860122 10005
1649238901376 0.037305960294324904 10055
1649238926657 0.023052652159822173 10105
1649238952028 0.02876310846535489 10155
1649238977287 0.03420840401784517 10205
1649239002103 0.02391136188292876 10255
1649239027300 0.029562770379707216 10305
1649239052768 0.0331380512425676 10355
1649239078332 0.03437815124518238 10405
1649239103657 0.02667500458075665 10455
1649239128863 0.025040147197432815 10505
1649239153872 0.027026600607205183 10555
1649239178766 0.026798740015365183 10605
1649239203681 0.016821259486023338 10655
1649239228902 0.019374035426299088 10705
1649239254852 0.02912259114673361 10755
1649239280255 0.02614091383293271 10805
1649239305801 0.024126040659612043 10855
1649239330778 0.03201398964156397 10905
1649239355943 0.027038501044735312 10955
1649239381542 0.020363249527290465 11005
1649239406290 0.019531198120093903 11055
1649239431744 0.02776342031196691 11105
1649239457249 0.024705028062453494 11155
1649239482280 0.02395764455781318 11205
1649239507210 0.027447580660227688 11255
1649239532360 0.02821530320448801 11305
1649239557664 0.021399644538760185 11355
1649239582840 0.015776528475107625 11405
1649239608223 0.022853270174236967 11455
1649239633860 0.03297419479349628 11505
1649239659743 0.024962101491400972 11555
1649239684989 0.024709779183613136 11605
1649239710762 0.022941994099528528 11655
1649239735796 0.026463986861053855 11705
1649239857801 0.023898061004001648 11756
1649239882693 0.020608838285552336 11806
1649239907698 0.016475100540556013 11856
1649239932767 0.018726502009667457 11906
1649239958264 0.02214192175626522 11956
1649239983200 0.02048646337003447 12006
1649240008770 0.020162402690621094 12056
1649240033823 0.019132066851016136 12106
1649240059450 0.02490073976689018 12156
1649240084622 0.020603000347036868 12206
1649240110018 0.018282819967716933 12256
1649240135536 0.01796824021002976 12306
1649240160898 0.022179436633596197 12356
1649240185685 0.017655330426059664 12406
1649240210735 0.028052717943210154 12456
1649240235687 0.03253984277893324 12506
1649240260794 0.01833876700431574 12556
1649240285625 0.020482539162621834 12606
1649240310451 0.022550086375558748 12656
1649240335729 0.03258986159809865 12706
1649240360915 0.02539105247706175 12756
1649240385776 0.0327557791385334 12806
1649240410699 0.025463145622052253 12856
1649240435787 0.020170223694294692 12906
1649240460937 0.022322271291632206 12956
1649240485778 0.019330809973180294 13006
1649240510775 0.01772815785894636 13056
1649240535675 0.028815365144982934 13106
1649240560833 0.02247758475597948 13156
1649240586070 0.026043462151428685 13206
1649240611204 0.021827389652025887 13256
1649240636259 0.018755555052775888 13306
1649240661584 0.020838315364671872 13356
1649240686747 0.027797844265587627 13406
1649240711832 0.0214511583163403 13456
1649240736796 0.01845766632759478 13506
1649240761769 0.016387037595268338 13556
1649240787133 0.028985113590606487 13606
1649240812405 0.027184184262296185 13656
1649240935512 0.020471160211600364 13707
1649240960791 0.019962023183470592 13757
1649240985801 0.0169405714928871 13807
1649241010725 0.025900857667438687 13857
1649241035568 0.01908743180683814 13907
1649241060268 0.01999932185630314 13957
1649241085743 0.02486845601524692 14007
1649241110700 0.01748685655707959 14057
1649241135413 0.020750405302096625 14107
1649241160211 0.01655192134086974 14157
1649241185549 0.021848325705213938 14207
1649241210725 0.023918902385048568 14257
1649241235677 0.025144620367791505 14307
1649241260421 0.022417749403975906 14357
1649241285371 0.017749236293602734 14407
1649241310259 0.019038627496920525 14457
1649241335406 0.018673757629003376 14507
1649241360331 0.020116540254093707 14557
1649241385368 0.01973515947815031 14607
1649241410751 0.020741033611702733 14657
1649241436016 0.020902742131147532 14707
1649241461442 0.01882162958034314 14757
1649241486869 0.02300389705458656 14807
1649241512324 0.0247374672209844 14857
1649241537860 0.0198815959993226 14907
1649241562842 0.01664234996307641 14957
1649241588092 0.022039191914955153 15007
1649241613794 0.017817610875936224 15057
1649241638928 0.022305357008008286 15107
1649241663856 0.016653520953841507 15157
1649241689284 0.024869569087750277 15207
1649241714787 0.02084282154683024 15257
1649241739540 0.02525831611827016 15307
1649241764677 0.02203232791653136 15357
1649241789775 0.02679052494815551 15407
1649241815206 0.017277872927952558 15457
1649241840334 0.020530828116461633 15507
1649241865440 0.02166786028072238 15557
1649241890964 0.024935241361381488 15607
1649242014003 0.02157596472708974 15658
1649242038803 0.01315760197583586 15708
1649242063871 0.01582361843669787 15758
1649242088749 0.017932919635641156 15808
1649242113828 0.019072575446916745 15858
1649242138801 0.013387779445620253 15908
1649242163807 0.014134326560888439 15958
1649242189152 0.011907542399130762 16008
1649242214049 0.02109355462831445 16058
1649242239286 0.014931917635258286 16108
1649242264378 0.011716879784653429 16158
1649242289835 0.015393772118841298 16208
1649242314791 0.013149146947544068 16258
1649242340221 0.014793351081607398 16308
1649242365309 0.009456051681772805 16358
1649242390134 0.014751586826168932 16408
1649242415308 0.01471425121097127 16458
1649242440255 0.012285320228547789 16508
1649242465108 0.013160370716359466 16558
1649242490219 0.015875818099593743 16608
1649242515120 0.018593931068317034 16658
1649242540247 0.012857173317315755 16708
1649242565759 0.015081558673991823 16758
1649242590785 0.012085380101343617 16808
1649242615694 0.017209105707734124 16858
1649242640814 0.01344289623084478 16908
1649242666498 0.014812675373104867 16958
1649242691834 0.012119754459126853 17008
1649242716723 0.012307703533733729 17058
1649242742288 0.014195472477877048 17108
1649242767372 0.012726106759218965 17158
1649242792235 0.015389230718719773 17208
1649242817528 0.015558218990918249 17258
1649242842388 0.014651156355103011 17308
1649242867189 0.01667947777590598 17358
1649242892361 0.010537719716667197 17408
1649242917492 0.011424531769152963 17458
1649242942924 0.013518741156440228 17508
1649242968172 0.013353097049403004 17558
1649243089489 0.012180971670895815 17609
1649243114355 0.013108604307926725 17659
1649243139353 0.017299697545240633 17709
1649243164274 0.010566897338430864 17759
1649243189396 0.01223127963137813 17809
1649243214843 0.008404416890116409 17859
1649243240007 0.014835131069557974 17909
1649243264969 0.010004104407198611 17959
1649243290198 0.012691974992631003 18009
1649243315242 0.010468705432722346 18059
1649243340521 0.015074350144714118 18109
1649243365979 0.01387819842027966 18159
1649243390703 0.012515111772518139 18209
1649243415756 0.013227713882224634 18259
1649243440600 0.012885037195374024 18309
1649243465579 0.009270160283922451 18359
1649243490851 0.012657133038155735 18409
1649243515959 0.008912339119415264 18459
1649243540775 0.013016417432227171 18509
1649243565868 0.012561846738681198 18559
1649243591233 0.017915132876951248 18609
1649243616732 0.00919370626739692 18659
1649243641722 0.012988009280015832 18709
1649243666306 0.012991480939745089 18759
1649243691252 0.010456043048470746 18809
1649243716363 0.011116808004735503 18859
1649243741134 0.011299379028641851 18909
1649243765961 0.013773085064603946 18959
1649243791242 0.009669126865628642 19009
1649243816699 0.0118322017142782 19059
1649243841640 0.01529547032987466 19109
1649243866806 0.014025720101999468 19159
1649243891860 0.011774412199374638 19209
1649243916961 0.014964412599802017 19259
1649243942272 0.008812093216984068 19309
1649243967627 0.015663015916070434 19359
1649243993397 0.012127649741596542 19409
1649244018072 0.013046291571808978 19459
1649244042965 0.013356255996041 19509
1649244164785 0.00848011241905624 19560
1649244189400 0.015034331526876485 19610
1649244214774 0.009511474398314021 19660
1649244239685 0.011763737813162152 19710
1649244264677 0.014880586828803643 19760
1649244289746 0.010860689242981607 19810
1649244314342 0.011658545946265803 19860
1649244339916 0.009323496208817233 19910
1649244365618 0.01243207137347781 19960
1649244390729 0.01263660367065313 20010
1649244416221 0.010978573130851146 20060
1649244440844 0.010420081439078785 20110
1649244465899 0.013217714582569897 20160
1649244491174 0.013234737796301488 20210
1649244515744 0.00961913121987891 20260
1649244540812 0.013996379730670014 20310
1649244566040 0.01215176415105816 20360
1649244591322 0.01857763637905009 20410
1649244616269 0.012557305073423777 20460
1649244641217 0.013457805283833295 20510
1649244666521 0.010773525566037279 20560
1649244691749 0.015119555407145525 20610
1649244717021 0.007427522714133375 20660
1649244742209 0.015856423171935603 20710
1649244766925 0.01475240862404462 20760
1649244791747 0.012152826000528876 20810
1649244817019 0.0111884431168437 20860
1649244842427 0.007328154310089303 20910
1649244867363 0.011009222655629855 20960
1649244892449 0.012133695839438588 21010
1649244917801 0.00965374032908585 21060
1649244942585 0.013387077475927071 21110
1649244967300 0.013944246209139238 21160
1649244992077 0.014216853830148465 21210
1649245016843 0.0112449899870262 21260
1649245042082 0.013983764212607639 21310
1649245066926 0.01470690476387972 21360
1649245091806 0.009391985416586977 21410
1649245117378 0.013271276414889144 21460
1649245238125 0.010023827926597733 21511
1649245263243 0.01069431535084732 21561
1649245288267 0.011673920115281362 21611
1649245313881 0.010784373892238363 21661
1649245339241 0.011768334883381613 21711
1649245364206 0.009623054029943887 21761
1649245389698 0.008734306827536785 21811
1649245415079 0.010273637546924874 21861
1649245440175 0.011691708496800856 21911
1649245465310 0.011753107591066509 21961
1649245490283 0.009949226191965864 22011
1649245515247 0.007953827743476723 22061
1649245539780 0.014985843086178648 22111
1649245564835 0.010842746461275966 22161
1649245590425 0.013862114204384853 22211
1649245615424 0.010338442787033273 22261
1649245640594 0.010174059293058235 22311
1649245665432 0.011421416642842814 22361
1649245690268 0.010328505243815017 22411
1649245715309 0.009768757422571071 22461
1649245740249 0.00973162135691382 22511
1649245765189 0.00977443911091541 22561
1649245790554 0.016791640350420495 22611
1649245815196 0.008593394465860911 22661
1649245840467 0.016684401724196506 22711
1649245865540 0.011608339095400879 22761
1649245890765 0.009241614285856485 22811
1649245915966 0.010448876872542314 22861
1649245941239 0.00982352604274638 22911
1649245966331 0.009815212039102334 22961
1649245991312 0.012544491196895251 23011
1649246015877 0.010568131929612718 23061
1649246041010 0.011406019942369313 23111
1649246066259 0.011206238244631095 23161
1649246091313 0.013048630430130288 23211
1649246116385 0.007265206528318231 23261
1649246141240 0.017024509995244443 23311
1649246166521 0.011064960831281495 23361
1649246191900 0.01361521180777345 23411
