1649233142428 0.048689467664808035 50
1649233187624 0.05379255274310708 100
1649233232868 0.03289622470503673 150
1649233277944 0.04874366614501923 200
1649233323078 0.03966270840261132 250
1649233368508 0.03260512785986066 300
1649233413487 0.02706762864720076 350
1649233458720 0.05276870094705373 400
1649233503580 0.04322858444880694 450
1649233548321 0.033317181360907853 500
1649233593472 0.039621151508763434 550
1649233638788 0.04835351150482893 600
1649233683877 0.052112496946938335 650
1649233717257 0.027210558969527482 700
1649233742285 0.04757950423285365 750
1649233767558 0.04527227621059865 800
1649233792769 0.027833456953521817 850
1649233818018 0.04536691427230835 900
1649233843531 0.045156576866284014 950
1649233868549 0.040926109557040034 1000
1649233893630 0.044115072544664145 1050
1649233919011 0.03855388501193374 1100
1649233943926 0.04339270802680403 1150
1649233969168 0.03243458785582334 1200
1649233994461 0.03172676119022071 1250
1649234019746 0.02380977402906865 1300
1649234044747 0.04058231608942151 1350
1649234069892 0.04828640737105161 1400
1649234094819 0.038292666515335444 1450
1649234120190 0.04092938895104453 1500
1649234145567 0.03649933686479926 1550
1649234171257 0.03771392660681158 1600
1649234196237 0.030049389542546122 1650
1649234221349 0.04403583853505552 1700
1649234246509 0.042544962912797926 1750
1649234271773 0.046321528838016095 1800
1649234296616 0.036657161610201 1850
1649234322118 0.038820888306945564 1900
1649234347332 0.033664799579419195 1950
1649234470526 0.0404603417776525 2001
1649234496032 0.03529297043569386 2051
1649234521189 0.03967114641331136 2101
1649234546428 0.02852387832244858 2151
1649234571525 0.029819194925948977 2201
1649234596289 0.03986997758504003 2251
1649234620928 0.034863708964549 2301
1649234646867 0.03349170032888651 2351
1649234672174 0.03597550126491114 2401
1649234697018 0.03429631191538647 2451
1649234721779 0.036461248721461746 2501
1649234747056 0.042519200085662304 2551
1649234772297 0.04198349214158952 2601
1649234797648 0.02712260255590081 2651
1649234822707 0.03745065491879359 2701
1649234847696 0.030384355547139422 2751
1649234872783 0.036530210035853085 2801
1649234897788 0.026004400020465255 2851
1649234922847 0.03749941296875477 2901
1649234947738 0.027748546623624862 2951
1649234972788 0.026182982914615422 3001
1649234998217 0.03264569848775864 3051
1649235023249 0.03205682874657214 3101
1649235048229 0.038664643000811336 3151
1649235073432 0.02690899827051908 3201
1649235098927 0.03035720839165151 3251
1649235123669 0.03226535991067067 3301
1649235148689 0.03308039903640747 3351
1649235173446 0.041549171616788956 3401
1649235198649 0.030886543868109583 3451
1649235223948 0.026151698278263212 3501
1649235249176 0.030434410879388453 3551
1649235274220 0.03521181664895266 3601
1649235299328 0.03859582167118788 3651
1649235324066 0.03325098676607013 3701
1649235349296 0.034908720357343555 3751
1649235374361 0.037975748921744525 3801
1649235399324 0.030186327891424298 3851
1649235424504 0.03697886414360255 3901
1649235546939 0.038654198320582506 3952
1649235572189 0.032594946441240606 4002
1649235597232 0.03047182965558022 4052
1649235622159 0.026373872887343167 4102
1649235647331 0.04515215047635138 4152
1649235672488 0.028182918769307435 4202
1649235697591 0.025510411092545836 4252
1649235722950 0.035581625504419206 4302
1649235748390 0.02483343245461583 4352
1649235773080 0.03323612443287857 4402
1649235797890 0.023227477367036044 4452
1649235822789 0.02958406643476337 4502
1649235848199 0.03966458800248802 4552
1649235873577 0.042407813966274265 4602
1649235898972 0.02763473432511091 4652
1649235923759 0.020314113025087864 4702
1649235948712 0.029724340490065514 4752
1649235973703 0.0400683553237468 4802
1649235999064 0.032430546447867525 4852
1649236024273 0.027093287762254475 4902
1649236049271 0.030229365354171023 4952
1649236074611 0.03528149522375315 5002
1649236100120 0.03458773968741298 5052
1649236125012 0.034998616673983636 5102
1649236149711 0.032346415121573956 5152
1649236174723 0.02982563805533573 5202
1649236199967 0.02652435892727226 5252
1649236225130 0.027740789575036614 5302
1649236249925 0.029714735075831413 5352
1649236275440 0.024835177870700137 5402
1649236300440 0.030167839259374888 5452
1649236325405 0.03559690195135772 5502
1649236350117 0.025160785727202893 5552
1649236374929 0.03198818321339786 5602
1649236399839 0.03302897162968293 5652
1649236424939 0.02274381071329117 5702
1649236450340 0.02552783671300858 5752
1649236475296 0.036439756201580166 5802
1649236500379 0.02843127226457 5852
1649236623702 0.030708233271725477 5903
1649236648843 0.03537152372766286 5953
1649236674009 0.02954900803975761 6003
1649236698652 0.02310508783441037 6053
1649236723649 0.02621417152695358 6103
1649236748656 0.038668064568191766 6153
1649236773732 0.02511405221070163 6203
1649236799048 0.023447148981504143 6253
1649236824465 0.033610257315449414 6303
1649236849689 0.021684020173270254 6353
1649236874493 0.03592377689201385 6403
1649236899904 0.03266977712046355 6453
1649236925007 0.0310916383843869 6503
1649236951194 0.03289895271882415 6553
1649236976273 0.02779019438661635 6603
1649237001235 0.030037877929862587 6653
1649237026634 0.02582651063334197 6703
1649237051537 0.03358197658788413 6753
1649237076319 0.028026708806864916 6803
1649237101390 0.021528414133936167 6853
1649237126309 0.03457792888395488 6903
1649237151517 0.03095313858706504 6953
1649237176417 0.026869700086535886 7003
1649237201493 0.028774516268167644 7053
1649237226437 0.03760139384772629 7103
1649237251788 0.025249530291184784 7153
1649237276809 0.020043093885760754 7203
1649237302018 0.038086439977632836 7253
1649237327093 0.025890102502889933 7303
1649237351950 0.024306098921224473 7353
1649237377285 0.026487597587984055 7403
1649237402795 0.03126795877236873 7453
1649237427909 0.02368338573956862 7503
1649237453079 0.03159034472424537 7553
1649237478210 0.03177189918467775 7603
1649237503231 0.025072240439476444 7653
1649237528798 0.030255791903473436 7703
1649237553303 0.023233791931997986 7753
1649237578144 0.030878974108491095 7803
1649237700293 0.0198472902784124 7854
1649237725484 0.03150409806054086 7904
1649237750226 0.03099747387226671 7954
1649237775327 0.026890189656987785 8004
1649237800348 0.023771321633830667 8054
1649237825207 0.02763626100961119 8104
1649237850288 0.03376061104703695 8154
1649237875582 0.029794949940405786 8204
1649237900810 0.03145147461211309 8254
1649237926078 0.0225789422634989 8304
1649237951155 0.03433959269663319 8354
1649237976537 0.027000661985948683 8404
1649238001560 0.027556637504603715 8454
1649238027000 0.0263187035638839 8504
1649238052184 0.028317607864737512 8554
1649238076989 0.028869370555039495 8604
1649238102322 0.02727233324665576 8654
1649238127292 0.03228462722618133 8704
1649238152194 0.022514850441366432 8754
1649238176931 0.03184713534312323 8804
1649238201675 0.030460266501177103 8854
1649238226768 0.041977475839667024 8904
1649238251785 0.028879840695299207 8954
1649238276573 0.021345127723179758 9004
1649238301225 0.03345336316153407 9054
1649238326199 0.025723678942304106 9104
1649238351430 0.017108739414252342 9154
1649238376944 0.035395182594656946 9204
1649238402248 0.02695794398896396 9254
1649238427309 0.02520208867499605 9304
1649238452313 0.025494497977197172 9354
1649238477585 0.023996961931698025 9404
1649238502617 0.020330026163719594 9454
1649238527542 0.026677293088287115 9504
1649238552299 0.034327362349722536 9554
1649238577216 0.020508356551872567 9604
1649238602183 0.027563533987849952 9654
1649238627613 0.028400912571232766 9704
1649238652823 0.02753603153396398 9754
1649238776268 0.027529586292803287 9805
1649238801466 0.022505783927626907 9855
1649238826340 0.019652252309024332 9905
1649238851161 0.024110244878102094 9955
1649238876260 0.029313182230107485 10005
1649238901376 0.030318206849042326 10055
1649238926657 0.019872181708924474 10105
1649238952028 0.030926098695490508 10155
1649238977287 0.03244647698709741 10205
1649239002103 0.02571339687332511 10255
1649239027300 0.024944774503819645 10305
1649239052768 0.034809567083138974 10355
1649239078332 0.030026383064687252 10405
1649239103657 0.027650985457003115 10455
1649239128863 0.028695911732502282 10505
1649239153872 0.025415611118078232 10555
1649239178766 0.030331812677904964 10605
1649239203681 0.022224711462622507 10655
1649239228902 0.023668117295019327 10705
1649239254852 0.027691106810234487 10755
1649239280255 0.036970679759979246 10805
1649239305801 0.02468585182679817 10855
1649239330778 0.03692499425960705 10905
1649239355943 0.021886509489268065 10955
1649239381542 0.023945483033312485 11005
1649239406290 0.02058404696173966 11055
1649239431744 0.02727667162194848 11105
1649239457249 0.02488740220083855 11155
1649239482280 0.029702743934467434 11205
1649239507210 0.030793994700070472 11255
1649239532360 0.029307183523196726 11305
1649239557664 0.02614447829546407 11355
1649239582840 0.01886216703336686 11405
1649239608223 0.02721185829024762 11455
1649239633860 0.02701442743767984 11505
1649239659743 0.0284286137658637 11555
1649239684989 0.027215356188826263 11605
1649239710762 0.027405637667980046 11655
1649239735796 0.025317596192471682 11705
1649239857801 0.02864568085526116 11756
1649239882693 0.023646671026945114 11806
1649239907698 0.02032470047008246 11856
1649239932767 0.02780560833401978 11906
1649239958264 0.02329355091787875 11956
1649239983200 0.02065175148192793 12006
1649240008770 0.02012176120188087 12056
1649240033823 0.02046468637418002 12106
1649240059450 0.026214299811981617 12156
1649240084622 0.026919529414735733 12206
1649240110018 0.022199464305303993 12256
1649240135536 0.02459619865519926 12306
1649240160898 0.03155393298948184 12356
1649240185685 0.020404574531130492 12406
1649240210735 0.032576181206386536 12456
1649240235687 0.02843374492134899 12506
1649240260794 0.021260251505300403 12556
1649240285625 0.02734304524259642 12606
1649240310451 0.026347621311433613 12656
1649240335729 0.027646223662886767 12706
1649240360915 0.021693350423593074 12756
1649240385776 0.03538589865202084 12806
1649240410699 0.024715216574259104 12856
1649240435787 0.028955284390831365 12906
1649240460937 0.023647989885648712 12956
1649240485778 0.026952747956383975 13006
1649240510775 0.02277501451666467 13056
1649240535675 0.029227008782327174 13106
1649240560833 0.02246475873980671 13156
1649240586070 0.031391258612275125 13206
1649240611204 0.026223047343082725 13256
1649240636259 0.021465640552341937 13306
1649240661584 0.022577548455446957 13356
1649240686747 0.03623624988947995 13406
1649240711832 0.023620610097423195 13456
1649240736796 0.03168891544220969 13506
1649240761769 0.02094678916153498 13556
1649240787133 0.02887967357470188 13606
1649240812405 0.02588571411324665 13656
1649240935512 0.023419016581028698 13707
1649240960791 0.0264209572726395 13757
1649240985801 0.021123273277189582 13807
1649241010725 0.02541890792082995 13857
1649241035568 0.023985161599703132 13907
1649241060268 0.03169965737033635 13957
1649241085743 0.03842001986224204 14007
1649241110700 0.022562923312652857 14057
1649241135413 0.02272717215353623 14107
1649241160211 0.023432118337368593 14157
1649241185549 0.022876530378125606 14207
1649241210725 0.02929240560391918 14257
1649241235677 0.023602408219594508 14307
1649241260421 0.024044592399150133 14357
1649241285371 0.022552474578842522 14407
1649241310259 0.02316046167165041 14457
1649241335406 0.024041173816658556 14507
1649241360331 0.02386173649923876 14557
1649241385368 0.018601551938336344 14607
1649241410751 0.022504619040992112 14657
1649241436016 0.024022146901115773 14707
1649241461442 0.023570376599673183 14757
1649241486869 0.024936363499145953 14807
1649241512324 0.030183350227307528 14857
1649241537860 0.020453214433509857 14907
1649241562842 0.021543346534017474 14957
1649241588092 0.026936105196364225 15007
1649241613794 0.01971452085650526 15057
1649241638928 0.01925762491300702 15107
1649241663856 0.01706443623173982 15157
1649241689284 0.02926238773856312 15207
1649241714787 0.0264929321128875 15257
1649241739540 0.029009349537082018 15307
1649241764677 0.02816957760369405 15357
1649241789775 0.03248439480550587 15407
1649241815206 0.0290785427368246 15457
1649241840334 0.02306138095096685 15507
1649241865440 0.028785396835301073 15557
1649241890964 0.030471528003690764 15607
1649242014003 0.02528838098049164 15658
1649242038803 0.020688089377363213 15708
1649242063871 0.03224488470121287 15758
1649242088749 0.027446261155419052 15808
1649242113828 0.02826217694208026 15858
1649242138801 0.020912322816438973 15908
1649242163807 0.02214642023318447 15958
1649242189152 0.021035545592894778 16008
1649242214049 0.026604557130485772 16058
1649242239286 0.02326086154440418 16108
1649242264378 0.015485246495809407 16158
1649242289835 0.0222066440875642 16208
1649242314791 0.018965397672727705 16258
1649242340221 0.022562493511941284 16308
1649242365309 0.015604363079182804 16358
1649242390134 0.020340695860795677 16408
1649242415308 0.02305871872813441 16458
1649242440255 0.020216829285491258 16508
1649242465108 0.02132070601452142 16558
1649242490219 0.02374626636970788 16608
1649242515120 0.023180726391728967 16658
1649242540247 0.01743661822634749 16708
1649242565759 0.021529781485442073 16758
1649242590785 0.020652426863089202 16808
1649242615694 0.02186593535123393 16858
1649242640814 0.018676454980159178 16908
1649242666498 0.019712356774834915 16958
1649242691834 0.021476653669960797 17008
1649242716723 0.01904213637113571 17058
1649242742288 0.016591125414706767 17108
1649242767372 0.017801317495759576 17158
1649242792235 0.02378048892132938 17208
1649242817528 0.02617667962796986 17258
1649242842388 0.023672056096838787 17308
1649242867189 0.021488862039986997 17358
1649242892361 0.017414576194714756 17408
1649242917492 0.020291637119371445 17458
1649242942924 0.022231708564795553 17508
1649242968172 0.02160282727330923 17558
1649243089489 0.026275414573028684 17609
1649243114355 0.016602142029441894 17659
1649243139353 0.02348885445273481 17709
1649243164274 0.018992901064921172 17759
1649243189396 0.021733337364858017 17809
1649243214843 0.0157557149999775 17859
1649243240007 0.02601762969279662 17909
1649243264969 0.01629748767474666 17959
1649243290198 0.017706362126627937 18009
1649243315242 0.01926646050356794 18059
1649243340521 0.02472436204436235 18109
1649243365979 0.019601374145131557 18159
1649243390703 0.014579986541066318 18209
1649243415756 0.020635422938503324 18259
1649243440600 0.02384207595954649 18309
1649243465579 0.014353017411194742 18359
1649243490851 0.012738513957010582 18409
1649243515959 0.014693908134941012 18459
1649243540775 0.0164311250904575 18509
1649243565868 0.028188358021434396 18559
1649243591233 0.021386428485857322 18609
1649243616732 0.018313205583253875 18659
1649243641722 0.020200759066501633 18709
1649243666306 0.019276004761923104 18759
1649243691252 0.021400583065114914 18809
1649243716363 0.015780217627761887 18859
1649243741134 0.01933760681422427 18909
1649243765961 0.020903486078605055 18959
1649243791242 0.022160871219821274 19009
1649243816699 0.019961586117278784 19059
1649243841640 0.027514655117411167 19109
1649243866806 0.02256857307627797 19159
1649243891860 0.023591693493071945 19209
1649243916961 0.02626507201232016 19259
1649243942272 0.018625717728864403 19309
1649243967627 0.02342724031303078 19359
1649243993397 0.02044093816075474 19409
1649244018072 0.02226090759271756 19459
1649244042965 0.024872200929094104 19509
1649244164785 0.01949880550382659 19560
1649244189400 0.02272905600606464 19610
1649244214774 0.017373658425640315 19660
1649244239685 0.022474287401419133 19710
1649244264677 0.020686320771928876 19760
1649244289746 0.016851184614934026 19810
1649244314342 0.024207571760052816 19860
1649244339916 0.014064697547582909 19910
1649244365618 0.024452987615950404 19960
1649244390729 0.022013518119929357 20010
1649244416221 0.01489794472232461 20060
1649244440844 0.017016085803043098 20110
1649244465899 0.019769724064972252 20160
1649244491174 0.018746996165136805 20210
1649244515744 0.017971516613615676 20260
1649244540812 0.023609818120021372 20310
1649244566040 0.020355245750397443 20360
1649244591322 0.025145384612260388 20410
1649244616269 0.02014584480552003 20460
1649244641217 0.0211389826820232 20510
1649244666521 0.018159678508527576 20560
1649244691749 0.018108141655102373 20610
1649244717021 0.016748869193252178 20660
1649244742209 0.028874249930959196 20710
1649244766925 0.018058334891684354 20760
1649244791747 0.02289633159758523 20810
1649244817019 0.027145637538051232 20860
1649244842427 0.017238301704637707 20910
1649244867363 0.01875674437498674 20960
1649244892449 0.01815298105007969 21010
1649244917801 0.017131693377159536 21060
1649244942585 0.021107168659800665 21110
1649244967300 0.018627015021629632 21160
1649244992077 0.017444683129433543 21210
1649245016843 0.021072007960174232 21260
1649245042082 0.021632303727092222 21310
1649245066926 0.021478094728663563 21360
1649245091806 0.013502221158705651 21410
1649245117378 0.023124897917732597 21460
1649245238125 0.015903512446675448 21511
1649245263243 0.017204855175223202 21561
1649245288267 0.018273048289120197 21611
1649245313881 0.022305317388963887 21661
1649245339241 0.018267402451019734 21711
1649245364206 0.018019998422823848 21761
1649245389698 0.014951435956172645 21811
1649245415079 0.017860995499650017 21861
1649245440175 0.019560456445906312 21911
1649245465310 0.018467157364357265 21961
1649245490283 0.01570773789891973 22011
1649245515247 0.018891492516268045 22061
1649245539780 0.022687728479504586 22111
1649245564835 0.015656695109792052 22161
1649245590425 0.020505755462218077 22211
1649245615424 0.01764733564807102 22261
1649245640594 0.017293429357232527 22311
1649245665432 0.021842641077237202 22361
1649245690268 0.014246910739457235 22411
1649245715309 0.015348732771817595 22461
1649245740249 0.01802093909587711 22511
1649245765189 0.01811730941699352 22561
1649245790554 0.027185699904803188 22611
1649245815196 0.01576473702327348 22661
1649245840467 0.02908669161959551 22711
1649245865540 0.021875369504559785 22761
1649245890765 0.020512924514478073 22811
1649245915966 0.02618968947324902 22861
1649245941239 0.018656312039820478 22911
1649245966331 0.01810408167424612 22961
1649245991312 0.02131431102519855 23011
1649246015877 0.017849854275118558 23061
1649246041010 0.019972185749793425 23111
1649246066259 0.01980462866020389 23161
1649246091313 0.0203103083698079 23211
1649246116385 0.014503504930762573 23261
1649246141240 0.024581145704723896 23311
1649246166521 0.016989431177498772 23361
1649246191900 0.02294681448605843 23411
