1649233142428 2.6184688568115235 50
1649233187624 1.1581594574451446 100
1649233232868 0.7501588252186775 150
1649233277944 0.7285424780845642 200
1649233323078 0.6628524670004845 250
1649233368508 0.6273239639401436 300
1649233413487 0.563740081936121 350
1649233458720 0.7375212597846985 400
1649233503580 0.8435320267081261 450
1649233548321 0.6427888169884681 500
1649233593472 0.8421841534972191 550
1649233638788 0.9090096151828766 600
1649233683877 1.0207355988025666 650
1649233717257 0.7321217328310012 700
1649233742285 0.8981499946117402 750
1649233767558 0.9171650239825249 800
1649233792769 0.7501966527104378 850
1649233818018 0.8773385274410248 900
1649233843531 0.842770848274231 950
1649233868549 0.8787362709641456 1000
1649233893630 0.8598513269424438 1050
1649233919011 0.8154835844039917 1100
1649233943926 1.006912946999073 1150
1649233969168 0.8303139919042587 1200
1649233994461 0.8853713288903237 1250
1649234019746 0.7804011106491089 1300
1649234044747 0.9771583724021912 1350
1649234069892 0.9765659317374229 1400
1649234094819 0.8503957229852677 1450
1649234120190 0.9861473509669304 1500
1649234145567 0.9185188400745392 1550
1649234171257 0.8938823208212853 1600
1649234196237 0.8829090064764022 1650
1649234221349 1.0162939858436584 1700
1649234246509 0.8347205296158791 1750
1649234271773 1.0131725889444352 1800
1649234296616 0.9050695282220841 1850
1649234322118 0.9035522440075874 1900
1649234347332 0.9563146674633026 1950
1649234470526 1.034780946969986 2001
1649234496032 0.8589444753527641 2051
1649234521189 0.9396158337593079 2101
1649234546428 0.8255062341690064 2151
1649234571525 0.8422777190804481 2201
1649234596289 0.8973463535308838 2251
1649234620928 0.876361780166626 2301
1649234646867 0.8070424553751946 2351
1649234672174 0.8797013169527054 2401
1649234697018 0.8818973928689957 2451
1649234721779 0.8430920052528381 2501
1649234747056 0.9005507943034172 2551
1649234772297 0.9069455844163895 2601
1649234797648 0.7365851074457168 2651
1649234822707 0.9258651542663574 2701
1649234847696 0.8009527456760407 2751
1649234872783 0.9219814556837082 2801
1649234897788 0.764042752981186 2851
1649234922847 0.9412595316767692 2901
1649234947738 0.8593473175168037 2951
1649234972788 0.8012681877613068 3001
1649234998217 0.9256082591414452 3051
1649235023249 0.9183900126814842 3101
1649235048229 0.9308230197429657 3151
1649235073432 0.7904746419191361 3201
1649235098927 0.8305953285098076 3251
1649235123669 0.795985409617424 3301
1649235148689 0.8642348855733871 3351
1649235173446 0.8849771696329117 3401
1649235198649 0.780942842066288 3451
1649235223948 0.7082460418343544 3501
1649235249176 0.8896235889196396 3551
1649235274220 0.8624389114975929 3601
1649235299328 0.8834720006585122 3651
1649235324066 0.7984229108691215 3701
1649235349296 0.7542041018605232 3751
1649235374361 0.9094675984978676 3801
1649235399324 0.8604797549545765 3851
1649235424504 0.9181712219119071 3901
1649235546939 0.8667185837030411 3952
1649235572189 0.8613356864452362 4002
1649235597232 0.8482590997219086 4052
1649235622159 0.7729666963219642 4102
1649235647331 0.858651502430439 4152
1649235672488 0.7547251841425896 4202
1649235697591 0.7948910191655159 4252
1649235722950 0.8877359673380851 4302
1649235748390 0.7044542124867439 4352
1649235773080 0.8510624983906746 4402
1649235797890 0.7425524228811264 4452
1649235822789 0.8804151152074337 4502
1649235848199 0.7687399163842201 4552
1649235873577 0.8965409499406815 4602
1649235898972 0.8347877036035061 4652
1649235923759 0.7286667174100876 4702
1649235948712 0.800018881559372 4752
1649235973703 0.8203249710798264 4802
1649235999064 0.8218763130903244 4852
1649236024273 0.7932795956730843 4902
1649236049271 0.7411397400498391 4952
1649236074611 0.7655250123143196 5002
1649236100120 0.8604571390151977 5052
1649236125012 0.8104848054051399 5102
1649236149711 0.9057519465684891 5152
1649236174723 0.7887031000852585 5202
1649236199967 0.7217224445939064 5252
1649236225130 0.7537828686833382 5302
1649236249925 0.8100709009170532 5352
1649236275440 0.7723411835730076 5402
1649236300440 0.8062546154856682 5452
1649236325405 0.8043251797556877 5502
1649236350117 0.7623543456196785 5552
1649236374929 0.7994326721131801 5602
1649236399839 0.6982383194565773 5652
1649236424939 0.7174263426661491 5702
1649236450340 0.7718398028612137 5752
1649236475296 0.8979167455434799 5802
1649236500379 0.7789281374216079 5852
1649236623702 0.8466338428854943 5903
1649236648843 0.8206274348497391 5953
1649236674009 0.7033754862844944 6003
1649236698652 0.7521612025797367 6053
1649236723649 0.6985047879815102 6103
1649236748656 0.8807790389657021 6153
1649236773732 0.697657890021801 6203
1649236799048 0.761353155374527 6253
1649236824465 0.8251509922742843 6303
1649236849689 0.683298020362854 6353
1649236874493 0.7783479768037797 6403
1649236899904 0.7212855094671249 6453
1649236925007 0.7688064587116241 6503
1649236951194 0.7986421613395214 6553
1649236976273 0.8349372705817223 6603
1649237001235 0.7714516687393188 6653
1649237026634 0.6839207807183265 6703
1649237051537 0.7405176608264447 6753
1649237076319 0.7087515354156494 6803
1649237101390 0.5953747707605362 6853
1649237126309 0.7910776546597481 6903
1649237151517 0.8102684427797794 6953
1649237176417 0.7218507915735245 7003
1649237201493 0.7823119378089904 7053
1649237226437 0.8365445601940155 7103
1649237251788 0.8013417342305184 7153
1649237276809 0.7121689808368683 7203
1649237302018 0.8055101975798606 7253
1649237327093 0.7485853293538094 7303
1649237351950 0.6970634280145168 7353
1649237377285 0.7448427717387677 7403
1649237402795 0.748664496243 7453
1649237427909 0.705346108675003 7503
1649237453079 0.7889270097017288 7553
1649237478210 0.7896538245677948 7603
1649237503231 0.7121885445713997 7653
1649237528798 0.8108202213048935 7703
1649237553303 0.7364617085456848 7753
1649237578144 0.7389168411493301 7803
1649237700293 0.6740743863582611 7854
1649237725484 0.7930524288117886 7904
1649237750226 0.6991531862318516 7954
1649237775327 0.6495352628827095 8004
1649237800348 0.6308390285074711 8054
1649237825207 0.697798106521368 8104
1649237850288 0.8297691193222999 8154
1649237875582 0.754286116361618 8204
1649237900810 0.7428839157521725 8254
1649237926078 0.7319209420681 8304
1649237951155 0.7380676087737084 8354
1649237976537 0.700059272646904 8404
1649238001560 0.6996053758263588 8454
1649238027000 0.7045028346776963 8504
1649238052184 0.7832011742889882 8554
1649238076989 0.711378098577261 8604
1649238102322 0.7643890281021595 8654
1649238127292 0.7296556660532951 8704
1649238152194 0.6362603832781315 8754
1649238176931 0.6679800494015217 8804
1649238201675 0.7741239865124225 8854
1649238226768 0.8327472886443138 8904
1649238251785 0.7881893929839134 8954
1649238276573 0.7273864901065826 9004
1649238301225 0.8096820104122162 9054
1649238326199 0.7090998092293739 9104
1649238351430 0.6634288601577282 9154
1649238376944 0.7606037063896656 9204
1649238402248 0.8063145326077938 9254
1649238427309 0.6742685022950172 9304
1649238452313 0.6952038675546646 9354
1649238477585 0.6589320987462998 9404
1649238502617 0.5867478077113628 9454
1649238527542 0.6522183209657669 9504
1649238552299 0.8154968571662903 9554
1649238577216 0.6533722057938576 9604
1649238602183 0.735796223282814 9654
1649238627613 0.7172640192508698 9704
1649238652823 0.6942820769548416 9754
1649238776268 0.5509245608747005 9805
1649238801466 0.6146383807063103 9855
1649238826340 0.6610675477981567 9905
1649238851161 0.6201328837871551 9955
1649238876260 0.712982237637043 10005
1649238901376 0.7505480113625527 10055
1649238926657 0.6132802633941173 10105
1649238952028 0.7219651558995247 10155
1649238977287 0.7144788931310176 10205
1649239002103 0.6007910373806954 10255
1649239027300 0.5856905741989613 10305
1649239052768 0.7325904363393784 10355
1649239078332 0.7229113003611565 10405
1649239103657 0.7355575574934483 10455
1649239128863 0.7217388892173767 10505
1649239153872 0.7485489948093891 10555
1649239178766 0.7829820764064789 10605
1649239203681 0.5925598825514317 10655
1649239228902 0.6333660897612572 10705
1649239254852 0.7420631682872773 10755
1649239280255 0.8275331526994705 10805
1649239305801 0.6577073682844639 10855
1649239330778 0.7571672841906547 10905
1649239355943 0.7009478005766868 10955
1649239381542 0.6879349809885025 11005
1649239406290 0.6153415110707283 11055
1649239431744 0.6833797997236252 11105
1649239457249 0.554358739554882 11155
1649239482280 0.6506476093828678 11205
1649239507210 0.7784285105764865 11255
1649239532360 0.7418780861794949 11305
1649239557664 0.6422411136329174 11355
1649239582840 0.5727365137636662 11405
1649239608223 0.6797886648774147 11455
1649239633860 0.7618849442899227 11505
1649239659743 0.6903584915399551 11555
1649239684989 0.7414840599894523 11605
1649239710762 0.7071035753190518 11655
1649239735796 0.7366006930172443 11705
1649239857801 0.6583797968924046 11756
1649239882693 0.6660276512801647 11806
1649239907698 0.5716980399191379 11856
1649239932767 0.6967501597106457 11906
1649239958264 0.6033361032605171 11956
1649239983200 0.6079519456624984 12006
1649240008770 0.5716367898881436 12056
1649240033823 0.6490154987573624 12106
1649240059450 0.6730542068183422 12156
1649240084622 0.6056176193058491 12206
1649240110018 0.627871894389391 12256
1649240135536 0.5951070356369018 12306
1649240160898 0.6435472233593464 12356
1649240185685 0.5245367423444987 12406
1649240210735 0.7653958350419998 12456
1649240235687 0.6894184812903404 12506
1649240260794 0.5888636818528176 12556
1649240285625 0.6316489304602146 12606
1649240310451 0.6157368877530098 12656
1649240335729 0.7236151264607906 12706
1649240360915 0.6007920275628567 12756
1649240385776 0.6302572730183601 12806
1649240410699 0.6936679815500975 12856
1649240435787 0.6634437569975853 12906
1649240460937 0.6422217401862145 12956
1649240485778 0.6096976029872895 13006
1649240510775 0.5569646479189396 13056
1649240535675 0.6912592640519142 13106
1649240560833 0.664013582766056 13156
1649240586070 0.6731095847487449 13206
1649240611204 0.6101012407243251 13256
1649240636259 0.5498253955692053 13306
1649240661584 0.6324136692285538 13356
1649240686747 0.7966189391911029 13406
1649240711832 0.6115334877371787 13456
1649240736796 0.610812928378582 13506
1649240761769 0.6210056649148464 13556
1649240787133 0.6948521068692207 13606
1649240812405 0.6552170059084892 13656
1649240935512 0.5595923025906085 13707
1649240960791 0.6157286351919175 13757
1649240985801 0.49997631430625916 13807
1649241010725 0.6665573579072952 13857
1649241035568 0.5570619551837445 13907
1649241060268 0.6333385901153088 13957
1649241085743 0.6989872170984746 14007
1649241110700 0.5490270195901394 14057
1649241135413 0.5910057443380355 14107
1649241160211 0.500449393466115 14157
1649241185549 0.626988892108202 14207
1649241210725 0.6330571626126766 14257
1649241235677 0.5851616393774748 14307
1649241260421 0.6062547633051872 14357
1649241285371 0.5675655595958233 14407
1649241310259 0.5600582169741393 14457
1649241335406 0.6191355523467064 14507
1649241360331 0.5683533030003309 14557
1649241385368 0.560502462387085 14607
1649241410751 0.5590270365774631 14657
1649241436016 0.6092599834501743 14707
1649241461442 0.6016609682142735 14757
1649241486869 0.5804456342756749 14807
1649241512324 0.598825304210186 14857
1649241537860 0.6101568812131881 14907
1649241562842 0.682680556923151 14957
1649241588092 0.7673773132264614 15007
1649241613794 0.5619289869815112 15057
1649241638928 0.553018082678318 15107
1649241663856 0.5647885537147522 15157
1649241689284 0.6120781628787517 15207
1649241714787 0.6569671964645386 15257
1649241739540 0.6486139906942845 15307
1649241764677 0.5855802590399981 15357
1649241789775 0.6938518467545509 15407
1649241815206 0.6248487424850464 15457
1649241840334 0.5937862557172775 15507
1649241865440 0.6275806650519371 15557
1649241890964 0.6529985652118921 15607
1649242014003 0.6670911730825901 15658
1649242038803 0.47203781314194204 15708
1649242063871 0.5143960703164339 15758
1649242088749 0.56695297293365 15808
1649242113828 0.5954805850982666 15858
1649242138801 0.48070293471217157 15908
1649242163807 0.5026842523366213 15958
1649242189152 0.41571374118328097 16008
1649242214049 0.6473864415287971 16058
1649242239286 0.4661243516206741 16108
1649242264378 0.4011194922029972 16158
1649242289835 0.5311390019580722 16208
1649242314791 0.4073028229922056 16258
1649242340221 0.5191132628917694 16308
1649242365309 0.3922204814851284 16358
1649242390134 0.4747977592051029 16408
1649242415308 0.5209037286043167 16458
1649242440255 0.388353021889925 16508
1649242465108 0.4828494632989168 16558
1649242490219 0.5594678766280413 16608
1649242515120 0.4755516366660595 16658
1649242540247 0.41053675539791584 16708
1649242565759 0.4994241327792406 16758
1649242590785 0.46380183935165403 16808
1649242615694 0.4920415396988392 16858
1649242640814 0.46582950934767725 16908
1649242666498 0.46746233709156515 16958
1649242691834 0.48944586552679537 17008
1649242716723 0.4531002514064312 17058
1649242742288 0.45488701686263083 17108
1649242767372 0.459750818759203 17158
1649242792235 0.520408566147089 17208
1649242817528 0.5183548425883054 17258
1649242842388 0.49720671370625497 17308
1649242867189 0.5178727295249701 17358
1649242892361 0.4425165957212448 17408
1649242917492 0.41005577981472013 17458
1649242942924 0.4513194082677364 17508
1649242968172 0.47776932701468466 17558
1649243089489 0.5005779581516981 17609
1649243114355 0.4564659260958433 17659
1649243139353 0.5244884496182203 17709
1649243164274 0.40841063894331453 17759
1649243189396 0.49431396059691907 17809
1649243214843 0.4377976083755493 17859
1649243240007 0.524578290656209 17909
1649243264969 0.40069045320153235 17959
1649243290198 0.4542696736007929 18009
1649243315242 0.4330258037149906 18059
1649243340521 0.4455104648321867 18109
1649243365979 0.4719191199541092 18159
1649243390703 0.39370490342378617 18209
1649243415756 0.464933260679245 18259
1649243440600 0.4710264729708433 18309
1649243465579 0.3538780991733074 18359
1649243490851 0.37493739038705826 18409
1649243515959 0.4211711021512747 18459
1649243540775 0.38587781257927417 18509
1649243565868 0.5082958979904652 18559
1649243591233 0.5000415332615376 18609
1649243616732 0.4062998291105032 18659
1649243641722 0.44088746964931486 18709
1649243666306 0.43880417063832283 18759
1649243691252 0.42742484286427496 18809
1649243716363 0.32834014400839806 18859
1649243741134 0.4146713591367006 18909
1649243765961 0.3846674724668264 18959
1649243791242 0.44762381084263325 19009
1649243816699 0.40597612082958223 19059
1649243841640 0.5294773696362972 19109
1649243866806 0.47921104803681375 19159
1649243891860 0.4268090759962797 19209
1649243916961 0.505665598064661 19259
1649243942272 0.4116507847607136 19309
1649243967627 0.46477282136678694 19359
1649243993397 0.3972106787934899 19409
1649244018072 0.48392959602177144 19459
1649244042965 0.4968152054399252 19509
1649244164785 0.447592763453722 19560
1649244189400 0.5134846787527203 19610
1649244214774 0.33980696406215427 19660
1649244239685 0.4226721119135618 19710
1649244264677 0.46748009108006955 19760
1649244289746 0.40364004388451574 19810
1649244314342 0.4598125140368938 19860
1649244339916 0.3464755963534117 19910
1649244365618 0.4284363855421543 19960
1649244390729 0.43573072366416454 20010
1649244416221 0.4192161217331886 20060
1649244440844 0.3772007269412279 20110
1649244465899 0.4013458975404501 20160
1649244491174 0.34201858527958395 20210
1649244515744 0.3923826912045479 20260
1649244540812 0.4577596873790026 20310
1649244566040 0.4375673157721758 20360
1649244591322 0.478572261929512 20410
1649244616269 0.48594186671078204 20460
1649244641217 0.48503939278423785 20510
1649244666521 0.392485719025135 20560
1649244691749 0.4083569140732288 20610
1649244717021 0.3675267965346575 20660
1649244742209 0.5683881260454655 20710
1649244766925 0.45977889098227026 20760
1649244791747 0.42134527944028377 20810
1649244817019 0.43851577423512933 20860
1649244842427 0.3487578757107258 20910
1649244867363 0.3893976602703333 20960
1649244892449 0.3752539324760437 21010
1649244917801 0.39957424454391005 21060
1649244942585 0.42852340288460256 21110
1649244967300 0.42659936733543874 21160
1649244992077 0.40129265349358323 21210
1649245016843 0.4275282675772905 21260
1649245042082 0.47677307184785606 21310
1649245066926 0.4284265473484993 21360
1649245091806 0.3385040572285652 21410
1649245117378 0.4187689444422722 21460
1649245238125 0.3523462840914726 21511
1649245263243 0.36879555746912956 21561
1649245288267 0.34893004428595303 21611
1649245313881 0.45350335784256457 21661
1649245339241 0.4223799892514944 21711
1649245364206 0.3799733496457338 21761
1649245389698 0.35169204205274585 21811
1649245415079 0.3818499770388007 21861
1649245440175 0.3831832332909107 21911
1649245465310 0.4165240051597357 21961
1649245490283 0.3241864044964313 22011
1649245515247 0.36703536607325077 22061
1649245539780 0.48040851272642615 22111
1649245564835 0.3833946119621396 22161
1649245590425 0.38740039385855196 22211
1649245615424 0.3785651948675513 22261
1649245640594 0.3973766937106848 22311
1649245665432 0.4313558405265212 22361
1649245690268 0.32442552387714385 22411
1649245715309 0.3665955352410674 22461
1649245740249 0.386031147390604 22511
1649245765189 0.3643137222155929 22561
1649245790554 0.4633170272782445 22611
1649245815196 0.3422277724742889 22661
1649245840467 0.5236038246750832 22711
1649245865540 0.4066954914480448 22761
1649245890765 0.3966244039684534 22811
1649245915966 0.42260848883539437 22861
1649245941239 0.38327181309461594 22911
1649245966331 0.3296762181073427 22961
1649245991312 0.46077882722020147 23011
1649246015877 0.3592508492991328 23061
1649246041010 0.42280195899307726 23111
1649246066259 0.38533085234463216 23161
1649246091313 0.40260689418762924 23211
1649246116385 0.3126060362532735 23261
1649246141240 0.49505490958690646 23311
1649246166521 0.36901781406253575 23361
1649246191900 0.4123190855234861 23411
