1649063707835 0.13209341008216144 50
1649063753680 0.12556127287447452 100
1649063799343 0.1246958315372467 150
1649063844414 0.12197534389793872 200
1649063888610 0.11201920472085476 250
1649063933430 0.10971245236694813 300
1649063977612 0.11148783784359693 350
1649064022238 0.12334520485252141 400
1649064066929 0.11368201740086079 450
1649064112146 0.10764874897897243 500
1649064157133 0.10619979947805405 550
1649064201510 0.11068530198186637 600
1649064238484 0.0958125389739871 650
1649064263643 0.10888376835733653 700
1649064289048 0.1072863020375371 750
1649064313854 0.11639485880732536 800
1649064338716 0.10195724554359913 850
1649064363870 0.09858680322766304 900
1649064389011 0.1007596854865551 950
1649064414347 0.10628316007554531 1000
1649064439674 0.10188540570437908 1050
1649064464893 0.1162808283790946 1100
1649064490236 0.08422112185508013 1150
1649064515133 0.07402043722569943 1200
1649064540365 0.1025556318834424 1250
1649064565587 0.10835627473890781 1300
1649064590666 0.10579931747168303 1350
1649064616391 0.09323703102767468 1400
1649064641498 0.12303711235523224 1450
1649064666505 0.08632141714915634 1500
1649064691662 0.10632913917303086 1550
1649064717399 0.08726782642304898 1600
1649064742253 0.11718081381171942 1650
1649064767534 0.09493556644767523 1700
1649064792571 0.0867147072404623 1750
1649064818881 0.09487609304487706 1800
1649064844926 0.09444634940475226 1850
1649064870058 0.0862211237475276 1900
1649064895736 0.09623159743845462 1950
1649065012901 0.0834336993470788 2003
1649065037948 0.09832699302583933 2053
1649065063208 0.07716627720743417 2103
1649065088761 0.10311555180698634 2153
1649065113769 0.09052379922941327 2203
1649065139482 0.10585186172276735 2253
1649065164740 0.0823705817386508 2303
1649065190573 0.08773257484659552 2353
1649065215777 0.09576116554439068 2403
1649065240834 0.08893396118655801 2453
1649065265843 0.08468949679285288 2503
1649065291073 0.08785504495725036 2553
1649065316319 0.09381889421492814 2603
1649065341310 0.0972282475233078 2653
1649065366640 0.07844386585056781 2703
1649065391938 0.0894719798117876 2753
1649065417051 0.09272913534194231 2803
1649065442672 0.08055809684097767 2853
1649065467855 0.0848473707959056 2903
1649065493241 0.07603496219962835 2953
1649065518448 0.0843374690786004 3003
1649065543498 0.09251513622701169 3053
1649065569007 0.08901056203991174 3103
1649065594312 0.09766693376004695 3153
1649065619382 0.07805086700245738 3203
1649065644352 0.08127267424017191 3253
1649065670263 0.07537406442686916 3303
1649065695463 0.08474451255053282 3353
1649065720292 0.08058628166094423 3403
1649065745726 0.07691334888339042 3453
1649065771156 0.08968609504401684 3503
1649065796543 0.09638482298702002 3553
1649065821677 0.08437861889600753 3603
1649065846522 0.09274863637983799 3653
1649065871718 0.07680351428687572 3703
1649065896670 0.08669602032750845 3753
1649065921831 0.09265756525099278 3803
1649065946666 0.08583616107702255 3853
1649065971914 0.08421678382903337 3903
1649066086134 0.08835755508393049 3956
1649066111496 0.08305352430790663 4006
1649066137141 0.08142645664513111 4056
1649066162764 0.08047358408570289 4106
1649066187698 0.08868590421974659 4156
1649066212956 0.07164873639587313 4206
1649066238493 0.08785394893959164 4256
1649066264002 0.0776345682889223 4306
1649066289185 0.07719873415306211 4356
1649066314742 0.07557208620011807 4406
1649066339734 0.0841867596656084 4456
1649066364737 0.08514725640416146 4506
1649066389845 0.08892941128462553 4556
1649066415359 0.07911763079464436 4606
1649066440747 0.08998364727944136 4656
1649066466385 0.07594960614107549 4706
1649066491796 0.07461861690506338 4756
1649066517427 0.07799083496443927 4806
1649066542489 0.06829229453578592 4856
1649066567445 0.08432841628789901 4906
1649066592888 0.07871045479550957 4956
1649066618338 0.08308212198317051 5006
1649066643734 0.07586495770141483 5056
1649066668994 0.08405258037149906 5106
1649066694408 0.08800712382420897 5156
1649066719706 0.0697071972116828 5206
1649066745050 0.08035269379615784 5256
1649066770291 0.08233630824834108 5306
1649066795332 0.08534305538982152 5356
1649066821128 0.08284182321280241 5406
1649066846066 0.05946590006351471 5456
1649066871398 0.06458994785323739 5506
1649066896817 0.09165817537344992 5556
1649066922577 0.07639419564977289 5606
1649066948355 0.07998468264937401 5656
1649066974086 0.07153400151059032 5706
1649066999351 0.08052382161840796 5756
1649067025049 0.07753552170470357 5806
1649067050536 0.070077367965132 5856
1649067164683 0.08269608985632658 5909
1649067190438 0.06816355083137751 5959
1649067215625 0.07677340043708682 6009
1649067240618 0.06932772068306804 6059
1649067266017 0.07470679134130478 6109
1649067290771 0.06361657695844769 6159
1649067315852 0.07327114060521125 6209
1649067341343 0.07135495103895664 6259
1649067366409 0.0739261386822909 6309
1649067391859 0.07405694171786309 6359
1649067417177 0.0822223075851798 6409
1649067441888 0.09104277022182941 6459
1649067466612 0.07823395926505328 6509
1649067492138 0.0813393834233284 6559
1649067517452 0.07547538625076414 6609
1649067542922 0.08193079309538007 6659
1649067568054 0.08402637880295515 6709
1649067593659 0.07523265900090337 6759
1649067618903 0.0761174969188869 6809
1649067644589 0.0759039232134819 6859
1649067669807 0.07284518567845226 6909
1649067695395 0.06746243882924319 6959
1649067720623 0.07861047867685557 7009
1649067745586 0.07432366993278265 7059
1649067770824 0.0635644906759262 7109
1649067795892 0.07337298037484288 7159
1649067820750 0.07126628376543521 7209
1649067845787 0.08026440311223268 7259
1649067871172 0.0794442114047706 7309
1649067896251 0.08644195828586816 7359
1649067921800 0.08247616190463304 7409
1649067946895 0.0731672128662467 7459
1649067971807 0.07171918673440814 7509
1649067997038 0.07589258696883917 7559
1649068022440 0.06556208396330476 7609
1649068047997 0.07760260390117764 7659
1649068073406 0.10659274293109774 7709
1649068098560 0.07428717205300928 7759
1649068123752 0.07769028052687645 7809
1649068239319 0.07089618537575007 7862
1649068264888 0.07690127674490213 7912
1649068289779 0.07297857792582363 7962
1649068315795 0.07786284769885242 8012
1649068340664 0.08216778920963407 8062
1649068365915 0.0738024259917438 8112
1649068391237 0.07234834531322122 8162
1649068416627 0.07694269467145204 8212
1649068441618 0.08915337914600968 8262
1649068466821 0.06752457475289703 8312
1649068491646 0.08383743535727263 8362
1649068516958 0.07712221652269363 8412
1649068541927 0.08025234844535589 8462
1649068567051 0.07569369051605462 8512
1649068592379 0.07525952009484171 8562
1649068617323 0.07804990079253912 8612
1649068643044 0.07445741469040514 8662
1649068668200 0.07891832074150443 8712
1649068693303 0.07658567743375898 8762
1649068718156 0.06792314648628235 8812
1649068743215 0.0800596284493804 8862
1649068768619 0.06123455986380577 8912
1649068794164 0.07889068711549044 8962
1649068819137 0.06879325427114963 9012
1649068844212 0.06791616052389145 9062
1649068869515 0.0723329814337194 9112
1649068894478 0.06499167289584876 9162
1649068919719 0.07045295096933842 9212
1649068944717 0.06242995383217931 9262
1649068970272 0.0705598422512412 9312
1649068995818 0.06985903763212263 9362
1649069020971 0.06807924143970012 9412
1649069046211 0.08153545150533319 9462
1649069071591 0.08046326452866197 9512
1649069096879 0.07831901611760259 9562
1649069122997 0.07522684127092362 9612
1649069148633 0.057867290377616884 9662
1649069173849 0.06585039846599101 9712
1649069198934 0.06687494745478034 9762
1649069314767 0.06761130781844259 9815
1649069340412 0.06214788457378745 9865
1649069365909 0.07528081538155675 9915
1649069391419 0.06806144133210182 9965
1649069416614 0.07095353225246072 10015
1649069442302 0.07468429387547076 10065
1649069467693 0.07835803573951125 10115
1649069492820 0.06235326111316681 10165
1649069518522 0.05975756488740444 10215
1649069543868 0.06853519277647138 10265
1649069568876 0.06843512630090118 10315
1649069595070 0.07890592790208757 10365
1649069620446 0.07268832635134459 10415
1649069645923 0.06722463738173247 10465
1649069671543 0.07238737119361759 10515
1649069696435 0.08375431217253208 10565
1649069721770 0.08180009765550494 10615
1649069746970 0.06826966559514404 10665
1649069772173 0.06003333108033985 10715
1649069797770 0.06458067553117872 10765
1649069822968 0.07080974206328391 10815
1649069848275 0.06309275910258293 10865
1649069873528 0.0721279098186642 10915
1649069899371 0.08132948949933053 10965
1649069924767 0.08047619137912988 11015
1649069950325 0.06263318032026291 11065
1649069975385 0.06617005018517375 11115
1649070000610 0.07884910803288221 11165
1649070025804 0.07506461028009653 11215
1649070050987 0.06983152018859982 11265
1649070076293 0.07411468567326665 11315
1649070101655 0.07764847474172712 11365
1649070127072 0.07964611859992146 11415
1649070152345 0.07410971198230981 11465
1649070178134 0.07195729970932006 11515
1649070203756 0.07664916445501149 11565
1649070228764 0.06824773589149118 11615
1649070254521 0.06433085048571228 11665
1649070279801 0.07702727906405926 11715
1649070394440 0.07752419028431178 11768
1649070419134 0.05701041947118938 11818
1649070444364 0.07339159661903977 11868
1649070469299 0.0577221854776144 11918
1649070494366 0.0781297810934484 11968
1649070520033 0.06874122081324457 12018
1649070545239 0.05958198830485344 12068
1649070570402 0.06500245440751314 12118
1649070595989 0.07958770576864481 12168
1649070621279 0.06909830521326513 12218
1649070646573 0.061695010140538215 12268
1649070671733 0.06816025730222464 12318
1649070696825 0.06822634559124709 12368
1649070721789 0.0726594166457653 12418
1649070746803 0.07207437174394726 12468
1649070772099 0.06708415235392749 12518
1649070797747 0.07946584330871702 12568
1649070822753 0.06307719463482499 12618
1649070847989 0.07002926705405116 12668
1649070873471 0.07322169829159975 12718
1649070898979 0.07491332424804568 12768
1649070923767 0.07404285220429302 12818
1649070948820 0.07532171808183193 12868
1649070973964 0.06921602204442025 12918
1649070999256 0.06520117335021496 12968
1649071024488 0.061605569757521156 13018
1649071049949 0.07860687332227827 13068
1649071075013 0.062374173160642386 13118
1649071100252 0.07267518049106002 13168
1649071125451 0.07922482082620264 13218
1649071150503 0.06340776119381189 13268
1649071175569 0.06971582415513694 13318
1649071200636 0.05834697657264769 13368
1649071226005 0.05756653837859631 13418
1649071251478 0.058770821788348256 13468
1649071277467 0.061929387226700786 13518
1649071302965 0.07034837195649743 13568
1649071328536 0.06430438676849008 13618
1649071354046 0.06582929929718376 13668
1649071468745 0.06650522377341986 13721
1649071493904 0.06661732958629728 13771
1649071518792 0.06130163891240954 13821
1649071543852 0.07101184567436576 13871
1649071569326 0.07355842642486095 13921
1649071594321 0.07082695012912155 13971
1649071619502 0.06408282162621617 14021
1649071644372 0.06645427808165551 14071
1649071669427 0.06586495637893677 14121
1649071694642 0.06170174580067396 14171
1649071720406 0.07066782981157303 14221
1649071745492 0.07245422711595893 14271
1649071770750 0.05638553287833929 14321
1649071796233 0.0719625740684569 14371
1649071821315 0.06043051077052951 14421
1649071847046 0.06614487262442709 14471
1649071872501 0.05851176027208567 14521
1649071897682 0.06245942709967494 14571
1649071923301 0.07838877078145742 14621
1649071948954 0.07593914844095707 14671
1649071974276 0.07345679132267832 14721
1649071999210 0.07359757728874683 14771
1649072024079 0.06724830519407987 14821
1649072049256 0.06638443510048092 14871
1649072074173 0.0616165389213711 14921
1649072099510 0.07731001634150743 14971
1649072124808 0.06257567869499325 15021
1649072150322 0.0591143742762506 15071
1649072176185 0.0736717003956437 15121
1649072201567 0.06432520635426045 15171
1649072227140 0.07360236737877131 15221
1649072252436 0.06905657805502415 15271
1649072277686 0.05906747514382005 15321
1649072302907 0.06174363764002919 15371
1649072327877 0.06913934364914893 15421
1649072353218 0.06547375811263918 15471
1649072378604 0.07596870044246316 15521
1649072404314 0.06760681500658393 15571
1649072429546 0.072198551800102 15621
1649072545943 0.06737185683101415 15674
1649072570629 0.06320735962130129 15724
1649072595690 0.06397763258777558 15774
1649072621201 0.06642472865991295 15824
1649072646802 0.049428341053426264 15874
1649072671995 0.058074541026726365 15924
1649072697137 0.06386116521432995 15974
1649072722282 0.058621093071997164 16024
1649072747207 0.05407575823366642 16074
1649072772868 0.06226958667859435 16124
1649072798506 0.051682612458243966 16174
1649072824000 0.05760973362252116 16224
1649072849362 0.06555585814639926 16274
1649072874681 0.05900532020255923 16324
1649072899823 0.05214425144717097 16374
1649072924964 0.05618956113234162 16424
1649072950006 0.06443662105128169 16474
1649072975056 0.058029790641739964 16524
1649073000201 0.05761129939928651 16574
1649073025173 0.050217405743896965 16624
1649073050081 0.05518233919516206 16674
1649073075533 0.06938599536195397 16724
1649073100734 0.07020656803622842 16774
1649073125993 0.06485916186124087 16824
1649073151670 0.050936263743788006 16874
1649073177228 0.054977664342150095 16924
1649073202301 0.07394842982292175 16974
1649073227449 0.06246713750064373 17024
1649073252294 0.058567417175509034 17074
1649073277464 0.05865832129027695 17124
1649073302401 0.0678595301322639 17174
1649073327942 0.053499475177377465 17224
1649073352959 0.05536002442240715 17274
1649073377903 0.05881914073601365 17324
1649073403494 0.06105908236466348 17374
1649073429249 0.06539756533689797 17424
1649073454523 0.051594476029276845 17474
1649073479891 0.06822368327528239 17524
1649073505298 0.056209817389026286 17574
1649073621449 0.057836874425411224 17627
1649073646795 0.047996512656100096 17677
1649073671803 0.054274006709456445 17727
1649073697064 0.057072553299367425 17777
1649073722054 0.05138747566379607 17827
1649073747336 0.05423351225443184 17877
1649073772535 0.05734169061295688 17927
1649073797654 0.05074261261150241 17977
1649073822687 0.05628592619672418 18027
1649073847942 0.05410373127087951 18077
1649073873335 0.057580864867195485 18127
1649073898700 0.07242717856541275 18177
1649073924018 0.060319628277793524 18227
1649073949159 0.05407903835177422 18277
1649073974335 0.06432370433583856 18327
1649073999144 0.05929879052564502 18377
1649074024466 0.058207054249942304 18427
1649074049783 0.06381208769045771 18477
1649074074716 0.05303285381291062 18527
1649074099664 0.07867533389478922 18577
1649074125037 0.05921002911403775 18627
1649074150449 0.06005624508485198 18677
1649074175152 0.05930199023336172 18727
1649074200477 0.05459452696144581 18777
1649074225808 0.057012533098459245 18827
1649074250787 0.053105345312505964 18877
1649074275882 0.059532377840951084 18927
1649074300857 0.051283831913024186 18977
1649074326688 0.05566999927163124 19027
1649074351858 0.04689882874488831 19077
1649074376841 0.06152555920183658 19127
1649074402101 0.0572443278785795 19177
1649074427970 0.0602666472364217 19227
1649074452746 0.051630317447707054 19277
1649074477972 0.061733949426561595 19327
1649074502704 0.06592477538622915 19377
1649074527955 0.04828699393197894 19427
1649074552839 0.06663431763648987 19477
1649074578658 0.05073385405354202 19527
1649074694530 0.0658262487500906 19580
1649074719720 0.052909543104469776 19630
1649074745171 0.05892005768604577 19680
1649074770246 0.04896183443721384 19730
1649074795154 0.04861095985397697 19780
1649074820393 0.04526320537552238 19830
1649074845698 0.06305443866178394 19880
1649074870971 0.04948799427598715 19930
1649074896042 0.05617109144106507 19980
1649074921466 0.056885566674172876 20030
1649074947152 0.05614349080249667 20080
1649074972113 0.0555603639036417 20130
1649074997518 0.06325101335532964 20180
1649075022749 0.0638601853698492 20230
1649075047671 0.0629005388263613 20280
1649075072870 0.04949416374787688 20330
1649075097866 0.04258048722520471 20380
1649075123689 0.05392540788277984 20430
1649075148730 0.060239689759910106 20480
1649075173579 0.055710668275132776 20530
1649075198834 0.06268664436414838 20580
1649075223819 0.06282016342040152 20630
1649075249555 0.059925324264913794 20680
1649075274998 0.04394881536252797 20730
1649075299996 0.059458509255200624 20780
1649075325139 0.05779760289937258 20830
1649075350388 0.05594904944766313 20880
1649075375927 0.061994026992470024 20930
1649075401850 0.04796093607321381 20980
1649075427191 0.05735834976658225 21030
1649075452277 0.04822763478383422 21080
1649075476979 0.047830709572881464 21130
1649075502254 0.057480991650372744 21180
1649075527563 0.05054687114432454 21230
1649075552964 0.05842250265181065 21280
1649075578842 0.062110614459961654 21330
1649075604602 0.06254695050418377 21380
1649075629889 0.051486722836270926 21430
1649075654804 0.05968069797381759 21480
1649075771096 0.051855045948177574 21533
1649075796550 0.053869778346270325 21583
1649075821709 0.05166511141695082 21633
1649075846992 0.04593566834926605 21683
1649075871939 0.06079069132916629 21733
1649075897232 0.046563369585201145 21783
1649075922300 0.05302467567846179 21833
1649075947231 0.06782567232847214 21883
1649075972281 0.051787366569042204 21933
1649075997700 0.04906546324491501 21983
1649076023389 0.060002244003117086 22033
1649076048706 0.054594430308789015 22083
1649076074079 0.0695374156627804 22133
1649076099749 0.05146535327658057 22183
1649076125243 0.05220206221565604 22233
1649076150500 0.06597330832853913 22283
1649076176278 0.0537889586109668 22333
1649076201736 0.05791524813510478 22383
1649076226805 0.05278912901878357 22433
1649076251831 0.046743188602849844 22483
1649076277120 0.05388103574514389 22533
1649076302719 0.05050017102621496 22583
1649076327889 0.04717250068672001 22633
1649076353094 0.05854959513992071 22683
1649076378929 0.05091067475266755 22733
1649076404627 0.05460306935943663 22783
1649076430254 0.0582635033596307 22833
1649076455684 0.04353195477277041 22883
1649076480746 0.05468944871798158 22933
1649076505922 0.05462617161683738 22983
1649076530411 0.053665347816422584 23033
1649076555227 0.05152997396886349 23083
1649076580246 0.056565868873149155 23133
1649076605496 0.05685747977346182 23183
1649076631295 0.05651162713766098 23233
1649076656847 0.05784461608156562 23283
1649076682380 0.06311209777370096 23333
1649076707229 0.06077868094202131 23383
1649076732535 0.04891803917009383 23433
