1649063707835 3.088550684452057 50
1649063753680 0.9988112425804139 100
1649063799343 0.7609039765596389 150
1649063844414 0.6525934955477715 200
1649063888610 0.5772767406702042 250
1649063933430 0.4948012298345566 300
1649063977612 0.5592837059497833 350
1649064022238 0.6416509711742401 400
1649064066929 0.6581593433022499 450
1649064112146 0.5591460493206978 500
1649064157133 0.518258957862854 550
1649064201510 0.5923615498840809 600
1649064238484 0.46184977620840073 650
1649064263643 0.5697304633259773 700
1649064289048 0.5863933108747006 750
1649064313854 0.5388032583892346 800
1649064338716 0.6156362420320511 850
1649064363870 0.5352186357975006 900
1649064389011 0.586475376188755 950
1649064414347 0.621581911444664 1000
1649064439674 0.5216395205259323 1050
1649064464893 0.6468137863278389 1100
1649064490236 0.5523316630721092 1150
1649064515133 0.5221911008656025 1200
1649064540365 0.6365747994184494 1250
1649064565587 0.6489001441001893 1300
1649064590666 0.7281262546777725 1350
1649064616391 0.6536727088689804 1400
1649064641498 0.7235606735944748 1450
1649064666505 0.5877282974123955 1500
1649064691662 0.660917294472456 1550
1649064717399 0.6242344856262207 1600
1649064742253 0.7242448702454567 1650
1649064767534 0.5527149775624275 1700
1649064792571 0.5877993047237396 1750
1649064818881 0.5614351668953895 1800
1649064844926 0.5729028993844986 1850
1649064870058 0.5822361278533935 1900
1649064895736 0.6766393131017685 1950
1649065012901 0.5111402145028114 2003
1649065037948 0.6602807092666626 2053
1649065063208 0.5148256343603134 2103
1649065088761 0.6356446054577828 2153
1649065113769 0.6308516958355903 2203
1649065139482 0.641608071923256 2253
1649065164740 0.6407088840007782 2303
1649065190573 0.5789847031235695 2353
1649065215777 0.6407383811473847 2403
1649065240834 0.6249087807536126 2453
1649065265843 0.6288115802407265 2503
1649065291073 0.6082122230529785 2553
1649065316319 0.6220655071735383 2603
1649065341310 0.5908090426027774 2653
1649065366640 0.5497398906946183 2703
1649065391938 0.6324371972680092 2753
1649065417051 0.5721076595783233 2803
1649065442672 0.49057324811816216 2853
1649065467855 0.6106162005662918 2903
1649065493241 0.5814189338684081 2953
1649065518448 0.6600550423562527 3003
1649065543498 0.6312310057878494 3053
1649065569007 0.6245161733031273 3103
1649065594312 0.665758590400219 3153
1649065619382 0.5425303545594216 3203
1649065644352 0.5602822726964951 3253
1649065670263 0.5455218137800694 3303
1649065695463 0.6231055387854576 3353
1649065720292 0.5932107330858707 3403
1649065745726 0.5664639492332936 3453
1649065771156 0.583677219748497 3503
1649065796543 0.6602378913760185 3553
1649065821677 0.6073149079084397 3603
1649065846522 0.60015494287014 3653
1649065871718 0.5924137254059315 3703
1649065896670 0.579324446618557 3753
1649065921831 0.6349282279610634 3803
1649065946666 0.5285683026909829 3853
1649065971914 0.6059934684634208 3903
1649066086134 0.643080584704876 3956
1649066111496 0.5681064891815185 4006
1649066137141 0.5612132665514946 4056
1649066162764 0.5810941116511822 4106
1649066187698 0.6313273173570633 4156
1649066212956 0.509688555598259 4206
1649066238493 0.5994690817594528 4256
1649066264002 0.6330373725295066 4306
1649066289185 0.5668777680397034 4356
1649066314742 0.5450671860575675 4406
1649066339734 0.6069232708215714 4456
1649066364737 0.6376874795556069 4506
1649066389845 0.5882291723787785 4556
1649066415359 0.5451879864931106 4606
1649066440747 0.6257241860032081 4656
1649066466385 0.45089409589767454 4706
1649066491796 0.6090343585610389 4756
1649066517427 0.5366274474561215 4806
1649066542489 0.47504889249801635 4856
1649066567445 0.501163186430931 4906
1649066592888 0.5772940190136433 4956
1649066618338 0.6376674234867096 5006
1649066643734 0.5363002827763558 5056
1649066668994 0.6020757120847702 5106
1649066694408 0.6477783155441285 5156
1649066719706 0.5358733966946602 5206
1649066745050 0.5564293000102043 5256
1649066770291 0.5310809484124184 5306
1649066795332 0.6402870133519173 5356
1649066821128 0.6379453803598881 5406
1649066846066 0.4271095731854439 5456
1649066871398 0.4830520449578762 5506
1649066896817 0.6086994938552379 5556
1649066922577 0.5233970415592194 5606
1649066948355 0.589444568902254 5656
1649066974086 0.541775529384613 5706
1649066999351 0.5863199329376221 5756
1649067025049 0.5953561469912529 5806
1649067050536 0.5038692599534988 5856
1649067164683 0.5989351634681225 5909
1649067190438 0.47827225118875505 5959
1649067215625 0.5330552519857883 6009
1649067240618 0.546510169506073 6059
1649067266017 0.597651337981224 6109
1649067290771 0.39794801980257033 6159
1649067315852 0.5048115414381027 6209
1649067341343 0.5100573621690273 6259
1649067366409 0.5597840328514576 6309
1649067391859 0.5196724237501621 6359
1649067417177 0.636764836460352 6409
1649067441888 0.6374531292915344 6459
1649067466612 0.5609459939599037 6509
1649067492138 0.6148418232798576 6559
1649067517452 0.5127243559062481 6609
1649067542922 0.5957418873906135 6659
1649067568054 0.5787459208071232 6709
1649067593659 0.5259197147190571 6759
1649067618903 0.4875236435234547 6809
1649067644589 0.5123594880104065 6859
1649067669807 0.5213749592006206 6909
1649067695395 0.4919194208085537 6959
1649067720623 0.592950768917799 7009
1649067745586 0.46097174286842346 7059
1649067770824 0.4405878105759621 7109
1649067795892 0.5089692051708699 7159
1649067820750 0.5116371837258339 7209
1649067845787 0.6150749450922013 7259
1649067871172 0.5961693207919597 7309
1649067896251 0.5618776996433735 7359
1649067921800 0.5519615000486374 7409
1649067946895 0.5883493894338607 7459
1649067971807 0.551744367480278 7509
1649067997038 0.4949584913253784 7559
1649068022440 0.5176378865540028 7609
1649068047997 0.5989954131841659 7659
1649068073406 0.6751388648152351 7709
1649068098560 0.5309062471985817 7759
1649068123752 0.5820696167647839 7809
1649068239319 0.5105028411746025 7862
1649068264888 0.5180948029458523 7912
1649068289779 0.519836523681879 7962
1649068315795 0.5385976316034794 8012
1649068340664 0.5721854916214943 8062
1649068365915 0.5356333632767201 8112
1649068391237 0.4890744686126709 8162
1649068416627 0.6310058525204658 8212
1649068441618 0.6398141407966613 8262
1649068466821 0.5126128000020981 8312
1649068491646 0.5812674332410097 8362
1649068516958 0.4540282510221004 8412
1649068541927 0.5869145148992538 8462
1649068567051 0.5795498664677143 8512
1649068592379 0.532662573903799 8562
1649068617323 0.5467755927145481 8612
1649068643044 0.5666594369709492 8662
1649068668200 0.47273695215582845 8712
1649068693303 0.5049841733276844 8762
1649068718156 0.5184793600440025 8812
1649068743215 0.5864298923313618 8862
1649068768619 0.4981065817177296 8912
1649068794164 0.6099254025518894 8962
1649068819137 0.49431251257658004 9012
1649068844212 0.4857803693413734 9062
1649068869515 0.5272536681592465 9112
1649068894478 0.40906046524643896 9162
1649068919719 0.5154389902949333 9212
1649068944717 0.45150586545467375 9262
1649068970272 0.533737464249134 9312
1649068995818 0.5333841709792614 9362
1649069020971 0.5048205885291099 9412
1649069046211 0.5219268380105495 9462
1649069071591 0.5834547278285026 9512
1649069096879 0.5449268953502178 9562
1649069122997 0.55433778449893 9612
1649069148633 0.43542084328830244 9662
1649069173849 0.5434734717011451 9712
1649069198934 0.5004536187648774 9762
1649069314767 0.5403677053004503 9815
1649069340412 0.4591327433288097 9865
1649069365909 0.4973362521827221 9915
1649069391419 0.48708499237895014 9965
1649069416614 0.5008080624043941 10015
1649069442302 0.5856656730920077 10065
1649069467693 0.4858271931111813 10115
1649069492820 0.4496475486457348 10165
1649069518522 0.4606085053831339 10215
1649069543868 0.45006879583001136 10265
1649069568876 0.4825186188519001 10315
1649069595070 0.5127261331677437 10365
1649069620446 0.5137202182412147 10415
1649069645923 0.44710358545184137 10465
1649069671543 0.5601761484146118 10515
1649069696435 0.6396683870255947 10565
1649069721770 0.6076772959530353 10615
1649069746970 0.43275312930345533 10665
1649069772173 0.40127033710479737 10715
1649069797770 0.4696352005749941 10765
1649069822968 0.5390588507056236 10815
1649069848275 0.4803904350101948 10865
1649069873528 0.51883843973279 10915
1649069899371 0.5253127928078175 10965
1649069924767 0.5465618470311164 11015
1649069950325 0.45889388628304006 11065
1649069975385 0.4943537212908268 11115
1649070000610 0.5313718956708908 11165
1649070025804 0.504207748323679 11215
1649070050987 0.4611812222748995 11265
1649070076293 0.4585771361738443 11315
1649070101655 0.5791053442656994 11365
1649070127072 0.6078161896765232 11415
1649070152345 0.5808522236347199 11465
1649070178134 0.5448414584994317 11515
1649070203756 0.5858186653256416 11565
1649070228764 0.5018947990238667 11615
1649070254521 0.4319131401926279 11665
1649070279801 0.5603115224838257 11715
1649070394440 0.5625410418212414 11768
1649070419134 0.42632704637944696 11818
1649070444364 0.5476215671002865 11868
1649070469299 0.41369396686553955 11918
1649070494366 0.5584644056856632 11968
1649070520033 0.4737507224082947 12018
1649070545239 0.4048198062926531 12068
1649070570402 0.4775641460716724 12118
1649070595989 0.5993391405045986 12168
1649070621279 0.5477454654872418 12218
1649070646573 0.5044269591569901 12268
1649070671733 0.5437139776349068 12318
1649070696825 0.5122344566881657 12368
1649070721789 0.5344996885955333 12418
1649070746803 0.5107965357601643 12468
1649070772099 0.47667144253849986 12518
1649070797747 0.5981853494793177 12568
1649070822753 0.4240063890069723 12618
1649070847989 0.5285306653380394 12668
1649070873471 0.45534206785261633 12718
1649070898979 0.5408214537799358 12768
1649070923767 0.5622125186026097 12818
1649070948820 0.5022834748774767 12868
1649070973964 0.4959373953938484 12918
1649070999256 0.4830696725845337 12968
1649071024488 0.4795611271262169 13018
1649071049949 0.5231557163596153 13068
1649071075013 0.4196436071395874 13118
1649071100252 0.48405229598283767 13168
1649071125451 0.5407372911274433 13218
1649071150503 0.4594921138882637 13268
1649071175569 0.4933897963911295 13318
1649071200636 0.4724103257060051 13368
1649071226005 0.42059234708547594 13418
1649071251478 0.4492137694358826 13468
1649071277467 0.5040109155327082 13518
1649071302965 0.5283102636039257 13568
1649071328536 0.5049340543150902 13618
1649071354046 0.4427626322954893 13668
1649071468745 0.4334972979873419 13721
1649071493904 0.459754521548748 13771
1649071518792 0.44716020204126833 13821
1649071543852 0.5049300771951676 13871
1649071569326 0.46730669409036635 13921
1649071594321 0.4915624701976776 13971
1649071619502 0.4765071193873882 14021
1649071644372 0.5160313704609871 14071
1649071669427 0.48721308194100854 14121
1649071694642 0.41913388535380364 14171
1649071720406 0.5828341509401799 14221
1649071745492 0.5071810394525528 14271
1649071770750 0.45383478082716466 14321
1649071796233 0.5266056188941002 14371
1649071821315 0.42636041447520256 14421
1649071847046 0.4755760968476534 14471
1649071872501 0.4403253434598446 14521
1649071897682 0.46753815218806266 14571
1649071923301 0.545723719522357 14621
1649071948954 0.4694302635639906 14671
1649071974276 0.5588367533683777 14721
1649071999210 0.46785867139697074 14771
1649072024079 0.5067867170274257 14821
1649072049256 0.555976177752018 14871
1649072074173 0.5053882043063641 14921
1649072099510 0.5661641854792834 14971
1649072124808 0.4709386099874973 15021
1649072150322 0.42292580112814904 15071
1649072176185 0.5345091980695724 15121
1649072201567 0.43699083119630816 15171
1649072227140 0.5417826241254806 15221
1649072252436 0.4882513327896595 15271
1649072277686 0.4166025599837303 15321
1649072302907 0.43989922121167185 15371
1649072327877 0.48572361215949056 15421
1649072353218 0.4347392521798611 15471
1649072378604 0.6015244594216347 15521
1649072404314 0.5111004438251256 15571
1649072429546 0.5294270493090153 15621
1649072545943 0.48885197311639783 15674
1649072570629 0.43441464848816397 15724
1649072595690 0.4046073637157679 15774
1649072621201 0.451788742467761 15824
1649072646802 0.3549690768122673 15874
1649072671995 0.42528299666941166 15924
1649072697137 0.43728260189294815 15974
1649072722282 0.41858872629702093 16024
1649072747207 0.3907976370304823 16074
1649072772868 0.48488899499177934 16124
1649072798506 0.37622706927359106 16174
1649072824000 0.4573693747073412 16224
1649072849362 0.5101246412843465 16274
1649072874681 0.3964583841711283 16324
1649072899823 0.3915886650234461 16374
1649072924964 0.40499604895710944 16424
1649072950006 0.4647282149642706 16474
1649072975056 0.4366322230547667 16524
1649073000201 0.4251879507303238 16574
1649073025173 0.3511256743967533 16624
1649073050081 0.42072755075991153 16674
1649073075533 0.5110754339396953 16724
1649073100734 0.4623679980635643 16774
1649073125993 0.47919682785868645 16824
1649073151670 0.3538422255218029 16874
1649073177228 0.38313725151121614 16924
1649073202301 0.53149956792593 16974
1649073227449 0.4217171856760979 17024
1649073252294 0.45633673630654814 17074
1649073277464 0.43290682896971705 17124
1649073302401 0.5109703502058983 17174
1649073327942 0.4118378272652626 17224
1649073352959 0.38200036369264123 17274
1649073377903 0.4152428492903709 17324
1649073403494 0.3855930020660162 17374
1649073429249 0.43679124623537063 17424
1649073454523 0.38693703956902026 17474
1649073479891 0.5049071185290813 17524
1649073505298 0.38372098371386526 17574
1649073621449 0.4350251743942499 17627
1649073646795 0.37838821060955524 17677
1649073671803 0.3724908925592899 17727
1649073697064 0.4553233827650547 17777
1649073722054 0.3398456205427647 17827
1649073747336 0.3860101558640599 17877
1649073772535 0.3506654152274132 17927
1649073797654 0.3256175471842289 17977
1649073822687 0.39821128591895105 18027
1649073847942 0.3972428050637245 18077
1649073873335 0.4213885381817818 18127
1649073898700 0.47767844308167695 18177
1649073924018 0.45673336535692216 18227
1649073949159 0.3746517676115036 18277
1649073974335 0.47756936147809026 18327
1649073999144 0.42446854382753374 18377
1649074024466 0.39306535057723524 18427
1649074049783 0.4888249995559454 18477
1649074074716 0.3879928946495056 18527
1649074099664 0.5452417698502541 18577
1649074125037 0.4641049823909998 18627
1649074150449 0.4383112579584122 18677
1649074175152 0.3794066435098648 18727
1649074200477 0.4189899352937937 18777
1649074225808 0.37642722614109514 18827
1649074250787 0.3470588158071041 18877
1649074275882 0.4097178077697754 18927
1649074300857 0.34762783281505105 18977
1649074326688 0.4075795591622591 19027
1649074351858 0.29799223341047765 19077
1649074376841 0.3934050330519676 19127
1649074402101 0.45348333813250064 19177
1649074427970 0.3743942041695118 19227
1649074452746 0.3739444518834352 19277
1649074477972 0.4360825887322426 19327
1649074502704 0.472156527787447 19377
1649074527955 0.31583131544291976 19427
1649074552839 0.4820277285575867 19477
1649074578658 0.39239790827035903 19527
1649074694530 0.47957292906939986 19580
1649074719720 0.38906999669969083 19630
1649074745171 0.42701037660241126 19680
1649074770246 0.3528939063102007 19730
1649074795154 0.38164772376418116 19780
1649074820393 0.3244748033583164 19830
1649074845698 0.4654777136445045 19880
1649074870971 0.3714573670178652 19930
1649074896042 0.37990376219153404 19980
1649074921466 0.42265510447323323 20030
1649074947152 0.3994001396000385 20080
1649074972113 0.39844905585050583 20130
1649074997518 0.449447570964694 20180
1649075022749 0.4741591622307897 20230
1649075047671 0.4470643173903227 20280
1649075072870 0.36414819456636904 20330
1649075097866 0.3395208242535591 20380
1649075123689 0.36718616433441637 20430
1649075148730 0.42534028679132463 20480
1649075173579 0.4020032188296318 20530
1649075198834 0.4399182165041566 20580
1649075223819 0.42314963761717084 20630
1649075249555 0.4478036429733038 20680
1649075274998 0.34762679316103456 20730
1649075299996 0.3948240980505943 20780
1649075325139 0.41953160099685194 20830
1649075350388 0.32618237778544423 20880
1649075375927 0.4344880948960781 20930
1649075401850 0.35671394936740397 20980
1649075427191 0.3842031520605087 21030
1649075452277 0.3228359251469374 21080
1649075476979 0.3201190495863557 21130
1649075502254 0.419564463570714 21180
1649075527563 0.37708122212439776 21230
1649075552964 0.4051526117324829 21280
1649075578842 0.4380864777415991 21330
1649075604602 0.4335117645561695 21380
1649075629889 0.39061799343675374 21430
1649075654804 0.39301648288965224 21480
1649075771096 0.3535400331020355 21533
1649075796550 0.313988471031189 21583
1649075821709 0.3361907867714763 21633
1649075846992 0.3021232517808676 21683
1649075871939 0.4298340789228678 21733
1649075897232 0.34432860888540745 21783
1649075922300 0.3413269928842783 21833
1649075947231 0.470566818267107 21883
1649075972281 0.3750439275801182 21933
1649075997700 0.38099858693778516 21983
1649076023389 0.42761097133159637 22033
1649076048706 0.3642634002491832 22083
1649076074079 0.5026980584487319 22133
1649076099749 0.3745396164059639 22183
1649076125243 0.3785969714075327 22233
1649076150500 0.47042383275926114 22283
1649076176278 0.40326425310224295 22333
1649076201736 0.4049603048339486 22383
1649076226805 0.3563977272436023 22433
1649076251831 0.334592007920146 22483
1649076277120 0.3937779662013054 22533
1649076302719 0.3739543342590332 22583
1649076327889 0.34505967687815425 22633
1649076353094 0.4245399195700884 22683
1649076378929 0.37517727345228197 22733
1649076404627 0.4118709064275026 22783
1649076430254 0.41482259556651113 22833
1649076455684 0.32298434697091577 22883
1649076480746 0.41059400741010904 22933
1649076505922 0.3687789686769247 22983
1649076530411 0.3716329838335514 23033
1649076555227 0.36682833202183246 23083
1649076580246 0.42729705274105073 23133
1649076605496 0.4200484361499548 23183
1649076631295 0.4166299610584974 23233
1649076656847 0.41670491501688955 23283
1649076682380 0.47768657565116884 23333
1649076707229 0.42900576468557117 23383
1649076732535 0.34261712469160555 23433
