1649063707835 0.6885908269882202 50
1649063753680 0.5319535422325135 100
1649063799343 0.32814480513334277 150
1649063844414 0.22305442169308662 200
1649063888610 0.17039226472377778 250
1649063933430 0.11478317119181156 300
1649063977612 0.0982644310221076 350
1649064022238 0.1082662134617567 400
1649064066929 0.12097145166248083 450
1649064112146 0.09903448548167944 500
1649064157133 0.09391903270035983 550
1649064201510 0.0944121179357171 600
1649064238484 0.07596707675606013 650
1649064263643 0.08811628863215447 700
1649064289048 0.08658919759094715 750
1649064313854 0.07891435710713267 800
1649064338716 0.0974852030351758 850
1649064363870 0.07581854233518243 900
1649064389011 0.09521179331466556 950
1649064414347 0.10734650135040283 1000
1649064439674 0.08205898365005851 1050
1649064464893 0.09155760958790779 1100
1649064490236 0.07735850185155868 1150
1649064515133 0.06424674706533551 1200
1649064540365 0.08548100125044585 1250
1649064565587 0.10889709558337927 1300
1649064590666 0.10293734803795815 1350
1649064616391 0.08156479705125093 1400
1649064641498 0.1104398750141263 1450
1649064666505 0.08150894986465573 1500
1649064691662 0.10059253115206956 1550
1649064717399 0.07136116605252027 1600
1649064742253 0.09646411128342151 1650
1649064767534 0.06879951573908329 1700
1649064792571 0.0646272925287485 1750
1649064818881 0.07303484773263336 1800
1649064844926 0.05818638727068901 1850
1649064870058 0.06219168883748352 1900
1649064895736 0.0866791073512286 1950
1649065012901 0.04944337073713541 2003
1649065037948 0.08657787641510367 2053
1649065063208 0.059444642290472985 2103
1649065088761 0.058569257548078894 2153
1649065113769 0.07953740308061243 2203
1649065139482 0.08037398453801871 2253
1649065164740 0.06471362344920635 2303
1649065190573 0.06634994722902775 2353
1649065215777 0.07425669336691498 2403
1649065240834 0.0658480778709054 2453
1649065265843 0.06996737662702798 2503
1649065291073 0.07296036947518587 2553
1649065316319 0.08796015832573176 2603
1649065341310 0.07024969335645437 2653
1649065366640 0.06688389336690306 2703
1649065391938 0.07351739022880793 2753
1649065417051 0.07936888111755253 2803
1649065442672 0.05929255321621895 2853
1649065467855 0.06419390702620148 2903
1649065493241 0.06811275819316506 2953
1649065518448 0.08043490522541105 3003
1649065543498 0.07350725715979933 3053
1649065569007 0.06611048500984908 3103
1649065594312 0.09608944155275821 3153
1649065619382 0.06344031259417533 3203
1649065644352 0.06654517240822315 3253
1649065670263 0.06739209602586925 3303
1649065695463 0.058979674335569145 3353
1649065720292 0.06038420185446739 3403
1649065745726 0.06438975708559155 3453
1649065771156 0.05429446911439299 3503
1649065796543 0.07477693926542997 3553
1649065821677 0.059351106602698565 3603
1649065846522 0.056301473909989 3653
1649065871718 0.07232310302555561 3703
1649065896670 0.06488606270402669 3753
1649065921831 0.08707542113028467 3803
1649065946666 0.0692587563674897 3853
1649065971914 0.08238826874643564 3903
1649066086134 0.06990277752280236 3956
1649066111496 0.05765450019389391 4006
1649066137141 0.04820560906082392 4056
1649066162764 0.06314019419252873 4106
1649066187698 0.06383140061050653 4156
1649066212956 0.04021927217952907 4206
1649066238493 0.053230463522486386 4256
1649066264002 0.06536343105137349 4306
1649066289185 0.06023086309432983 4356
1649066314742 0.0535326549038291 4406
1649066339734 0.05749885961413383 4456
1649066364737 0.07191818460822105 4506
1649066389845 0.05425517404451966 4556
1649066415359 0.05504977964796126 4606
1649066440747 0.07905367337167263 4656
1649066466385 0.0572457142919302 4706
1649066491796 0.0724301400501281 4756
1649066517427 0.05671574467793107 4806
1649066542489 0.04289074195548892 4856
1649066567445 0.05219730712473392 4906
1649066592888 0.05556254383176565 4956
1649066618338 0.0892279239743948 5006
1649066643734 0.06458816785365343 5056
1649066668994 0.05439606357365847 5106
1649066694408 0.07233397778123617 5156
1649066719706 0.05330899516353384 5206
1649066745050 0.054046598728746176 5256
1649066770291 0.06851828254759312 5306
1649066795332 0.06818930039182305 5356
1649066821128 0.06920151599682868 5406
1649066846066 0.04290978904813528 5456
1649066871398 0.053799345223233104 5506
1649066896817 0.056336313048377634 5556
1649066922577 0.0597205213457346 5606
1649066948355 0.06250754246488213 5656
1649066974086 0.07292071679607033 5706
1649066999351 0.07449096051976084 5756
1649067025049 0.05938590324483812 5806
1649067050536 0.05683334534056485 5856
1649067164683 0.06117439708672464 5909
1649067190438 0.0399727463722229 5959
1649067215625 0.04939729797653854 6009
1649067240618 0.056058757090941075 6059
1649067266017 0.05583296047523618 6109
1649067290771 0.04595611192286014 6159
1649067315852 0.045591976381838324 6209
1649067341343 0.052258483907207845 6259
1649067366409 0.05409438278526068 6309
1649067391859 0.04504374721087515 6359
1649067417177 0.060725122638978064 6409
1649067441888 0.06371429977938532 6459
1649067466612 0.0496622109785676 6509
1649067492138 0.05384569074958563 6559
1649067517452 0.04785699626430869 6609
1649067542922 0.052397564048878846 6659
1649067568054 0.06675891949795186 6709
1649067593659 0.056577605102211236 6759
1649067618903 0.05062187917530537 6809
1649067644589 0.058396249953657386 6859
1649067669807 0.04863064786419272 6909
1649067695395 0.05260209302417934 6959
1649067720623 0.05989869094919413 7009
1649067745586 0.046053687026724216 7059
1649067770824 0.050596603569574655 7109
1649067795892 0.046375270672142505 7159
1649067820750 0.05082251306623221 7209
1649067845787 0.059423495866358284 7259
1649067871172 0.0671705583948642 7309
1649067896251 0.07033271858468652 7359
1649067921800 0.05526685397140682 7409
1649067946895 0.048916180888190865 7459
1649067971807 0.06572212561033666 7509
1649067997038 0.0614341111225076 7559
1649068022440 0.0456550358608365 7609
1649068047997 0.05274508226197213 7659
1649068073406 0.07734717343002558 7709
1649068098560 0.05581239743623882 7759
1649068123752 0.051113367546349764 7809
1649068239319 0.04608604516834021 7862
1649068264888 0.04684406376443803 7912
1649068289779 0.047885215440765024 7962
1649068315795 0.055783647689968345 8012
1649068340664 0.05289814736694098 8062
1649068365915 0.05163258422166109 8112
1649068391237 0.04668960047420114 8162
1649068416627 0.05927441027481109 8212
1649068441618 0.054522134326398373 8262
1649068466821 0.04686679451726377 8312
1649068491646 0.05946656960528344 8362
1649068516958 0.04091849386692047 8412
1649068541927 0.05977474382147193 8462
1649068567051 0.045865818727761506 8512
1649068592379 0.0536914057051763 8562
1649068617323 0.05549489594064653 8612
1649068643044 0.06974485948681831 8662
1649068668200 0.048534187581390144 8712
1649068693303 0.04816972409840673 8762
1649068718156 0.05324833879247308 8812
1649068743215 0.056090414859354495 8862
1649068768619 0.042968029715120794 8912
1649068794164 0.051826761872507635 8962
1649068819137 0.05029962697997689 9012
1649068844212 0.04591890895739198 9062
1649068869515 0.048327698297798635 9112
1649068894478 0.052473886208608746 9162
1649068919719 0.04364647513255477 9212
1649068944717 0.034454568801447746 9262
1649068970272 0.05083062138408422 9312
1649068995818 0.04973542116582394 9362
1649069020971 0.05651739187072963 9412
1649069046211 0.04641860688105225 9462
1649069071591 0.06231270463205874 9512
1649069096879 0.06090880179777741 9562
1649069122997 0.04511515624821186 9612
1649069148633 0.04495478661730885 9662
1649069173849 0.06378825921565294 9712
1649069198934 0.055589242484420535 9762
1649069314767 0.05112548580858856 9815
1649069340412 0.036696212366223335 9865
1649069365909 0.04512649566167966 9915
1649069391419 0.052740925196558236 9965
1649069416614 0.047858517658896746 10015
1649069442302 0.04474475545343012 10065
1649069467693 0.047852937392890454 10115
1649069492820 0.040565495043993 10165
1649069518522 0.04618713865056634 10215
1649069543868 0.04213841954711825 10265
1649069568876 0.04370169464498758 10315
1649069595070 0.05592092139646411 10365
1649069620446 0.04454113771207631 10415
1649069645923 0.03891778468620032 10465
1649069671543 0.05680149717256427 10515
1649069696435 0.06154280234128237 10565
1649069721770 0.05319664366543293 10615
1649069746970 0.04013420470990241 10665
1649069772173 0.04849271920509637 10715
1649069797770 0.03843989703804254 10765
1649069822968 0.04812129367142916 10815
1649069848275 0.04474858027882874 10865
1649069873528 0.05029499056283385 10915
1649069899371 0.047922373875044284 10965
1649069924767 0.05340214183554053 11015
1649069950325 0.04621707940008491 11065
1649069975385 0.038976529417559504 11115
1649070000610 0.04684046817012131 11165
1649070025804 0.04729711532127112 11215
1649070050987 0.05442393596284092 11265
1649070076293 0.04176175394328311 11315
1649070101655 0.040493277041241525 11365
1649070127072 0.051445162454620004 11415
1649070152345 0.05064958805218339 11465
1649070178134 0.04362876295112073 11515
1649070203756 0.05064546564593911 11565
1649070228764 0.053463707752525805 11615
1649070254521 0.044040171136148276 11665
1649070279801 0.05461693787248805 11715
1649070394440 0.056107151135802266 11768
1649070419134 0.027599017136963083 11818
1649070444364 0.0511868791282177 11868
1649070469299 0.0314853982673958 11918
1649070494366 0.05572513083461672 11968
1649070520033 0.0414877465274185 12018
1649070545239 0.03580363992601633 12068
1649070570402 0.03477207354269922 12118
1649070595989 0.06463754501659423 12168
1649070621279 0.047354836971499024 12218
1649070646573 0.04193527518305928 12268
1649070671733 0.044027198855765164 12318
1649070696825 0.04049802724272013 12368
1649070721789 0.05282485891133547 12418
1649070746803 0.042483196202665566 12468
1649070772099 0.04219927500700578 12518
1649070797747 0.05199540806934237 12568
1649070822753 0.03418258493999019 12618
1649070847989 0.05037063017487526 12668
1649070873471 0.039887093426659706 12718
1649070898979 0.06277645441703499 12768
1649070923767 0.050708582727238535 12818
1649070948820 0.04710801459848881 12868
1649070973964 0.05105442898347974 12918
1649070999256 0.041856187926605344 12968
1649071024488 0.04353290634229779 13018
1649071049949 0.0472284587379545 13068
1649071075013 0.04305480255745351 13118
1649071100252 0.04111196427606046 13168
1649071125451 0.04730711287353188 13218
1649071150503 0.04090628297999501 13268
1649071175569 0.04959323724964634 13318
1649071200636 0.04176604770123959 13368
1649071226005 0.043415344255045056 13418
1649071251478 0.04379398286808282 13468
1649071277467 0.04104919267818332 13518
1649071302965 0.046240455601364375 13568
1649071328536 0.04314331983216107 13618
1649071354046 0.043180220508947965 13668
1649071468745 0.03433951524784788 13721
1649071493904 0.03830828945152462 13771
1649071518792 0.03993571159895509 13821
1649071543852 0.038298532129265365 13871
1649071569326 0.05344754932913929 13921
1649071594321 0.04473363078199327 13971
1649071619502 0.03730594072956592 14021
1649071644372 0.050999587401747704 14071
1649071669427 0.047187429131008686 14121
1649071694642 0.034940136149525645 14171
1649071720406 0.044141938858665526 14221
1649071745492 0.04249832835514098 14271
1649071770750 0.035706570062320676 14321
1649071796233 0.0408246979676187 14371
1649071821315 0.033229469002690165 14421
1649071847046 0.03608869235496968 14471
1649071872501 0.03715932421851903 14521
1649071897682 0.040254695611074566 14571
1649071923301 0.04780086320126429 14621
1649071948954 0.04388803808949888 14671
1649071974276 0.04111531530041248 14721
1649071999210 0.037154035076964645 14771
1649072024079 0.0428225851256866 14821
1649072049256 0.049431679942645135 14871
1649072074173 0.040610108436085285 14921
1649072099510 0.05730464513413608 14971
1649072124808 0.04613590844906867 15021
1649072150322 0.03573305004276335 15071
1649072176185 0.05670964148361236 15121
1649072201567 0.03848053126595914 15171
1649072227140 0.04739858178887516 15221
1649072252436 0.039314765697345135 15271
1649072277686 0.04598922469187528 15321
1649072302907 0.0468441702472046 15371
1649072327877 0.0431086060567759 15421
1649072353218 0.04464018283411861 15471
1649072378604 0.052111036372371015 15521
1649072404314 0.03513922643847764 15571
1649072429546 0.04530199996661395 15621
1649072545943 0.045863704197108744 15674
1649072570629 0.03326830989681184 15724
1649072595690 0.03375019911676645 15774
1649072621201 0.034456115551292896 15824
1649072646802 0.02871776044834405 15874
1649072671995 0.03238895805552602 15924
1649072697137 0.035094776304904374 15974
1649072722282 0.03114490700652823 16024
1649072747207 0.028523367568850516 16074
1649072772868 0.02969651192892343 16124
1649072798506 0.035159451919607815 16174
1649072824000 0.03187053967965767 16224
1649072849362 0.028598956284113228 16274
1649072874681 0.028979772133752704 16324
1649072899823 0.027336182810831815 16374
1649072924964 0.03594838864402845 16424
1649072950006 0.03800137016689405 16474
1649072975056 0.028895939288195224 16524
1649073000201 0.031279858679044995 16574
1649073025173 0.024115650980966165 16624
1649073050081 0.030067095598205924 16674
1649073075533 0.03872714322991669 16724
1649073100734 0.03187855255557224 16774
1649073125993 0.028907449059188364 16824
1649073151670 0.023618882950395347 16874
1649073177228 0.028698226246051492 16924
1649073202301 0.03470803367206827 16974
1649073227449 0.028907117636408658 17024
1649073252294 0.029381401604041457 17074
1649073277464 0.036515437884372656 17124
1649073302401 0.04099772602436133 17174
1649073327942 0.02585650107357651 17224
1649073352959 0.029660354400984943 17274
1649073377903 0.041284923568600786 17324
1649073403494 0.024669460467994214 17374
1649073429249 0.035341992133762684 17424
1649073454523 0.025639821423683314 17474
1649073479891 0.03567201954778284 17524
1649073505298 0.02282430153223686 17574
1649073621449 0.032681117217289286 17627
1649073646795 0.03319885874167085 17677
1649073671803 0.031618332110811026 17727
1649073697064 0.031438224813900885 17777
1649073722054 0.019853356541134418 17827
1649073747336 0.031150301727466287 17877
1649073772535 0.02190117534948513 17927
1649073797654 0.023248460278846323 17977
1649073822687 0.023622645805589856 18027
1649073847942 0.02791366709396243 18077
1649073873335 0.02500006651855074 18127
1649073898700 0.030872869476443156 18177
1649073924018 0.02464540268294513 18227
1649073949159 0.033958323039114474 18277
1649073974335 0.030193886153865604 18327
1649073999144 0.031359447110444305 18377
1649074024466 0.02632165583781898 18427
1649074049783 0.040173888127319514 18477
1649074074716 0.02468921447522007 18527
1649074099664 0.026799988048151136 18577
1649074125037 0.03177508308086544 18627
1649074150449 0.03152145403437316 18677
1649074175152 0.030878038690425456 18727
1649074200477 0.03182846808573231 18777
1649074225808 0.02656248969666194 18827
1649074250787 0.022699442566372453 18877
1649074275882 0.0334529366530478 18927
1649074300857 0.02822762459050864 18977
1649074326688 0.027565825995989144 19027
1649074351858 0.02556717562954873 19077
1649074376841 0.028296178299933673 19127
1649074402101 0.032587997997179624 19177
1649074427970 0.02431421090848744 19227
1649074452746 0.026314080317970365 19277
1649074477972 0.02586621243855916 19327
1649074502704 0.033359192456118764 19377
1649074527955 0.021726368460804224 19427
1649074552839 0.030528056966140867 19477
1649074578658 0.03018811859656125 19527
1649074694530 0.028845644211396574 19580
1649074719720 0.025283201970160006 19630
1649074745171 0.03027496109250933 19680
1649074770246 0.021765564973466097 19730
1649074795154 0.023971233774209396 19780
1649074820393 0.024351219630334528 19830
1649074845698 0.03866054784506559 19880
1649074870971 0.026862977226264774 19930
1649074896042 0.023459152495488526 19980
1649074921466 0.027770472392439842 20030
1649074947152 0.02147671951446682 20080
1649074972113 0.022914509827969595 20130
1649074997518 0.04017831613309682 20180
1649075022749 0.027939457995817065 20230
1649075047671 0.029933080920018257 20280
1649075072870 0.022454026883933692 20330
1649075097866 0.02960066522937268 20380
1649075123689 0.022149336627917363 20430
1649075148730 0.024171500434167683 20480
1649075173579 0.027804378897417336 20530
1649075198834 0.030803619478829206 20580
1649075223819 0.0347064813436009 20630
1649075249555 0.03000745360739529 20680
1649075274998 0.02798236917704344 20730
1649075299996 0.029110720390453936 20780
1649075325139 0.029495925072114914 20830
1649075350388 0.021759166001575066 20880
1649075375927 0.028148284075432458 20930
1649075401850 0.024996889838948846 20980
1649075427191 0.03173597030108795 21030
1649075452277 0.028939880062825978 21080
1649075476979 0.019892508778721094 21130
1649075502254 0.026914668591925876 21180
1649075527563 0.026808529096888377 21230
1649075552964 0.025863203529734164 21280
1649075578842 0.029788088351488114 21330
1649075604602 0.028562305169180034 21380
1649075629889 0.028082796283997596 21430
1649075654804 0.03267969764303416 21480
1649075771096 0.02768529227352701 21533
1649075796550 0.024283864116296173 21583
1649075821709 0.020096218574326485 21633
1649075846992 0.025905021857470276 21683
1649075871939 0.024172825233545154 21733
1649075897232 0.02574137896881439 21783
1649075922300 0.025557179995812477 21833
1649075947231 0.025724399865139275 21883
1649075972281 0.026117966566234826 21933
1649075997700 0.02648845154326409 21983
1649076023389 0.038469476790633055 22033
1649076048706 0.025612272140569985 22083
1649076074079 0.03450972389196977 22133
1649076099749 0.023452478355611674 22183
1649076125243 0.031120170773938298 22233
1649076150500 0.038339827712625264 22283
1649076176278 0.027904691532021388 22333
1649076201736 0.023230893437284975 22383
1649076226805 0.020162781298859046 22433
1649076251831 0.023126236777752638 22483
1649076277120 0.022349592385580763 22533
1649076302719 0.022729691322892903 22583
1649076327889 0.021020513066323476 22633
1649076353094 0.024949508935678752 22683
1649076378929 0.023399737289291806 22733
1649076404627 0.024935712472070007 22783
1649076430254 0.028174678405630402 22833
1649076455684 0.019151854396332057 22883
1649076480746 0.026538882164750248 22933
1649076505922 0.027267209633719175 22983
1649076530411 0.030108036403544248 23033
1649076555227 0.021602552863769234 23083
1649076580246 0.0316666198708117 23133
1649076605496 0.023159528200048952 23183
1649076631295 0.028437843937426807 23233
1649076656847 0.02414898403454572 23283
1649076682380 0.030054903249256314 23333
1649076707229 0.02677886281395331 23383
1649076732535 0.02654466861858964 23433
