1649063707835 4.995100000000008e-06 50
1649063753680 9.990100000000003e-06 100
1649063799343 1.4985100000000007e-05 150
1649063844414 1.9980100000000012e-05 200
1649063888610 2.4975099999999994e-05 250
1649063933430 2.997009999999999e-05 300
1649063977612 3.4965099999999995e-05 350
1649064022238 3.99601e-05 400
1649064066929 4.4955100000000006e-05 450
1649064112146 4.99501e-05 500
1649064157133 5.4945100000000004e-05 550
1649064201510 5.99401e-05 600
1649064238484 6.493510000000001e-05 650
1649064263643 6.99301e-05 700
1649064289048 7.49251e-05 750
1649064313854 7.992010000000001e-05 800
1649064338716 8.49151e-05 850
1649064363870 8.99101e-05 900
1649064389011 9.490510000000001e-05 950
1649064414347 9.990010000000001e-05 1000
1649064439674 0.0001 1050
1649064464893 0.0001 1100
1649064490236 0.0001 1150
1649064515133 0.0001 1200
1649064540365 0.0001 1250
1649064565587 0.0001 1300
1649064590666 0.0001 1350
1649064616391 0.0001 1400
1649064641498 0.0001 1450
1649064666505 0.0001 1500
1649064691662 0.0001 1550
1649064717399 0.0001 1600
1649064742253 0.0001 1650
1649064767534 0.0001 1700
1649064792571 0.0001 1750
1649064818881 0.0001 1800
1649064844926 0.0001 1850
1649064870058 0.0001 1900
1649064895736 0.0001 1950
1649064985451 0.0001 1954
1649065012901 0.0001 2003
1649065037948 0.0001 2053
1649065063208 0.0001 2103
1649065088761 0.0001 2153
1649065113769 0.0001 2203
1649065139482 0.0001 2253
1649065164740 0.0001 2303
1649065190573 0.0001 2353
1649065215777 0.0001 2403
1649065240834 0.0001 2453
1649065265843 0.0001 2503
1649065291073 0.0001 2553
1649065316319 0.0001 2603
1649065341310 0.0001 2653
1649065366640 0.0001 2703
1649065391938 0.0001 2753
1649065417051 0.0001 2803
1649065442672 0.0001 2853
1649065467855 0.0001 2903
1649065493241 0.0001 2953
1649065518448 0.0001 3003
1649065543498 0.0001 3053
1649065569007 0.0001 3103
1649065594312 0.0001 3153
1649065619382 0.0001 3203
1649065644352 0.0001 3253
1649065670263 0.0001 3303
1649065695463 0.0001 3353
1649065720292 0.0001 3403
1649065745726 0.0001 3453
1649065771156 0.0001 3503
1649065796543 0.0001 3553
1649065821677 0.0001 3603
1649065846522 0.0001 3653
1649065871718 0.0001 3703
1649065896670 0.0001 3753
1649065921831 0.0001 3803
1649065946666 0.0001 3853
1649065971914 0.0001 3903
1649066058483 0.0001 3907
1649066086134 0.0001 3956
1649066111496 0.0001 4006
1649066137141 0.0001 4056
1649066162764 0.0001 4106
1649066187698 0.0001 4156
1649066212956 0.0001 4206
1649066238493 0.0001 4256
1649066264002 0.0001 4306
1649066289185 0.0001 4356
1649066314742 0.0001 4406
1649066339734 0.0001 4456
1649066364737 0.0001 4506
1649066389845 0.0001 4556
1649066415359 0.0001 4606
1649066440747 0.0001 4656
1649066466385 0.0001 4706
1649066491796 0.0001 4756
1649066517427 0.0001 4806
1649066542489 0.0001 4856
1649066567445 0.0001 4906
1649066592888 0.0001 4956
1649066618338 0.0001 5006
1649066643734 0.0001 5056
1649066668994 0.0001 5106
1649066694408 0.0001 5156
1649066719706 0.0001 5206
1649066745050 0.0001 5256
1649066770291 0.0001 5306
1649066795332 0.0001 5356
1649066821128 0.0001 5406
1649066846066 0.0001 5456
1649066871398 0.0001 5506
1649066896817 0.0001 5556
1649066922577 0.0001 5606
1649066948355 0.0001 5656
1649066974086 0.0001 5706
1649066999351 0.0001 5756
1649067025049 0.0001 5806
1649067050536 0.0001 5856
1649067137004 0.0001 5860
1649067164683 0.0001 5909
1649067190438 0.0001 5959
1649067215625 0.0001 6009
1649067240618 0.0001 6059
1649067266017 0.0001 6109
1649067290771 0.0001 6159
1649067315852 0.0001 6209
1649067341343 0.0001 6259
1649067366409 0.0001 6309
1649067391859 0.0001 6359
1649067417177 0.0001 6409
1649067441888 0.0001 6459
1649067466612 0.0001 6509
1649067492138 0.0001 6559
1649067517452 0.0001 6609
1649067542922 0.0001 6659
1649067568054 0.0001 6709
1649067593659 0.0001 6759
1649067618903 0.0001 6809
1649067644589 0.0001 6859
1649067669807 0.0001 6909
1649067695395 0.0001 6959
1649067720623 0.0001 7009
1649067745586 0.0001 7059
1649067770824 0.0001 7109
1649067795892 0.0001 7159
1649067820750 0.0001 7209
1649067845787 0.0001 7259
1649067871172 0.0001 7309
1649067896251 0.0001 7359
1649067921800 0.0001 7409
1649067946895 0.0001 7459
1649067971807 0.0001 7509
1649067997038 0.0001 7559
1649068022440 0.0001 7609
1649068047997 0.0001 7659
1649068073406 0.0001 7709
1649068098560 0.0001 7759
1649068123752 0.0001 7809
1649068211284 0.0001 7813
1649068239319 0.0001 7862
1649068264888 0.0001 7912
1649068289779 0.0001 7962
1649068315795 0.0001 8012
1649068340664 0.0001 8062
1649068365915 0.0001 8112
1649068391237 0.0001 8162
1649068416627 0.0001 8212
1649068441618 0.0001 8262
1649068466821 0.0001 8312
1649068491646 0.0001 8362
1649068516958 0.0001 8412
1649068541927 0.0001 8462
1649068567051 0.0001 8512
1649068592379 0.0001 8562
1649068617323 0.0001 8612
1649068643044 0.0001 8662
1649068668200 0.0001 8712
1649068693303 0.0001 8762
1649068718156 0.0001 8812
1649068743215 0.0001 8862
1649068768619 0.0001 8912
1649068794164 0.0001 8962
1649068819137 0.0001 9012
1649068844212 0.0001 9062
1649068869515 0.0001 9112
1649068894478 0.0001 9162
1649068919719 0.0001 9212
1649068944717 0.0001 9262
1649068970272 0.0001 9312
1649068995818 0.0001 9362
1649069020971 0.0001 9412
1649069046211 0.0001 9462
1649069071591 0.0001 9512
1649069096879 0.0001 9562
1649069122997 0.0001 9612
1649069148633 0.0001 9662
1649069173849 0.0001 9712
1649069198934 0.0001 9762
1649069286390 0.0001 9766
1649069314767 0.0001 9815
1649069340412 0.0001 9865
1649069365909 0.0001 9915
1649069391419 0.0001 9965
1649069416614 0.0001 10015
1649069442302 0.0001 10065
1649069467693 0.0001 10115
1649069492820 0.0001 10165
1649069518522 0.0001 10215
1649069543868 0.0001 10265
1649069568876 0.0001 10315
1649069595070 0.0001 10365
1649069620446 0.0001 10415
1649069645923 0.0001 10465
1649069671543 0.0001 10515
1649069696435 0.0001 10565
1649069721770 0.0001 10615
1649069746970 0.0001 10665
1649069772173 0.0001 10715
1649069797770 0.0001 10765
1649069822968 0.0001 10815
1649069848275 0.0001 10865
1649069873528 0.0001 10915
1649069899371 0.0001 10965
1649069924767 0.0001 11015
1649069950325 0.0001 11065
1649069975385 0.0001 11115
1649070000610 0.0001 11165
1649070025804 0.0001 11215
1649070050987 0.0001 11265
1649070076293 0.0001 11315
1649070101655 0.0001 11365
1649070127072 0.0001 11415
1649070152345 0.0001 11465
1649070178134 0.0001 11515
1649070203756 0.0001 11565
1649070228764 0.0001 11615
1649070254521 0.0001 11665
1649070279801 0.0001 11715
1649070366505 0.0001 11719
1649070394440 0.0001 11768
1649070419134 0.0001 11818
1649070444364 0.0001 11868
1649070469299 0.0001 11918
1649070494366 0.0001 11968
1649070520033 0.0001 12018
1649070545239 0.0001 12068
1649070570402 0.0001 12118
1649070595989 0.0001 12168
1649070621279 0.0001 12218
1649070646573 0.0001 12268
1649070671733 0.0001 12318
1649070696825 0.0001 12368
1649070721789 0.0001 12418
1649070746803 0.0001 12468
1649070772099 0.0001 12518
1649070797747 0.0001 12568
1649070822753 0.0001 12618
1649070847989 0.0001 12668
1649070873471 0.0001 12718
1649070898979 0.0001 12768
1649070923767 0.0001 12818
1649070948820 0.0001 12868
1649070973964 0.0001 12918
1649070999256 0.0001 12968
1649071024488 0.0001 13018
1649071049949 0.0001 13068
1649071075013 0.0001 13118
1649071100252 0.0001 13168
1649071125451 0.0001 13218
1649071150503 0.0001 13268
1649071175569 0.0001 13318
1649071200636 0.0001 13368
1649071226005 0.0001 13418
1649071251478 0.0001 13468
1649071277467 0.0001 13518
1649071302965 0.0001 13568
1649071328536 0.0001 13618
1649071354046 0.0001 13668
1649071441175 0.0001 13672
1649071468745 0.0001 13721
1649071493904 0.0001 13771
1649071518792 0.0001 13821
1649071543852 0.0001 13871
1649071569326 0.0001 13921
1649071594321 0.0001 13971
1649071619502 0.0001 14021
1649071644372 0.0001 14071
1649071669427 0.0001 14121
1649071694642 0.0001 14171
1649071720406 0.0001 14221
1649071745492 0.0001 14271
1649071770750 0.0001 14321
1649071796233 0.0001 14371
1649071821315 0.0001 14421
1649071847046 0.0001 14471
1649071872501 0.0001 14521
1649071897682 0.0001 14571
1649071923301 0.0001 14621
1649071948954 0.0001 14671
1649071974276 0.0001 14721
1649071999210 0.0001 14771
1649072024079 0.0001 14821
1649072049256 0.0001 14871
1649072074173 0.0001 14921
1649072099510 0.0001 14971
1649072124808 0.0001 15021
1649072150322 0.0001 15071
1649072176185 0.0001 15121
1649072201567 0.0001 15171
1649072227140 0.0001 15221
1649072252436 0.0001 15271
1649072277686 0.0001 15321
1649072302907 0.0001 15371
1649072327877 0.0001 15421
1649072353218 0.0001 15471
1649072378604 0.0001 15521
1649072404314 0.0001 15571
1649072429546 0.0001 15621
1649072518395 0.0001 15625
1649072545943 1e-05 15674
1649072570629 1e-05 15724
1649072595690 1e-05 15774
1649072621201 1e-05 15824
1649072646802 1e-05 15874
1649072671995 1e-05 15924
1649072697137 1e-05 15974
1649072722282 1e-05 16024
1649072747207 1e-05 16074
1649072772868 1e-05 16124
1649072798506 1e-05 16174
1649072824000 1e-05 16224
1649072849362 1e-05 16274
1649072874681 1e-05 16324
1649072899823 1e-05 16374
1649072924964 1e-05 16424
1649072950006 1e-05 16474
1649072975056 1e-05 16524
1649073000201 1e-05 16574
1649073025173 1e-05 16624
1649073050081 1e-05 16674
1649073075533 1e-05 16724
1649073100734 1e-05 16774
1649073125993 1e-05 16824
1649073151670 1e-05 16874
1649073177228 1e-05 16924
1649073202301 1e-05 16974
1649073227449 1e-05 17024
1649073252294 1e-05 17074
1649073277464 1e-05 17124
1649073302401 1e-05 17174
1649073327942 1e-05 17224
1649073352959 1e-05 17274
1649073377903 1e-05 17324
1649073403494 1e-05 17374
1649073429249 1e-05 17424
1649073454523 1e-05 17474
1649073479891 1e-05 17524
1649073505298 1e-05 17574
1649073593631 1e-05 17578
1649073621449 1e-05 17627
1649073646795 1e-05 17677
1649073671803 1e-05 17727
1649073697064 1e-05 17777
1649073722054 1e-05 17827
1649073747336 1e-05 17877
1649073772535 1e-05 17927
1649073797654 1e-05 17977
1649073822687 1e-05 18027
1649073847942 1e-05 18077
1649073873335 1e-05 18127
1649073898700 1e-05 18177
1649073924018 1e-05 18227
1649073949159 1e-05 18277
1649073974335 1e-05 18327
1649073999144 1e-05 18377
1649074024466 1e-05 18427
1649074049783 1e-05 18477
1649074074716 1e-05 18527
1649074099664 1e-05 18577
1649074125037 1e-05 18627
1649074150449 1e-05 18677
1649074175152 1e-05 18727
1649074200477 1e-05 18777
1649074225808 1e-05 18827
1649074250787 1e-05 18877
1649074275882 1e-05 18927
1649074300857 1e-05 18977
1649074326688 1e-05 19027
1649074351858 1e-05 19077
1649074376841 1e-05 19127
1649074402101 1e-05 19177
1649074427970 1e-05 19227
1649074452746 1e-05 19277
1649074477972 1e-05 19327
1649074502704 1e-05 19377
1649074527955 1e-05 19427
1649074552839 1e-05 19477
1649074578658 1e-05 19527
1649074667182 1e-05 19531
1649074694530 1e-05 19580
1649074719720 1e-05 19630
1649074745171 1e-05 19680
1649074770246 1e-05 19730
1649074795154 1e-05 19780
1649074820393 1e-05 19830
1649074845698 1e-05 19880
1649074870971 1e-05 19930
1649074896042 1e-05 19980
1649074921466 1e-05 20030
1649074947152 1e-05 20080
1649074972113 1e-05 20130
1649074997518 1e-05 20180
1649075022749 1e-05 20230
1649075047671 1e-05 20280
1649075072870 1e-05 20330
1649075097866 1e-05 20380
1649075123689 1e-05 20430
1649075148730 1e-05 20480
1649075173579 1e-05 20530
1649075198834 1e-05 20580
1649075223819 1e-05 20630
1649075249555 1e-05 20680
1649075274998 1e-05 20730
1649075299996 1e-05 20780
1649075325139 1e-05 20830
1649075350388 1e-05 20880
1649075375927 1e-05 20930
1649075401850 1e-05 20980
1649075427191 1e-05 21030
1649075452277 1e-05 21080
1649075476979 1e-05 21130
1649075502254 1e-05 21180
1649075527563 1e-05 21230
1649075552964 1e-05 21280
1649075578842 1e-05 21330
1649075604602 1e-05 21380
1649075629889 1e-05 21430
1649075654804 1e-05 21480
1649075743965 1e-05 21484
1649075771096 1.0000000000000002e-06 21533
1649075796550 1.0000000000000002e-06 21583
1649075821709 1.0000000000000002e-06 21633
1649075846992 1.0000000000000002e-06 21683
1649075871939 1.0000000000000002e-06 21733
1649075897232 1.0000000000000002e-06 21783
1649075922300 1.0000000000000002e-06 21833
1649075947231 1.0000000000000002e-06 21883
1649075972281 1.0000000000000002e-06 21933
1649075997700 1.0000000000000002e-06 21983
1649076023389 1.0000000000000002e-06 22033
1649076048706 1.0000000000000002e-06 22083
1649076074079 1.0000000000000002e-06 22133
1649076099749 1.0000000000000002e-06 22183
1649076125243 1.0000000000000002e-06 22233
1649076150500 1.0000000000000002e-06 22283
1649076176278 1.0000000000000002e-06 22333
1649076201736 1.0000000000000002e-06 22383
1649076226805 1.0000000000000002e-06 22433
1649076251831 1.0000000000000002e-06 22483
1649076277120 1.0000000000000002e-06 22533
1649076302719 1.0000000000000002e-06 22583
1649076327889 1.0000000000000002e-06 22633
1649076353094 1.0000000000000002e-06 22683
1649076378929 1.0000000000000002e-06 22733
1649076404627 1.0000000000000002e-06 22783
1649076430254 1.0000000000000002e-06 22833
1649076455684 1.0000000000000002e-06 22883
1649076480746 1.0000000000000002e-06 22933
1649076505922 1.0000000000000002e-06 22983
1649076530411 1.0000000000000002e-06 23033
1649076555227 1.0000000000000002e-06 23083
1649076580246 1.0000000000000002e-06 23133
1649076605496 1.0000000000000002e-06 23183
1649076631295 1.0000000000000002e-06 23233
1649076656847 1.0000000000000002e-06 23283
1649076682380 1.0000000000000002e-06 23333
1649076707229 1.0000000000000002e-06 23383
1649076732535 1.0000000000000002e-06 23433
1649076821258 1.0000000000000002e-06 23437
