1649063707835 0.9 50
1649063753680 0.9 100
1649063799343 0.9 150
1649063844414 0.9 200
1649063888610 0.9 250
1649063933430 0.9 300
1649063977612 0.9 350
1649064022238 0.9 400
1649064066929 0.9 450
1649064112146 0.9 500
1649064157133 0.9 550
1649064201510 0.9 600
1649064238484 0.9 650
1649064263643 0.9 700
1649064289048 0.9 750
1649064313854 0.9 800
1649064338716 0.9 850
1649064363870 0.9 900
1649064389011 0.9 950
1649064414347 0.9 1000
1649064439674 0.9 1050
1649064464893 0.9 1100
1649064490236 0.9 1150
1649064515133 0.9 1200
1649064540365 0.9 1250
1649064565587 0.9 1300
1649064590666 0.9 1350
1649064616391 0.9 1400
1649064641498 0.9 1450
1649064666505 0.9 1500
1649064691662 0.9 1550
1649064717399 0.9 1600
1649064742253 0.9 1650
1649064767534 0.9 1700
1649064792571 0.9 1750
1649064818881 0.9 1800
1649064844926 0.9 1850
1649064870058 0.9 1900
1649064895736 0.9 1950
1649064985451 0.9 1954
1649065012901 0.9 2003
1649065037948 0.9 2053
1649065063208 0.9 2103
1649065088761 0.9 2153
1649065113769 0.9 2203
1649065139482 0.9 2253
1649065164740 0.9 2303
1649065190573 0.9 2353
1649065215777 0.9 2403
1649065240834 0.9 2453
1649065265843 0.9 2503
1649065291073 0.9 2553
1649065316319 0.9 2603
1649065341310 0.9 2653
1649065366640 0.9 2703
1649065391938 0.9 2753
1649065417051 0.9 2803
1649065442672 0.9 2853
1649065467855 0.9 2903
1649065493241 0.9 2953
1649065518448 0.9 3003
1649065543498 0.9 3053
1649065569007 0.9 3103
1649065594312 0.9 3153
1649065619382 0.9 3203
1649065644352 0.9 3253
1649065670263 0.9 3303
1649065695463 0.9 3353
1649065720292 0.9 3403
1649065745726 0.9 3453
1649065771156 0.9 3503
1649065796543 0.9 3553
1649065821677 0.9 3603
1649065846522 0.9 3653
1649065871718 0.9 3703
1649065896670 0.9 3753
1649065921831 0.9 3803
1649065946666 0.9 3853
1649065971914 0.9 3903
1649066058483 0.9 3907
1649066086134 0.9 3956
1649066111496 0.9 4006
1649066137141 0.9 4056
1649066162764 0.9 4106
1649066187698 0.9 4156
1649066212956 0.9 4206
1649066238493 0.9 4256
1649066264002 0.9 4306
1649066289185 0.9 4356
1649066314742 0.9 4406
1649066339734 0.9 4456
1649066364737 0.9 4506
1649066389845 0.9 4556
1649066415359 0.9 4606
1649066440747 0.9 4656
1649066466385 0.9 4706
1649066491796 0.9 4756
1649066517427 0.9 4806
1649066542489 0.9 4856
1649066567445 0.9 4906
1649066592888 0.9 4956
1649066618338 0.9 5006
1649066643734 0.9 5056
1649066668994 0.9 5106
1649066694408 0.9 5156
1649066719706 0.9 5206
1649066745050 0.9 5256
1649066770291 0.9 5306
1649066795332 0.9 5356
1649066821128 0.9 5406
1649066846066 0.9 5456
1649066871398 0.9 5506
1649066896817 0.9 5556
1649066922577 0.9 5606
1649066948355 0.9 5656
1649066974086 0.9 5706
1649066999351 0.9 5756
1649067025049 0.9 5806
1649067050536 0.9 5856
1649067137004 0.9 5860
1649067164683 0.9 5909
1649067190438 0.9 5959
1649067215625 0.9 6009
1649067240618 0.9 6059
1649067266017 0.9 6109
1649067290771 0.9 6159
1649067315852 0.9 6209
1649067341343 0.9 6259
1649067366409 0.9 6309
1649067391859 0.9 6359
1649067417177 0.9 6409
1649067441888 0.9 6459
1649067466612 0.9 6509
1649067492138 0.9 6559
1649067517452 0.9 6609
1649067542922 0.9 6659
1649067568054 0.9 6709
1649067593659 0.9 6759
1649067618903 0.9 6809
1649067644589 0.9 6859
1649067669807 0.9 6909
1649067695395 0.9 6959
1649067720623 0.9 7009
1649067745586 0.9 7059
1649067770824 0.9 7109
1649067795892 0.9 7159
1649067820750 0.9 7209
1649067845787 0.9 7259
1649067871172 0.9 7309
1649067896251 0.9 7359
1649067921800 0.9 7409
1649067946895 0.9 7459
1649067971807 0.9 7509
1649067997038 0.9 7559
1649068022440 0.9 7609
1649068047997 0.9 7659
1649068073406 0.9 7709
1649068098560 0.9 7759
1649068123752 0.9 7809
1649068211284 0.9 7813
1649068239319 0.9 7862
1649068264888 0.9 7912
1649068289779 0.9 7962
1649068315795 0.9 8012
1649068340664 0.9 8062
1649068365915 0.9 8112
1649068391237 0.9 8162
1649068416627 0.9 8212
1649068441618 0.9 8262
1649068466821 0.9 8312
1649068491646 0.9 8362
1649068516958 0.9 8412
1649068541927 0.9 8462
1649068567051 0.9 8512
1649068592379 0.9 8562
1649068617323 0.9 8612
1649068643044 0.9 8662
1649068668200 0.9 8712
1649068693303 0.9 8762
1649068718156 0.9 8812
1649068743215 0.9 8862
1649068768619 0.9 8912
1649068794164 0.9 8962
1649068819137 0.9 9012
1649068844212 0.9 9062
1649068869515 0.9 9112
1649068894478 0.9 9162
1649068919719 0.9 9212
1649068944717 0.9 9262
1649068970272 0.9 9312
1649068995818 0.9 9362
1649069020971 0.9 9412
1649069046211 0.9 9462
1649069071591 0.9 9512
1649069096879 0.9 9562
1649069122997 0.9 9612
1649069148633 0.9 9662
1649069173849 0.9 9712
1649069198934 0.9 9762
1649069286390 0.9 9766
1649069314767 0.9 9815
1649069340412 0.9 9865
1649069365909 0.9 9915
1649069391419 0.9 9965
1649069416614 0.9 10015
1649069442302 0.9 10065
1649069467693 0.9 10115
1649069492820 0.9 10165
1649069518522 0.9 10215
1649069543868 0.9 10265
1649069568876 0.9 10315
1649069595070 0.9 10365
1649069620446 0.9 10415
1649069645923 0.9 10465
1649069671543 0.9 10515
1649069696435 0.9 10565
1649069721770 0.9 10615
1649069746970 0.9 10665
1649069772173 0.9 10715
1649069797770 0.9 10765
1649069822968 0.9 10815
1649069848275 0.9 10865
1649069873528 0.9 10915
1649069899371 0.9 10965
1649069924767 0.9 11015
1649069950325 0.9 11065
1649069975385 0.9 11115
1649070000610 0.9 11165
1649070025804 0.9 11215
1649070050987 0.9 11265
1649070076293 0.9 11315
1649070101655 0.9 11365
1649070127072 0.9 11415
1649070152345 0.9 11465
1649070178134 0.9 11515
1649070203756 0.9 11565
1649070228764 0.9 11615
1649070254521 0.9 11665
1649070279801 0.9 11715
1649070366505 0.9 11719
1649070394440 0.9 11768
1649070419134 0.9 11818
1649070444364 0.9 11868
1649070469299 0.9 11918
1649070494366 0.9 11968
1649070520033 0.9 12018
1649070545239 0.9 12068
1649070570402 0.9 12118
1649070595989 0.9 12168
1649070621279 0.9 12218
1649070646573 0.9 12268
1649070671733 0.9 12318
1649070696825 0.9 12368
1649070721789 0.9 12418
1649070746803 0.9 12468
1649070772099 0.9 12518
1649070797747 0.9 12568
1649070822753 0.9 12618
1649070847989 0.9 12668
1649070873471 0.9 12718
1649070898979 0.9 12768
1649070923767 0.9 12818
1649070948820 0.9 12868
1649070973964 0.9 12918
1649070999256 0.9 12968
1649071024488 0.9 13018
1649071049949 0.9 13068
1649071075013 0.9 13118
1649071100252 0.9 13168
1649071125451 0.9 13218
1649071150503 0.9 13268
1649071175569 0.9 13318
1649071200636 0.9 13368
1649071226005 0.9 13418
1649071251478 0.9 13468
1649071277467 0.9 13518
1649071302965 0.9 13568
1649071328536 0.9 13618
1649071354046 0.9 13668
1649071441175 0.9 13672
1649071468745 0.9 13721
1649071493904 0.9 13771
1649071518792 0.9 13821
1649071543852 0.9 13871
1649071569326 0.9 13921
1649071594321 0.9 13971
1649071619502 0.9 14021
1649071644372 0.9 14071
1649071669427 0.9 14121
1649071694642 0.9 14171
1649071720406 0.9 14221
1649071745492 0.9 14271
1649071770750 0.9 14321
1649071796233 0.9 14371
1649071821315 0.9 14421
1649071847046 0.9 14471
1649071872501 0.9 14521
1649071897682 0.9 14571
1649071923301 0.9 14621
1649071948954 0.9 14671
1649071974276 0.9 14721
1649071999210 0.9 14771
1649072024079 0.9 14821
1649072049256 0.9 14871
1649072074173 0.9 14921
1649072099510 0.9 14971
1649072124808 0.9 15021
1649072150322 0.9 15071
1649072176185 0.9 15121
1649072201567 0.9 15171
1649072227140 0.9 15221
1649072252436 0.9 15271
1649072277686 0.9 15321
1649072302907 0.9 15371
1649072327877 0.9 15421
1649072353218 0.9 15471
1649072378604 0.9 15521
1649072404314 0.9 15571
1649072429546 0.9 15621
1649072518395 0.9 15625
1649072545943 0.9 15674
1649072570629 0.9 15724
1649072595690 0.9 15774
1649072621201 0.9 15824
1649072646802 0.9 15874
1649072671995 0.9 15924
1649072697137 0.9 15974
1649072722282 0.9 16024
1649072747207 0.9 16074
1649072772868 0.9 16124
1649072798506 0.9 16174
1649072824000 0.9 16224
1649072849362 0.9 16274
1649072874681 0.9 16324
1649072899823 0.9 16374
1649072924964 0.9 16424
1649072950006 0.9 16474
1649072975056 0.9 16524
1649073000201 0.9 16574
1649073025173 0.9 16624
1649073050081 0.9 16674
1649073075533 0.9 16724
1649073100734 0.9 16774
1649073125993 0.9 16824
1649073151670 0.9 16874
1649073177228 0.9 16924
1649073202301 0.9 16974
1649073227449 0.9 17024
1649073252294 0.9 17074
1649073277464 0.9 17124
1649073302401 0.9 17174
1649073327942 0.9 17224
1649073352959 0.9 17274
1649073377903 0.9 17324
1649073403494 0.9 17374
1649073429249 0.9 17424
1649073454523 0.9 17474
1649073479891 0.9 17524
1649073505298 0.9 17574
1649073593631 0.9 17578
1649073621449 0.9 17627
1649073646795 0.9 17677
1649073671803 0.9 17727
1649073697064 0.9 17777
1649073722054 0.9 17827
1649073747336 0.9 17877
1649073772535 0.9 17927
1649073797654 0.9 17977
1649073822687 0.9 18027
1649073847942 0.9 18077
1649073873335 0.9 18127
1649073898700 0.9 18177
1649073924018 0.9 18227
1649073949159 0.9 18277
1649073974335 0.9 18327
1649073999144 0.9 18377
1649074024466 0.9 18427
1649074049783 0.9 18477
1649074074716 0.9 18527
1649074099664 0.9 18577
1649074125037 0.9 18627
1649074150449 0.9 18677
1649074175152 0.9 18727
1649074200477 0.9 18777
1649074225808 0.9 18827
1649074250787 0.9 18877
1649074275882 0.9 18927
1649074300857 0.9 18977
1649074326688 0.9 19027
1649074351858 0.9 19077
1649074376841 0.9 19127
1649074402101 0.9 19177
1649074427970 0.9 19227
1649074452746 0.9 19277
1649074477972 0.9 19327
1649074502704 0.9 19377
1649074527955 0.9 19427
1649074552839 0.9 19477
1649074578658 0.9 19527
1649074667182 0.9 19531
1649074694530 0.9 19580
1649074719720 0.9 19630
1649074745171 0.9 19680
1649074770246 0.9 19730
1649074795154 0.9 19780
1649074820393 0.9 19830
1649074845698 0.9 19880
1649074870971 0.9 19930
1649074896042 0.9 19980
1649074921466 0.9 20030
1649074947152 0.9 20080
1649074972113 0.9 20130
1649074997518 0.9 20180
1649075022749 0.9 20230
1649075047671 0.9 20280
1649075072870 0.9 20330
1649075097866 0.9 20380
1649075123689 0.9 20430
1649075148730 0.9 20480
1649075173579 0.9 20530
1649075198834 0.9 20580
1649075223819 0.9 20630
1649075249555 0.9 20680
1649075274998 0.9 20730
1649075299996 0.9 20780
1649075325139 0.9 20830
1649075350388 0.9 20880
1649075375927 0.9 20930
1649075401850 0.9 20980
1649075427191 0.9 21030
1649075452277 0.9 21080
1649075476979 0.9 21130
1649075502254 0.9 21180
1649075527563 0.9 21230
1649075552964 0.9 21280
1649075578842 0.9 21330
1649075604602 0.9 21380
1649075629889 0.9 21430
1649075654804 0.9 21480
1649075743965 0.9 21484
1649075771096 0.9 21533
1649075796550 0.9 21583
1649075821709 0.9 21633
1649075846992 0.9 21683
1649075871939 0.9 21733
1649075897232 0.9 21783
1649075922300 0.9 21833
1649075947231 0.9 21883
1649075972281 0.9 21933
1649075997700 0.9 21983
1649076023389 0.9 22033
1649076048706 0.9 22083
1649076074079 0.9 22133
1649076099749 0.9 22183
1649076125243 0.9 22233
1649076150500 0.9 22283
1649076176278 0.9 22333
1649076201736 0.9 22383
1649076226805 0.9 22433
1649076251831 0.9 22483
1649076277120 0.9 22533
1649076302719 0.9 22583
1649076327889 0.9 22633
1649076353094 0.9 22683
1649076378929 0.9 22733
1649076404627 0.9 22783
1649076430254 0.9 22833
1649076455684 0.9 22883
1649076480746 0.9 22933
1649076505922 0.9 22983
1649076530411 0.9 23033
1649076555227 0.9 23083
1649076580246 0.9 23133
1649076605496 0.9 23183
1649076631295 0.9 23233
1649076656847 0.9 23283
1649076682380 0.9 23333
1649076707229 0.9 23383
1649076732535 0.9 23433
1649076821258 0.9 23437
