1649212810687 4.995100000000008e-06 50
1649212856588 9.990100000000003e-06 100
1649212902729 1.4985100000000007e-05 150
1649212947345 1.9980100000000012e-05 200
1649212992453 2.4975099999999994e-05 250
1649213038224 2.997009999999999e-05 300
1649213083292 3.4965099999999995e-05 350
1649213128748 3.99601e-05 400
1649213173876 4.4955100000000006e-05 450
1649213219027 4.99501e-05 500
1649213263965 5.4945100000000004e-05 550
1649213308657 5.99401e-05 600
1649213353956 6.493510000000001e-05 650
1649213399430 6.99301e-05 700
1649213445475 7.49251e-05 750
1649213490325 7.992010000000001e-05 800
1649213535528 8.49151e-05 850
1649213580931 8.99101e-05 900
1649213626077 9.490510000000001e-05 950
1649213655737 9.990010000000001e-05 1000
1649213680945 0.0001 1050
1649213705713 0.0001 1100
1649213731520 0.0001 1150
1649213756919 0.0001 1200
1649213781751 0.0001 1250
1649213807165 0.0001 1300
1649213832270 0.0001 1350
1649213857230 0.0001 1400
1649213882411 0.0001 1450
1649213907151 0.0001 1500
1649213932410 0.0001 1550
1649213958255 0.0001 1600
1649213983441 0.0001 1650
1649214008522 0.0001 1700
1649214033518 0.0001 1750
1649214058531 0.0001 1800
1649214083759 0.0001 1850
1649214109073 0.0001 1900
1649214134449 0.0001 1950
1649214159389 0.0001 2000
1649214184589 0.0001 2050
1649214209309 0.0001 2100
1649214234407 0.0001 2150
1649214259868 0.0001 2200
1649214285026 0.0001 2250
1649214310348 0.0001 2300
1649214335717 0.0001 2350
1649214361291 0.0001 2400
1649214806293 0.0001 2443
1649214833652 0.0001 2492
1649214858256 0.0001 2542
1649214883321 0.0001 2592
1649214908241 0.0001 2642
1649214933499 0.0001 2692
1649214958661 0.0001 2742
1649214983603 0.0001 2792
1649215008804 0.0001 2842
1649215034072 0.0001 2892
1649215059190 0.0001 2942
1649215084288 0.0001 2992
1649215109242 0.0001 3042
1649215134358 0.0001 3092
1649215159659 0.0001 3142
1649215184768 0.0001 3192
1649215209808 0.0001 3242
1649215234660 0.0001 3292
1649215259643 0.0001 3342
1649215284405 0.0001 3392
1649215308993 0.0001 3442
1649215333748 0.0001 3492
1649215358680 0.0001 3542
1649215384316 0.0001 3592
1649215409447 0.0001 3642
1649215434932 0.0001 3692
1649215460306 0.0001 3742
1649215485184 0.0001 3792
1649215510032 0.0001 3842
1649215534885 0.0001 3892
1649215560267 0.0001 3942
1649215585127 0.0001 3992
1649215609872 0.0001 4042
1649215634782 0.0001 4092
1649215659669 0.0001 4142
1649215684928 0.0001 4192
1649215710369 0.0001 4242
1649215735566 0.0001 4292
1649215760487 0.0001 4342
1649215785484 0.0001 4392
1649215810290 0.0001 4442
1649215835248 0.0001 4492
1649215860131 0.0001 4542
1649215885281 0.0001 4592
1649215910279 0.0001 4642
1649215935406 0.0001 4692
1649215960534 0.0001 4742
1649215985374 0.0001 4792
1649216010409 0.0001 4842
1649216453933 0.0001 4885
1649216481026 0.0001 4934
1649216506303 0.0001 4984
1649216531347 0.0001 5034
1649216556166 0.0001 5084
1649216581854 0.0001 5134
1649216607223 0.0001 5184
1649216632444 0.0001 5234
1649216657428 0.0001 5284
1649216682432 0.0001 5334
1649216707688 0.0001 5384
1649216732838 0.0001 5434
1649216757690 0.0001 5484
1649216782953 0.0001 5534
1649216807588 0.0001 5584
1649216832319 0.0001 5634
1649216857478 0.0001 5684
1649216882777 0.0001 5734
1649216907993 0.0001 5784
1649216932752 0.0001 5834
1649216958236 0.0001 5884
1649216983362 0.0001 5934
1649217008270 0.0001 5984
1649217033317 0.0001 6034
1649217058298 0.0001 6084
1649217083180 0.0001 6134
1649217108719 0.0001 6184
1649217133786 0.0001 6234
1649217158799 0.0001 6284
1649217183785 0.0001 6334
1649217209277 0.0001 6384
1649217234220 0.0001 6434
1649217259217 0.0001 6484
1649217284385 0.0001 6534
1649217309328 0.0001 6584
1649217334261 0.0001 6634
1649217359313 0.0001 6684
1649217384329 0.0001 6734
1649217409461 0.0001 6784
1649217434432 0.0001 6834
1649217459246 0.0001 6884
1649217484385 0.0001 6934
1649217509349 0.0001 6984
1649217534244 0.0001 7034
1649217558959 0.0001 7084
1649217583814 0.0001 7134
1649217608908 0.0001 7184
1649217633998 0.0001 7234
1649217658934 0.0001 7284
1649218104395 0.0001 7327
1649218132108 0.0001 7376
1649218157464 0.0001 7426
1649218182355 0.0001 7476
1649218207241 0.0001 7526
1649218232328 0.0001 7576
1649218257230 0.0001 7626
1649218282325 0.0001 7676
1649218307703 0.0001 7726
1649218332645 0.0001 7776
1649218357726 0.0001 7826
1649218382927 0.0001 7876
1649218408243 0.0001 7926
1649218433000 0.0001 7976
1649218458844 0.0001 8026
1649218484352 0.0001 8076
1649218509330 0.0001 8126
1649218533995 0.0001 8176
1649218558943 0.0001 8226
1649218584048 0.0001 8276
1649218608972 0.0001 8326
1649218634262 0.0001 8376
1649218658864 0.0001 8426
1649218683672 0.0001 8476
1649218708513 0.0001 8526
1649218733715 0.0001 8576
1649218758719 0.0001 8626
1649218783733 0.0001 8676
1649218808557 0.0001 8726
1649218833334 0.0001 8776
1649218858030 0.0001 8826
1649218882774 0.0001 8876
1649218907993 0.0001 8926
1649218932852 0.0001 8976
1649218957793 0.0001 9026
1649218982912 0.0001 9076
1649219007829 0.0001 9126
1649219032750 0.0001 9176
1649219057814 0.0001 9226
1649219082993 0.0001 9276
1649219108023 0.0001 9326
1649219133065 0.0001 9376
1649219158040 0.0001 9426
1649219183476 0.0001 9476
1649219208196 0.0001 9526
1649219233319 0.0001 9576
1649219258128 0.0001 9626
1649219283057 0.0001 9676
1649219308282 0.0001 9726
1649219754471 0.0001 9769
1649219781731 0.0001 9818
1649219806812 0.0001 9868
1649219831694 0.0001 9918
1649219856358 0.0001 9968
1649219881305 0.0001 10018
1649219906260 0.0001 10068
1649219931206 0.0001 10118
1649219956153 0.0001 10168
1649219981183 0.0001 10218
1649220006148 0.0001 10268
1649220031241 0.0001 10318
1649220056374 0.0001 10368
1649220081429 0.0001 10418
1649220106201 0.0001 10468
1649220131313 0.0001 10518
1649220156288 0.0001 10568
1649220181313 0.0001 10618
1649220206083 0.0001 10668
1649220231482 0.0001 10718
1649220256264 0.0001 10768
1649220281262 0.0001 10818
1649220306117 0.0001 10868
1649220331146 0.0001 10918
1649220356286 0.0001 10968
1649220381198 0.0001 11018
1649220406127 0.0001 11068
1649220431339 0.0001 11118
1649220456286 0.0001 11168
1649220481264 0.0001 11218
1649220506028 0.0001 11268
1649220531060 0.0001 11318
1649220555865 0.0001 11368
1649220581713 0.0001 11418
1649220606400 0.0001 11468
1649220631729 0.0001 11518
1649220656594 0.0001 11568
1649220681773 0.0001 11618
1649220706945 0.0001 11668
1649220731974 0.0001 11718
1649220756732 0.0001 11768
1649220781390 0.0001 11818
1649220806551 0.0001 11868
1649220831867 0.0001 11918
1649220856997 0.0001 11968
1649220881861 0.0001 12018
1649220906770 0.0001 12068
1649220931823 0.0001 12118
1649220956572 0.0001 12168
1649221400258 0.0001 12211
1649221427840 0.0001 12260
1649221452840 0.0001 12310
1649221478072 0.0001 12360
1649221503761 0.0001 12410
1649221528719 0.0001 12460
1649221553259 0.0001 12510
1649221577953 0.0001 12560
1649221603091 0.0001 12610
1649221628247 0.0001 12660
1649221653094 0.0001 12710
1649221678286 0.0001 12760
1649221703304 0.0001 12810
1649221728944 0.0001 12860
1649221753902 0.0001 12910
1649221778992 0.0001 12960
1649221803845 0.0001 13010
1649221828739 0.0001 13060
1649221853739 0.0001 13110
1649221878813 0.0001 13160
1649221903650 0.0001 13210
1649221928542 0.0001 13260
1649221953276 0.0001 13310
1649221978189 0.0001 13360
1649222003223 0.0001 13410
1649222028007 0.0001 13460
1649222053006 0.0001 13510
1649222078011 0.0001 13560
1649222102891 0.0001 13610
1649222128295 0.0001 13660
1649222153572 0.0001 13710
1649222178599 0.0001 13760
1649222203677 0.0001 13810
1649222228326 0.0001 13860
1649222253128 0.0001 13910
1649222278045 0.0001 13960
1649222302916 0.0001 14010
1649222328289 0.0001 14060
1649222353382 0.0001 14110
1649222378410 0.0001 14160
1649222404385 0.0001 14210
1649222429558 0.0001 14260
1649222454864 0.0001 14310
1649222480410 0.0001 14360
1649222505837 0.0001 14410
1649222531387 0.0001 14460
1649222556536 0.0001 14510
1649222581705 0.0001 14560
1649222606352 0.0001 14610
1649223051580 0.0001 14653
1649223078569 0.0001 14702
1649223103829 0.0001 14752
1649223128637 0.0001 14802
1649223153794 0.0001 14852
1649223178852 0.0001 14902
1649223204225 0.0001 14952
1649223229052 0.0001 15002
1649223254292 0.0001 15052
1649223279451 0.0001 15102
1649223304332 0.0001 15152
1649223329298 0.0001 15202
1649223354520 0.0001 15252
1649223379370 0.0001 15302
1649223404392 0.0001 15352
1649223429759 0.0001 15402
1649223454783 0.0001 15452
1649223479799 0.0001 15502
1649223504859 0.0001 15552
1649223529917 0.0001 15602
1649223554997 0.0001 15652
1649223580362 0.0001 15702
1649223605203 0.0001 15752
1649223630169 0.0001 15802
1649223655391 0.0001 15852
1649223680938 0.0001 15902
1649223705801 0.0001 15952
1649223730523 0.0001 16002
1649223755803 0.0001 16052
1649223781426 0.0001 16102
1649223806689 0.0001 16152
1649223831826 0.0001 16202
1649223856870 0.0001 16252
1649223882242 0.0001 16302
1649223907319 0.0001 16352
1649223932397 0.0001 16402
1649223957280 0.0001 16452
1649223982132 0.0001 16502
1649224006782 0.0001 16552
1649224031394 0.0001 16602
1649224056025 0.0001 16652
1649224081977 0.0001 16702
1649224107308 0.0001 16752
1649224132431 0.0001 16802
1649224157793 0.0001 16852
1649224183144 0.0001 16902
1649224208259 0.0001 16952
1649224233220 0.0001 17002
1649224258348 0.0001 17052
1649224704777 0.0001 17095
1649224732641 0.0001 17144
1649224757805 0.0001 17194
1649224782840 0.0001 17244
1649224808488 0.0001 17294
1649224834062 0.0001 17344
1649224858844 0.0001 17394
1649224883806 0.0001 17444
1649224908774 0.0001 17494
1649224933784 0.0001 17544
1649224959069 0.0001 17594
1649224984093 0.0001 17644
1649225009081 0.0001 17694
1649225034496 0.0001 17744
1649225060486 0.0001 17794
1649225086278 0.0001 17844
1649225111290 0.0001 17894
1649225136191 0.0001 17944
1649225161296 0.0001 17994
1649225186242 0.0001 18044
1649225211387 0.0001 18094
1649225236783 0.0001 18144
1649225262005 0.0001 18194
1649225287296 0.0001 18244
1649225312384 0.0001 18294
1649225337869 0.0001 18344
1649225362818 0.0001 18394
1649225388863 0.0001 18444
1649225414672 0.0001 18494
1649225439387 0.0001 18544
1649225464350 0.0001 18594
1649225489420 0.0001 18644
1649225515159 0.0001 18694
1649225539904 0.0001 18744
1649225565699 0.0001 18794
1649225591091 0.0001 18844
1649225616470 0.0001 18894
1649225641553 0.0001 18944
1649225666658 0.0001 18994
1649225691646 0.0001 19044
1649225716809 0.0001 19094
1649225741728 0.0001 19144
1649225766697 0.0001 19194
1649225792249 0.0001 19244
1649225817232 0.0001 19294
1649225842412 0.0001 19344
1649225867552 0.0001 19394
1649225892481 0.0001 19444
1649225917388 0.0001 19494
1649226359463 0.0001 19537
1649226387174 1e-05 19586
1649226412506 1e-05 19636
1649226437258 1e-05 19686
1649226462267 1e-05 19736
1649226486632 1e-05 19786
1649226511272 1e-05 19836
1649226536118 1e-05 19886
1649226561239 1e-05 19936
1649226586307 1e-05 19986
1649226611338 1e-05 20036
1649226636235 1e-05 20086
1649226661218 1e-05 20136
1649226686671 1e-05 20186
1649226711831 1e-05 20236
1649226736688 1e-05 20286
1649226761689 1e-05 20336
1649226786820 1e-05 20386
1649226812011 1e-05 20436
1649226836837 1e-05 20486
1649226861855 1e-05 20536
1649226887133 1e-05 20586
1649226912442 1e-05 20636
1649226937777 1e-05 20686
1649226963554 1e-05 20736
1649226988320 1e-05 20786
1649227012960 1e-05 20836
1649227037981 1e-05 20886
1649227063442 1e-05 20936
1649227088315 1e-05 20986
1649227113875 1e-05 21036
1649227138708 1e-05 21086
1649227163888 1e-05 21136
1649227188955 1e-05 21186
1649227213950 1e-05 21236
1649227239239 1e-05 21286
1649227264294 1e-05 21336
1649227288803 1e-05 21386
1649227314383 1e-05 21436
1649227339305 1e-05 21486
1649227364186 1e-05 21536
1649227389718 1e-05 21586
1649227414419 1e-05 21636
1649227439274 1e-05 21686
1649227464373 1e-05 21736
1649227489498 1e-05 21786
1649227514814 1e-05 21836
1649227539734 1e-05 21886
1649227564470 1e-05 21936
1649228005100 1e-05 21979
1649228032070 1e-05 22028
1649228056735 1e-05 22078
1649228081715 1e-05 22128
1649228106256 1e-05 22178
1649228131641 1e-05 22228
1649228156729 1e-05 22278
1649228181625 1e-05 22328
1649228206234 1e-05 22378
1649228231224 1e-05 22428
1649228256471 1e-05 22478
1649228281735 1e-05 22528
1649228307096 1e-05 22578
1649228331839 1e-05 22628
1649228356489 1e-05 22678
1649228381397 1e-05 22728
1649228406768 1e-05 22778
1649228431818 1e-05 22828
1649228456742 1e-05 22878
1649228481816 1e-05 22928
1649228507129 1e-05 22978
1649228531630 1e-05 23028
1649228556735 1e-05 23078
1649228581365 1e-05 23128
1649228606572 1e-05 23178
1649228631202 1e-05 23228
1649228656341 1e-05 23278
1649228681691 1e-05 23328
1649228706424 1e-05 23378
1649228731167 1e-05 23428
1649228756203 1e-05 23478
1649228781330 1e-05 23528
1649228806200 1e-05 23578
1649228831278 1e-05 23628
1649228855839 1e-05 23678
1649228880816 1e-05 23728
1649228905408 1e-05 23778
1649228930310 1e-05 23828
1649228955228 1e-05 23878
1649228980188 1e-05 23928
1649229005260 1e-05 23978
1649229030272 1e-05 24028
1649229054925 1e-05 24078
1649229079838 1e-05 24128
1649229104641 1e-05 24178
1649229129053 1e-05 24228
1649229154290 1e-05 24278
1649229179490 1e-05 24328
1649229204659 1e-05 24378
1649229645520 1e-05 24421
1649229672753 1e-05 24470
1649229697822 1e-05 24520
1649229722770 1e-05 24570
1649229747923 1e-05 24620
1649229772799 1e-05 24670
1649229798019 1e-05 24720
1649229823356 1e-05 24770
1649229848220 1e-05 24820
1649229873294 1e-05 24870
1649229898299 1e-05 24920
1649229923617 1e-05 24970
1649229948502 1e-05 25020
1649229973232 1e-05 25070
1649229998247 1e-05 25120
1649230023304 1e-05 25170
1649230048222 1e-05 25220
1649230073014 1e-05 25270
1649230097694 1e-05 25320
1649230122471 1e-05 25370
1649230147344 1e-05 25420
1649230172088 1e-05 25470
1649230197019 1e-05 25520
1649230221584 1e-05 25570
1649230246341 1e-05 25620
1649230271094 1e-05 25670
1649230296242 1e-05 25720
1649230321143 1e-05 25770
1649230346265 1e-05 25820
1649230371151 1e-05 25870
1649230396279 1e-05 25920
1649230421200 1e-05 25970
1649230446180 1e-05 26020
1649230471011 1e-05 26070
1649230495688 1e-05 26120
1649230520746 1e-05 26170
1649230546013 1e-05 26220
1649230570875 1e-05 26270
1649230596261 1e-05 26320
1649230621506 1e-05 26370
1649230646581 1e-05 26420
1649230670908 1e-05 26470
1649230695990 1e-05 26520
1649230720756 1e-05 26570
1649230746231 1e-05 26620
1649230771289 1e-05 26670
1649230795843 1e-05 26720
1649230820728 1e-05 26770
1649230845741 1e-05 26820
1649231285391 1e-05 26863
1649231312533 1.0000000000000002e-06 26912
1649231337414 1.0000000000000002e-06 26962
1649231362139 1.0000000000000002e-06 27012
1649231387732 1.0000000000000002e-06 27062
1649231412673 1.0000000000000002e-06 27112
1649231437244 1.0000000000000002e-06 27162
1649231462128 1.0000000000000002e-06 27212
1649231487213 1.0000000000000002e-06 27262
1649231511901 1.0000000000000002e-06 27312
1649231536743 1.0000000000000002e-06 27362
1649231561477 1.0000000000000002e-06 27412
1649231586256 1.0000000000000002e-06 27462
1649231610995 1.0000000000000002e-06 27512
1649231636107 1.0000000000000002e-06 27562
1649231661270 1.0000000000000002e-06 27612
1649231686455 1.0000000000000002e-06 27662
1649231711517 1.0000000000000002e-06 27712
1649231736921 1.0000000000000002e-06 27762
1649231762318 1.0000000000000002e-06 27812
1649231787620 1.0000000000000002e-06 27862
1649231812948 1.0000000000000002e-06 27912
1649231838251 1.0000000000000002e-06 27962
1649231863406 1.0000000000000002e-06 28012
1649231888194 1.0000000000000002e-06 28062
1649231913243 1.0000000000000002e-06 28112
1649231938261 1.0000000000000002e-06 28162
1649231963486 1.0000000000000002e-06 28212
1649231988627 1.0000000000000002e-06 28262
1649232013199 1.0000000000000002e-06 28312
1649232038497 1.0000000000000002e-06 28362
1649232063694 1.0000000000000002e-06 28412
1649232088169 1.0000000000000002e-06 28462
1649232113276 1.0000000000000002e-06 28512
1649232138117 1.0000000000000002e-06 28562
1649232162717 1.0000000000000002e-06 28612
1649232187770 1.0000000000000002e-06 28662
1649232212522 1.0000000000000002e-06 28712
1649232237687 1.0000000000000002e-06 28762
1649232262895 1.0000000000000002e-06 28812
1649232287659 1.0000000000000002e-06 28862
1649232312758 1.0000000000000002e-06 28912
1649232338156 1.0000000000000002e-06 28962
1649232363185 1.0000000000000002e-06 29012
1649232387849 1.0000000000000002e-06 29062
1649232413284 1.0000000000000002e-06 29112
1649232438383 1.0000000000000002e-06 29162
1649232463223 1.0000000000000002e-06 29212
1649232488453 1.0000000000000002e-06 29262
1649232930130 1.0000000000000002e-06 29305
