1649212810687 0.9 50
1649212856588 0.9 100
1649212902729 0.9 150
1649212947345 0.9 200
1649212992453 0.9 250
1649213038224 0.9 300
1649213083292 0.9 350
1649213128748 0.9 400
1649213173876 0.9 450
1649213219027 0.9 500
1649213263965 0.9 550
1649213308657 0.9 600
1649213353956 0.9 650
1649213399430 0.9 700
1649213445475 0.9 750
1649213490325 0.9 800
1649213535528 0.9 850
1649213580931 0.9 900
1649213626077 0.9 950
1649213655737 0.9 1000
1649213680945 0.9 1050
1649213705713 0.9 1100
1649213731520 0.9 1150
1649213756919 0.9 1200
1649213781751 0.9 1250
1649213807165 0.9 1300
1649213832270 0.9 1350
1649213857230 0.9 1400
1649213882411 0.9 1450
1649213907151 0.9 1500
1649213932410 0.9 1550
1649213958255 0.9 1600
1649213983441 0.9 1650
1649214008522 0.9 1700
1649214033518 0.9 1750
1649214058531 0.9 1800
1649214083759 0.9 1850
1649214109073 0.9 1900
1649214134449 0.9 1950
1649214159389 0.9 2000
1649214184589 0.9 2050
1649214209309 0.9 2100
1649214234407 0.9 2150
1649214259868 0.9 2200
1649214285026 0.9 2250
1649214310348 0.9 2300
1649214335717 0.9 2350
1649214361291 0.9 2400
1649214806293 0.9 2443
1649214833652 0.9 2492
1649214858256 0.9 2542
1649214883321 0.9 2592
1649214908241 0.9 2642
1649214933499 0.9 2692
1649214958661 0.9 2742
1649214983603 0.9 2792
1649215008804 0.9 2842
1649215034072 0.9 2892
1649215059190 0.9 2942
1649215084288 0.9 2992
1649215109242 0.9 3042
1649215134358 0.9 3092
1649215159659 0.9 3142
1649215184768 0.9 3192
1649215209808 0.9 3242
1649215234660 0.9 3292
1649215259643 0.9 3342
1649215284405 0.9 3392
1649215308993 0.9 3442
1649215333748 0.9 3492
1649215358680 0.9 3542
1649215384316 0.9 3592
1649215409447 0.9 3642
1649215434932 0.9 3692
1649215460306 0.9 3742
1649215485184 0.9 3792
1649215510032 0.9 3842
1649215534885 0.9 3892
1649215560267 0.9 3942
1649215585127 0.9 3992
1649215609872 0.9 4042
1649215634782 0.9 4092
1649215659669 0.9 4142
1649215684928 0.9 4192
1649215710369 0.9 4242
1649215735566 0.9 4292
1649215760487 0.9 4342
1649215785484 0.9 4392
1649215810290 0.9 4442
1649215835248 0.9 4492
1649215860131 0.9 4542
1649215885281 0.9 4592
1649215910279 0.9 4642
1649215935406 0.9 4692
1649215960534 0.9 4742
1649215985374 0.9 4792
1649216010409 0.9 4842
1649216453933 0.9 4885
1649216481026 0.9 4934
1649216506303 0.9 4984
1649216531347 0.9 5034
1649216556166 0.9 5084
1649216581854 0.9 5134
1649216607223 0.9 5184
1649216632444 0.9 5234
1649216657428 0.9 5284
1649216682432 0.9 5334
1649216707688 0.9 5384
1649216732838 0.9 5434
1649216757690 0.9 5484
1649216782953 0.9 5534
1649216807588 0.9 5584
1649216832319 0.9 5634
1649216857478 0.9 5684
1649216882777 0.9 5734
1649216907993 0.9 5784
1649216932752 0.9 5834
1649216958236 0.9 5884
1649216983362 0.9 5934
1649217008270 0.9 5984
1649217033317 0.9 6034
1649217058298 0.9 6084
1649217083180 0.9 6134
1649217108719 0.9 6184
1649217133786 0.9 6234
1649217158799 0.9 6284
1649217183785 0.9 6334
1649217209277 0.9 6384
1649217234220 0.9 6434
1649217259217 0.9 6484
1649217284385 0.9 6534
1649217309328 0.9 6584
1649217334261 0.9 6634
1649217359313 0.9 6684
1649217384329 0.9 6734
1649217409461 0.9 6784
1649217434432 0.9 6834
1649217459246 0.9 6884
1649217484385 0.9 6934
1649217509349 0.9 6984
1649217534244 0.9 7034
1649217558959 0.9 7084
1649217583814 0.9 7134
1649217608908 0.9 7184
1649217633998 0.9 7234
1649217658934 0.9 7284
1649218104395 0.9 7327
1649218132108 0.9 7376
1649218157464 0.9 7426
1649218182355 0.9 7476
1649218207241 0.9 7526
1649218232328 0.9 7576
1649218257230 0.9 7626
1649218282325 0.9 7676
1649218307703 0.9 7726
1649218332645 0.9 7776
1649218357726 0.9 7826
1649218382927 0.9 7876
1649218408243 0.9 7926
1649218433000 0.9 7976
1649218458844 0.9 8026
1649218484352 0.9 8076
1649218509330 0.9 8126
1649218533995 0.9 8176
1649218558943 0.9 8226
1649218584048 0.9 8276
1649218608972 0.9 8326
1649218634262 0.9 8376
1649218658864 0.9 8426
1649218683672 0.9 8476
1649218708513 0.9 8526
1649218733715 0.9 8576
1649218758719 0.9 8626
1649218783733 0.9 8676
1649218808557 0.9 8726
1649218833334 0.9 8776
1649218858030 0.9 8826
1649218882774 0.9 8876
1649218907993 0.9 8926
1649218932852 0.9 8976
1649218957793 0.9 9026
1649218982912 0.9 9076
1649219007829 0.9 9126
1649219032750 0.9 9176
1649219057814 0.9 9226
1649219082993 0.9 9276
1649219108023 0.9 9326
1649219133065 0.9 9376
1649219158040 0.9 9426
1649219183476 0.9 9476
1649219208196 0.9 9526
1649219233319 0.9 9576
1649219258128 0.9 9626
1649219283057 0.9 9676
1649219308282 0.9 9726
1649219754471 0.9 9769
1649219781731 0.9 9818
1649219806812 0.9 9868
1649219831694 0.9 9918
1649219856358 0.9 9968
1649219881305 0.9 10018
1649219906260 0.9 10068
1649219931206 0.9 10118
1649219956153 0.9 10168
1649219981183 0.9 10218
1649220006148 0.9 10268
1649220031241 0.9 10318
1649220056374 0.9 10368
1649220081429 0.9 10418
1649220106201 0.9 10468
1649220131313 0.9 10518
1649220156288 0.9 10568
1649220181313 0.9 10618
1649220206083 0.9 10668
1649220231482 0.9 10718
1649220256264 0.9 10768
1649220281262 0.9 10818
1649220306117 0.9 10868
1649220331146 0.9 10918
1649220356286 0.9 10968
1649220381198 0.9 11018
1649220406127 0.9 11068
1649220431339 0.9 11118
1649220456286 0.9 11168
1649220481264 0.9 11218
1649220506028 0.9 11268
1649220531060 0.9 11318
1649220555865 0.9 11368
1649220581713 0.9 11418
1649220606400 0.9 11468
1649220631729 0.9 11518
1649220656594 0.9 11568
1649220681773 0.9 11618
1649220706945 0.9 11668
1649220731974 0.9 11718
1649220756732 0.9 11768
1649220781390 0.9 11818
1649220806551 0.9 11868
1649220831867 0.9 11918
1649220856997 0.9 11968
1649220881861 0.9 12018
1649220906770 0.9 12068
1649220931823 0.9 12118
1649220956572 0.9 12168
1649221400258 0.9 12211
1649221427840 0.9 12260
1649221452840 0.9 12310
1649221478072 0.9 12360
1649221503761 0.9 12410
1649221528719 0.9 12460
1649221553259 0.9 12510
1649221577953 0.9 12560
1649221603091 0.9 12610
1649221628247 0.9 12660
1649221653094 0.9 12710
1649221678286 0.9 12760
1649221703304 0.9 12810
1649221728944 0.9 12860
1649221753902 0.9 12910
1649221778992 0.9 12960
1649221803845 0.9 13010
1649221828739 0.9 13060
1649221853739 0.9 13110
1649221878813 0.9 13160
1649221903650 0.9 13210
1649221928542 0.9 13260
1649221953276 0.9 13310
1649221978189 0.9 13360
1649222003223 0.9 13410
1649222028007 0.9 13460
1649222053006 0.9 13510
1649222078011 0.9 13560
1649222102891 0.9 13610
1649222128295 0.9 13660
1649222153572 0.9 13710
1649222178599 0.9 13760
1649222203677 0.9 13810
1649222228326 0.9 13860
1649222253128 0.9 13910
1649222278045 0.9 13960
1649222302916 0.9 14010
1649222328289 0.9 14060
1649222353382 0.9 14110
1649222378410 0.9 14160
1649222404385 0.9 14210
1649222429558 0.9 14260
1649222454864 0.9 14310
1649222480410 0.9 14360
1649222505837 0.9 14410
1649222531387 0.9 14460
1649222556536 0.9 14510
1649222581705 0.9 14560
1649222606352 0.9 14610
1649223051580 0.9 14653
1649223078569 0.9 14702
1649223103829 0.9 14752
1649223128637 0.9 14802
1649223153794 0.9 14852
1649223178852 0.9 14902
1649223204225 0.9 14952
1649223229052 0.9 15002
1649223254292 0.9 15052
1649223279451 0.9 15102
1649223304332 0.9 15152
1649223329298 0.9 15202
1649223354520 0.9 15252
1649223379370 0.9 15302
1649223404392 0.9 15352
1649223429759 0.9 15402
1649223454783 0.9 15452
1649223479799 0.9 15502
1649223504859 0.9 15552
1649223529917 0.9 15602
1649223554997 0.9 15652
1649223580362 0.9 15702
1649223605203 0.9 15752
1649223630169 0.9 15802
1649223655391 0.9 15852
1649223680938 0.9 15902
1649223705801 0.9 15952
1649223730523 0.9 16002
1649223755803 0.9 16052
1649223781426 0.9 16102
1649223806689 0.9 16152
1649223831826 0.9 16202
1649223856870 0.9 16252
1649223882242 0.9 16302
1649223907319 0.9 16352
1649223932397 0.9 16402
1649223957280 0.9 16452
1649223982132 0.9 16502
1649224006782 0.9 16552
1649224031394 0.9 16602
1649224056025 0.9 16652
1649224081977 0.9 16702
1649224107308 0.9 16752
1649224132431 0.9 16802
1649224157793 0.9 16852
1649224183144 0.9 16902
1649224208259 0.9 16952
1649224233220 0.9 17002
1649224258348 0.9 17052
1649224704777 0.9 17095
1649224732641 0.9 17144
1649224757805 0.9 17194
1649224782840 0.9 17244
1649224808488 0.9 17294
1649224834062 0.9 17344
1649224858844 0.9 17394
1649224883806 0.9 17444
1649224908774 0.9 17494
1649224933784 0.9 17544
1649224959069 0.9 17594
1649224984093 0.9 17644
1649225009081 0.9 17694
1649225034496 0.9 17744
1649225060486 0.9 17794
1649225086278 0.9 17844
1649225111290 0.9 17894
1649225136191 0.9 17944
1649225161296 0.9 17994
1649225186242 0.9 18044
1649225211387 0.9 18094
1649225236783 0.9 18144
1649225262005 0.9 18194
1649225287296 0.9 18244
1649225312384 0.9 18294
1649225337869 0.9 18344
1649225362818 0.9 18394
1649225388863 0.9 18444
1649225414672 0.9 18494
1649225439387 0.9 18544
1649225464350 0.9 18594
1649225489420 0.9 18644
1649225515159 0.9 18694
1649225539904 0.9 18744
1649225565699 0.9 18794
1649225591091 0.9 18844
1649225616470 0.9 18894
1649225641553 0.9 18944
1649225666658 0.9 18994
1649225691646 0.9 19044
1649225716809 0.9 19094
1649225741728 0.9 19144
1649225766697 0.9 19194
1649225792249 0.9 19244
1649225817232 0.9 19294
1649225842412 0.9 19344
1649225867552 0.9 19394
1649225892481 0.9 19444
1649225917388 0.9 19494
1649226359463 0.9 19537
1649226387174 0.9 19586
1649226412506 0.9 19636
1649226437258 0.9 19686
1649226462267 0.9 19736
1649226486632 0.9 19786
1649226511272 0.9 19836
1649226536118 0.9 19886
1649226561239 0.9 19936
1649226586307 0.9 19986
1649226611338 0.9 20036
1649226636235 0.9 20086
1649226661218 0.9 20136
1649226686671 0.9 20186
1649226711831 0.9 20236
1649226736688 0.9 20286
1649226761689 0.9 20336
1649226786820 0.9 20386
1649226812011 0.9 20436
1649226836837 0.9 20486
1649226861855 0.9 20536
1649226887133 0.9 20586
1649226912442 0.9 20636
1649226937777 0.9 20686
1649226963554 0.9 20736
1649226988320 0.9 20786
1649227012960 0.9 20836
1649227037981 0.9 20886
1649227063442 0.9 20936
1649227088315 0.9 20986
1649227113875 0.9 21036
1649227138708 0.9 21086
1649227163888 0.9 21136
1649227188955 0.9 21186
1649227213950 0.9 21236
1649227239239 0.9 21286
1649227264294 0.9 21336
1649227288803 0.9 21386
1649227314383 0.9 21436
1649227339305 0.9 21486
1649227364186 0.9 21536
1649227389718 0.9 21586
1649227414419 0.9 21636
1649227439274 0.9 21686
1649227464373 0.9 21736
1649227489498 0.9 21786
1649227514814 0.9 21836
1649227539734 0.9 21886
1649227564470 0.9 21936
1649228005100 0.9 21979
1649228032070 0.9 22028
1649228056735 0.9 22078
1649228081715 0.9 22128
1649228106256 0.9 22178
1649228131641 0.9 22228
1649228156729 0.9 22278
1649228181625 0.9 22328
1649228206234 0.9 22378
1649228231224 0.9 22428
1649228256471 0.9 22478
1649228281735 0.9 22528
1649228307096 0.9 22578
1649228331839 0.9 22628
1649228356489 0.9 22678
1649228381397 0.9 22728
1649228406768 0.9 22778
1649228431818 0.9 22828
1649228456742 0.9 22878
1649228481816 0.9 22928
1649228507129 0.9 22978
1649228531630 0.9 23028
1649228556735 0.9 23078
1649228581365 0.9 23128
1649228606572 0.9 23178
1649228631202 0.9 23228
1649228656341 0.9 23278
1649228681691 0.9 23328
1649228706424 0.9 23378
1649228731167 0.9 23428
1649228756203 0.9 23478
1649228781330 0.9 23528
1649228806200 0.9 23578
1649228831278 0.9 23628
1649228855839 0.9 23678
1649228880816 0.9 23728
1649228905408 0.9 23778
1649228930310 0.9 23828
1649228955228 0.9 23878
1649228980188 0.9 23928
1649229005260 0.9 23978
1649229030272 0.9 24028
1649229054925 0.9 24078
1649229079838 0.9 24128
1649229104641 0.9 24178
1649229129053 0.9 24228
1649229154290 0.9 24278
1649229179490 0.9 24328
1649229204659 0.9 24378
1649229645520 0.9 24421
1649229672753 0.9 24470
1649229697822 0.9 24520
1649229722770 0.9 24570
1649229747923 0.9 24620
1649229772799 0.9 24670
1649229798019 0.9 24720
1649229823356 0.9 24770
1649229848220 0.9 24820
1649229873294 0.9 24870
1649229898299 0.9 24920
1649229923617 0.9 24970
1649229948502 0.9 25020
1649229973232 0.9 25070
1649229998247 0.9 25120
1649230023304 0.9 25170
1649230048222 0.9 25220
1649230073014 0.9 25270
1649230097694 0.9 25320
1649230122471 0.9 25370
1649230147344 0.9 25420
1649230172088 0.9 25470
1649230197019 0.9 25520
1649230221584 0.9 25570
1649230246341 0.9 25620
1649230271094 0.9 25670
1649230296242 0.9 25720
1649230321143 0.9 25770
1649230346265 0.9 25820
1649230371151 0.9 25870
1649230396279 0.9 25920
1649230421200 0.9 25970
1649230446180 0.9 26020
1649230471011 0.9 26070
1649230495688 0.9 26120
1649230520746 0.9 26170
1649230546013 0.9 26220
1649230570875 0.9 26270
1649230596261 0.9 26320
1649230621506 0.9 26370
1649230646581 0.9 26420
1649230670908 0.9 26470
1649230695990 0.9 26520
1649230720756 0.9 26570
1649230746231 0.9 26620
1649230771289 0.9 26670
1649230795843 0.9 26720
1649230820728 0.9 26770
1649230845741 0.9 26820
1649231285391 0.9 26863
1649231312533 0.9 26912
1649231337414 0.9 26962
1649231362139 0.9 27012
1649231387732 0.9 27062
1649231412673 0.9 27112
1649231437244 0.9 27162
1649231462128 0.9 27212
1649231487213 0.9 27262
1649231511901 0.9 27312
1649231536743 0.9 27362
1649231561477 0.9 27412
1649231586256 0.9 27462
1649231610995 0.9 27512
1649231636107 0.9 27562
1649231661270 0.9 27612
1649231686455 0.9 27662
1649231711517 0.9 27712
1649231736921 0.9 27762
1649231762318 0.9 27812
1649231787620 0.9 27862
1649231812948 0.9 27912
1649231838251 0.9 27962
1649231863406 0.9 28012
1649231888194 0.9 28062
1649231913243 0.9 28112
1649231938261 0.9 28162
1649231963486 0.9 28212
1649231988627 0.9 28262
1649232013199 0.9 28312
1649232038497 0.9 28362
1649232063694 0.9 28412
1649232088169 0.9 28462
1649232113276 0.9 28512
1649232138117 0.9 28562
1649232162717 0.9 28612
1649232187770 0.9 28662
1649232212522 0.9 28712
1649232237687 0.9 28762
1649232262895 0.9 28812
1649232287659 0.9 28862
1649232312758 0.9 28912
1649232338156 0.9 28962
1649232363185 0.9 29012
1649232387849 0.9 29062
1649232413284 0.9 29112
1649232438383 0.9 29162
1649232463223 0.9 29212
1649232488453 0.9 29262
1649232930130 0.9 29305
