1648630011202 0.04411773267202079 50
1648630025084 0.05195442103315145 100
1648630038927 0.04176225857809186 150
1648630052073 0.04769347238820046 200
1648630065681 0.04395984163507819 250
1648630079202 0.04662094190716744 300
1648630093096 0.048658950512763116 350
1648630106598 0.04149315373972058 400
1648630120402 0.03547716594999656 450
1648630134013 0.03837218781001866 500
1648630147690 0.038103399435058236 550
1648630160960 0.03837070723529905 600
1648630174255 0.044333209781907496 650
1648630187736 0.04493089682422578 700
1648630201768 0.03679815570591018 750
1648630214634 0.04769945999141782 800
1648630227774 0.04488351867068559 850
1648630241475 0.04072536959545687 900
1648630254785 0.041802426532376556 950
1648630267976 0.03525565576273948 1000
1648630281339 0.03825667427387089 1050
1648630294473 0.038644868552219123 1100
1648630307709 0.038778893852140756 1150
1648630321549 0.044733878409024326 1200
1648630335223 0.034958123804535716 1250
1648630348699 0.048928988687694075 1300
1648630362008 0.04357387759257108 1350
1648630375496 0.035373168061487374 1400
1648630388331 0.03484210253227502 1450
1648630401763 0.03775175209157169 1500
1648630415131 0.04220917546655983 1550
1648630428014 0.027576714202295988 1600
1648630441543 0.04114603387657553 1650
1648630455175 0.028269384095910937 1700
1648630468550 0.034670498466584834 1750
1648630481874 0.03889600014779717 1800
1648630495073 0.036131665082648395 1850
1648630508244 0.04021703741280362 1900
1648630521543 0.029078936388250442 1950
1648630609550 0.03372487042099238 2007
1648630622753 0.032170216664671895 2057
1648630636043 0.03378570718690753 2107
1648630649467 0.024678859924897552 2157
1648630662660 0.030230641080997885 2207
1648630676020 0.03849278080044314 2257
1648630689356 0.03058484666980803 2307
1648630703005 0.0365289608342573 2357
1648630716091 0.03562084480654448 2407
1648630729214 0.04120139318052679 2457
1648630742855 0.03542810599785298 2507
1648630756778 0.02884996401378885 2557
1648630769941 0.034978386950679126 2607
1648630783486 0.037038870144169775 2657
1648630797200 0.03544032095000148 2707
1648630810663 0.03747208243235946 2757
1648630823848 0.034782473494997246 2807
1648630837357 0.030569865835714152 2857
1648630850918 0.026824522255919872 2907
1648630863737 0.03284844214562327 2957
1648630876892 0.023923098153900355 3007
1648630890298 0.03563908579526469 3057
1648630903481 0.03307321035070345 3107
1648630917026 0.032666015913709996 3157
1648630930028 0.031096826229477303 3207
1648630943666 0.034304732386954126 3257
1648630956908 0.03264703583088704 3307
1648630970167 0.035881559655535966 3357
1648630983353 0.025979455572087317 3407
1648630996444 0.03362332073738798 3457
1648631009737 0.03283788804896176 3507
1648631023139 0.028183631421998142 3557
1648631036750 0.03199285605922341 3607
1648631050200 0.03414577734656632 3657
1648631063831 0.02582568828947842 3707
1648631076947 0.015663740856107323 3757
1648631090273 0.035513449483551084 3807
1648631104073 0.0354450787929818 3857
1648631117432 0.03540526581462473 3907
1648631203134 0.032654049885459245 3964
1648631216442 0.027179672794882207 4014
1648631230117 0.02939273993484676 4064
1648631243570 0.027554095366504043 4114
1648631257000 0.02624507438391447 4164
1648631270178 0.02525437026983127 4214
1648631283772 0.02937108773738146 4264
1648631297330 0.025448952345177533 4314
1648631310845 0.032361769734707196 4364
1648631324355 0.040942437981721015 4414
1648631337613 0.022036964921280742 4464
1648631350719 0.029024027455598116 4514
1648631364343 0.028907621193211525 4564
1648631377769 0.026201615433674306 4614
1648631391542 0.02886394229950383 4664
1648631405254 0.026374334366992117 4714
1648631418556 0.022327352901920675 4764
1648631432106 0.03342435158556327 4814
1648631445276 0.02499231883091852 4864
1648631458664 0.03368499148578849 4914
1648631472478 0.030655263573862612 4964
1648631485551 0.028137045016046615 5014
1648631498907 0.03188092031981796 5064
1648631512429 0.04583982667420059 5114
1648631525517 0.030998896184028128 5164
1648631538789 0.03419657567050308 5214
1648631552021 0.028171079931780696 5264
1648631565232 0.034863137050997466 5314
1648631578602 0.028176276920130475 5364
1648631592088 0.024027188343461604 5414
1648631605507 0.03211597006767988 5464
1648631618880 0.034504942665807906 5514
1648631632520 0.03381358943530358 5564
1648631645707 0.029749167326372117 5614
1648631659104 0.031662527052685616 5664
1648631672103 0.024975384444696828 5714
1648631685461 0.026647192395757885 5764
1648631698472 0.02735920419334434 5814
1648631712076 0.02533750348025933 5864
1648631797871 0.030945384665392338 5921
1648631811658 0.02579167017538566 5971
1648631825068 0.03125250980723649 6021
1648631838111 0.031426351501140745 6071
1648631851659 0.02694008042337373 6121
1648631864855 0.025852194004692138 6171
1648631877991 0.03074169604340568 6221
1648631891201 0.022522986279800535 6271
1648631904878 0.03812173541868105 6321
1648631918066 0.022266947795869782 6371
1648631931266 0.025682496413355693 6421
1648631944462 0.022096956020686776 6471
1648631957894 0.0325354039890226 6521
1648631971136 0.027201940934173763 6571
1648631984583 0.03181858238298446 6621
1648631997596 0.03239989212015644 6671
1648632010673 0.027669933791039512 6721
1648632023866 0.025696243302663787 6771
1648632037245 0.025653243276756256 6821
1648632050428 0.02194264968857169 6871
1648632063997 0.027214264065260067 6921
1648632077107 0.029915630957111715 6971
1648632090480 0.03612910333438776 7021
1648632103412 0.021357257579220457 7071
1648632116444 0.023489528310019523 7121
1648632129738 0.032307101627811786 7171
1648632143436 0.0259190169069916 7221
1648632157070 0.02867846973007545 7271
1648632170206 0.024121258035302164 7321
1648632183642 0.020910246276762336 7371
1648632196812 0.022474517326336353 7421
1648632209982 0.02984351772116497 7471
1648632223325 0.03107323272153735 7521
1648632237641 0.020546362455934285 7571
1648632251195 0.024798709618044087 7621
1648632264564 0.03356068789958954 7671
1648632278019 0.0260817922023125 7721
1648632291457 0.027296846483368428 7771
1648632305436 0.0235535128810443 7821
1648632391554 0.022023757529677824 7878
1648632404777 0.0310268605989404 7928
1648632418151 0.024607198478188364 7978
1648632431221 0.031244314415380357 8028
1648632444308 0.027449578737141565 8078
1648632457595 0.03169245286961086 8128
1648632470967 0.024622938195243478 8178
1648632484154 0.025943465656600894 8228
1648632497810 0.02184982886421494 8278
1648632511219 0.024777162228710948 8328
1648632524961 0.030227638627402485 8378
1648632538214 0.027677993959514424 8428
1648632551329 0.022698014159686863 8478
1648632564606 0.030408932319842277 8528
1648632577934 0.02518294918932952 8578
1648632591217 0.03435693653533235 8628
1648632604860 0.02403869327623397 8678
1648632618169 0.03212997056543827 8728
1648632631480 0.023646013950929044 8778
1648632644757 0.024577373603824525 8828
1648632657998 0.021899639286566526 8878
1648632670965 0.0240477290074341 8928
1648632684539 0.027960198080400005 8978
1648632698237 0.025326261857990175 9028
1648632711922 0.03257299702614546 9078
1648632725214 0.025696539962664248 9128
1648632738200 0.026995648590382188 9178
1648632752087 0.0308151710848324 9228
1648632765484 0.02624238660559058 9278
1648632778955 0.026463067457079888 9328
1648632792206 0.021159940492361785 9378
1648632805986 0.023014719816856086 9428
1648632819088 0.02254040407948196 9478
1648632833078 0.023109437579987572 9528
1648632846785 0.028212516591884194 9578
1648632859749 0.029272343358024956 9628
1648632872828 0.029716294500976802 9678
1648632885958 0.02139984885463491 9728
1648632898814 0.023368077190825717 9778
1648632984209 0.016904797635506837 9835
1648632997591 0.02858168140053749 9885
1648633010471 0.020874874258879572 9935
1648633023332 0.022695927670574746 9985
1648633036825 0.02325779156992212 10035
1648633049897 0.028488325093640014 10085
1648633062916 0.02414769883675035 10135
1648633075914 0.017004225630080326 10185
1648633089110 0.022841309576760976 10235
1648633102020 0.03788988670683466 10285
1648633115319 0.023720982510130852 10335
1648633128262 0.031817957155872136 10385
1648633141280 0.01988716487889178 10435
1648633154017 0.025842845845036207 10485
1648633167019 0.02432177253998816 10535
1648633180150 0.03485589324031025 10585
1648633192955 0.025421758010052146 10635
1648633205957 0.03153360598604195 10685
1648633219104 0.023181917814072223 10735
1648633231813 0.021667871652171017 10785
1648633244687 0.03503458859864622 10835
1648633257755 0.02561781510943547 10885
1648633270862 0.027788131159031764 10935
1648633283923 0.020197384068742396 10985
1648633297057 0.02399925539968535 11035
1648633310503 0.0213580652885139 11085
1648633323303 0.025107347722077976 11135
1648633336345 0.02583642684388906 11185
1648633349361 0.020687283667502925 11235
1648633363035 0.030464940677629785 11285
1648633376598 0.02786694781098049 11335
1648633390147 0.022557703703641893 11385
1648633403625 0.03018299159128219 11435
1648633417041 0.026718338162172586 11485
1648633430284 0.024756351191317662 11535
1648633443316 0.021825511579518207 11585
1648633456244 0.032188832722604276 11635
1648633469116 0.024654362910659984 11685
1648633482229 0.027454628010746093 11735
1648633567536 0.01984601526055485 11792
1648633580563 0.022258780269185083 11842
1648633593243 0.02297357841511257 11892
1648633606362 0.02424567996058613 11942
1648633619072 0.0201891524461098 11992
1648633632215 0.02290927697205916 12042
1648633645597 0.022147992794634773 12092
1648633658330 0.02425089945085347 12142
1648633671324 0.026902965814224446 12192
1648633684281 0.023883248025085776 12242
1648633697127 0.025190810083877295 12292
1648633710248 0.023502657518256455 12342
1648633723120 0.030222937708022073 12392
1648633736042 0.031375263133086265 12442
1648633749111 0.020024956748820842 12492
1648633761767 0.02728939777240157 12542
1648633774627 0.021454412776511163 12592
1648633787444 0.02053715882124379 12642
1648633800387 0.026414990410557948 12692
1648633813357 0.023659363123588264 12742
1648633826322 0.02004007080104202 12792
1648633839359 0.024717185085173697 12842
1648633852249 0.028836111371638252 12892
1648633865350 0.02272296524955891 12942
1648633878327 0.019905773011269046 12992
1648633891138 0.02645752265350893 13042
1648633904166 0.027160079046152533 13092
1648633917647 0.030148704696912318 13142
1648633930866 0.030096321381861343 13192
1648633943688 0.018694765814580024 13242
1648633956655 0.02190788143547252 13292
1648633969254 0.026715566804632544 13342
1648633982361 0.027212384841404855 13392
1648633995694 0.030077236981596797 13442
1648634008813 0.03303039597114548 13492
1648634022107 0.0202500665304251 13542
1648634035240 0.016862685062224044 13592
1648634048200 0.027590241245925427 13642
1648634061509 0.023317947093746624 13692
1648634145552 0.0202988648111932 13749
1648634158706 0.027487721762154253 13799
1648634171598 0.028800933351740242 13849
1648634184320 0.02017400139622623 13899
1648634197276 0.026906611702870578 13949
1648634210052 0.015258036307059228 13999
1648634223285 0.027012165668420494 14049
1648634236371 0.02349916752660647 14099
1648634249403 0.02354055628180504 14149
1648634262744 0.0290701647545211 14199
1648634275685 0.020150721744867043 14249
1648634288509 0.02295421054586768 14299
1648634301517 0.024138382670935245 14349
1648634314561 0.019185720086679795 14399
1648634327564 0.020982271500397474 14449
1648634340224 0.016655696381349117 14499
1648634353199 0.022519861968467014 14549
1648634366284 0.03050570096471347 14599
1648634379393 0.02576500779017806 14649
1648634392266 0.025620842787902803 14699
1648634405346 0.02508080131257884 14749
1648634418439 0.026064046656247227 14799
1648634431127 0.018515945038525387 14849
1648634444329 0.021803804100491108 14899
1648634457541 0.020142682782607155 14949
1648634470595 0.021754271122917997 14999
1648634483475 0.022572994398651645 15049
1648634496413 0.02300592997809872 15099
1648634509408 0.02353527791099623 15149
1648634523070 0.024380122414440847 15199
1648634536024 0.03056942032650113 15249
1648634549269 0.02081923324149102 15299
1648634562090 0.028220879473956302 15349
1648634575471 0.026308922641910613 15399
1648634588845 0.027893079223576932 15449
1648634602143 0.02081789535935968 15499
1648634614913 0.024995510017033665 15549
1648634627776 0.025675954793114214 15599
1648634640609 0.017243322043213993 15649
1648634725452 0.025665691446047276 15706
1648634738506 0.01955112646217458 15756
1648634751575 0.018757370566017926 15806
1648634764663 0.020250307092210276 15856
1648634777599 0.020203182410914452 15906
1648634790412 0.019873548421310262 15956
1648634803316 0.02686391384806484 16006
1648634816150 0.018523753506597133 16056
1648634829516 0.024732216427801178 16106
1648634842327 0.025198041314724834 16156
1648634855087 0.017481763457180933 16206
1648634868029 0.01772217994555831 16256
1648634881181 0.018067601891234516 16306
1648634894259 0.019396567750955 16356
1648634907684 0.025328156118048353 16406
1648634920796 0.01524688980774954 16456
1648634933722 0.018149740907247178 16506
1648634946942 0.02665873574092984 16556
1648634959965 0.021753761831205337 16606
1648634972812 0.018118171453243122 16656
1648634985934 0.01850724416319281 16706
1648634998705 0.021018092595040797 16756
1648635011660 0.018257915673311798 16806
1648635024989 0.01571821002755314 16856
1648635038195 0.02201324907306116 16906
1648635051457 0.0207693007402122 16956
1648635064573 0.01938991814327892 17006
1648635077853 0.023012055079452694 17056
1648635090560 0.015435440690489487 17106
1648635103437 0.016796628383453936 17156
1648635116463 0.02078177487128414 17206
1648635129785 0.02225643405050505 17256
1648635142798 0.018428595255827532 17306
1648635156046 0.022326212557964027 17356
1648635169030 0.01921036352228839 17406
1648635182405 0.01708777001593262 17456
1648635195564 0.020598727833712475 17506
1648635208781 0.018586144587025046 17556
1648635222343 0.02735169843188487 17606
1648635305177 0.014224420555401594 17663
1648635317996 0.022850819275481625 17713
1648635331123 0.019897304837359117 17763
1648635344259 0.017992827203124763 17813
1648635357125 0.01808844713086728 17863
1648635370033 0.017705964501947166 17913
1648635382877 0.01690731992945075 17963
1648635395504 0.01775801376614254 18013
1648635408179 0.014725456762826071 18063
1648635421042 0.017247253857785836 18113
1648635433935 0.02347631504700985 18163
1648635446961 0.016276979176327585 18213
1648635459925 0.02075030252104625 18263
1648635473033 0.02415496409055777 18313
1648635485851 0.017615842766826973 18363
1648635498966 0.016801704103127122 18413
1648635512119 0.022561068789800628 18463
1648635525064 0.02310099408845417 18513
1648635537730 0.024234613795997575 18563
1648635550777 0.01830420292681083 18613
1648635564056 0.018597248875303195 18663
1648635577189 0.019520478891208767 18713
1648635590261 0.018830187388230116 18763
1648635603428 0.01875102678546682 18813
1648635616155 0.02221539833000861 18863
1648635628940 0.015183045658632181 18913
1648635641877 0.020788634535856543 18963
1648635654697 0.017277516429312526 19013
1648635667929 0.02013717314985115 19063
1648635680850 0.015320931433525403 19113
1648635693773 0.021136542218737304 19163
1648635706694 0.017528928839601575 19213
1648635719647 0.02149937783309724 19263
1648635732633 0.017880067171063274 19313
1648635745800 0.020248343228013256 19363
1648635758566 0.017999236194300466 19413
1648635771576 0.016547967981314287 19463
1648635784305 0.017903634338872508 19513
1648635797306 0.01711088679265231 19563
1648635880201 0.018843975269701333 19620
1648635893398 0.014186179743846878 19670
1648635906279 0.019668382824165748 19720
1648635918957 0.014997403221204877 19770
1648635931832 0.016706065030302853 19820
1648635944714 0.021186056676087903 19870
1648635957794 0.01700606888975017 19920
1648635970858 0.0167071697069332 19970
1648635983776 0.02401451169978827 20020
1648635996533 0.026564879608922638 20070
1648636009260 0.013974336002138443 20120
1648636023007 0.01797957471571863 20170
1648636036279 0.014976686298614367 20220
1648636050043 0.019709588593104854 20270
1648636063058 0.017236903574084864 20320
1648636076454 0.013104693143395707 20370
1648636090064 0.028776192001532763 20420
1648636103283 0.02268359048641287 20470
1648636116373 0.015783814795431683 20520
1648636129066 0.020488352553220467 20570
1648636142312 0.018526410072809085 20620
1648636155418 0.018190548520651648 20670
1648636168755 0.021413495594169944 20720
1648636181690 0.018473671239917167 20770
1648636194656 0.015516129001043736 20820
1648636207795 0.019819168142275884 20870
1648636220775 0.017021289980039 20920
1648636234015 0.017980122384033168 20970
1648636246755 0.016804344481788577 21020
1648636259633 0.013650896896142512 21070
1648636272728 0.02134319128585048 21120
1648636285789 0.0198561427812092 21170
1648636298857 0.01753886720398441 21220
1648636311685 0.0234513767703902 21270
1648636324883 0.01480789328168612 21320
1648636337940 0.011857245212886482 21370
1648636350755 0.025165431155473924 21420
1648636363445 0.01750870267918799 21470
1648636376412 0.0177223737584427 21520
1648636461047 0.01871872554766014 21577
1648636474008 0.016211328823119403 21627
1648636487148 0.017865673834457994 21677
1648636500272 0.014382475223392248 21727
1648636513123 0.017330143759027125 21777
1648636526077 0.013372938793036155 21827
1648636539265 0.015185664549935609 21877
1648636552216 0.02500968862208538 21927
1648636565564 0.017926901919418016 21977
1648636578696 0.015065825789351948 22027
1648636591531 0.02454130321973935 22077
1648636604615 0.014205629414645956 22127
1648636617755 0.034904191504465415 22177
1648636630357 0.012526670801453293 22227
1648636643152 0.014409354089875705 22277
1648636656089 0.015348587362095713 22327
1648636668975 0.016454790239222347 22377
1648636682414 0.017161282687447967 22427
1648636695570 0.012953856837702915 22477
1648636708518 0.018181782315368763 22527
1648636721447 0.02111727281473577 22577
1648636734262 0.020514334184117616 22627
1648636747334 0.014633043619396631 22677
1648636760283 0.0170639758487232 22727
1648636773180 0.01843942913459614 22777
1648636786378 0.01874204170773737 22827
1648636799324 0.015252034374279902 22877
1648636812797 0.020177641273476182 22927
1648636826377 0.01644003926368896 22977
1648636840960 0.02117812124371994 23027
1648636854268 0.016903422891628 23077
1648636867610 0.015040944585343823 23127
1648636880386 0.01992090962245129 23177
1648636892998 0.018787305017467587 23227
1648636905818 0.01347525858087465 23277
1648636918980 0.01546599400753621 23327
1648636932016 0.02750170768238604 23377
1648636944999 0.019250970990397034 23427
1648636957947 0.017968150030937977 23477
