1648630011202 0.6679433870315552 50
1648630025084 0.4950278103351593 100
1648630038927 0.24535183608531952 150
1648630052073 0.18212496593594552 200
1648630065681 0.16003955721855165 250
1648630079202 0.1363349948823452 300
1648630093096 0.1387952720373869 350
1648630106598 0.10143664294853806 400
1648630120402 0.0904575583897531 450
1648630134013 0.09532442029565573 500
1648630147690 0.08163899499922991 550
1648630160960 0.09115576392039657 600
1648630174255 0.08188204381614923 650
1648630187736 0.08358714698813856 700
1648630201768 0.07461888164281845 750
1648630214634 0.08564505588263273 800
1648630227774 0.11065662080422044 850
1648630241475 0.08909412804059684 900
1648630254785 0.09057862427085638 950
1648630267976 0.07339981249533593 1000
1648630281339 0.06803218122571707 1050
1648630294473 0.08193477781489492 1100
1648630307709 0.10033419454470277 1150
1648630321549 0.09353763431310654 1200
1648630335223 0.06706570607610046 1250
1648630348699 0.0973470545746386 1300
1648630362008 0.09740648992359638 1350
1648630375496 0.08172093069180847 1400
1648630388331 0.07177061368711293 1450
1648630401763 0.08294692829251289 1500
1648630415131 0.08228862965479493 1550
1648630428014 0.06697071796283126 1600
1648630441543 0.08345034820958971 1650
1648630455175 0.06874948476441205 1700
1648630468550 0.06512943465262651 1750
1648630481874 0.07833155320957302 1800
1648630495073 0.06401503140572458 1850
1648630508244 0.07503214945551008 1900
1648630521543 0.05902920515276491 1950
1648630609550 0.060660191453062 2007
1648630622753 0.06555618848651648 2057
1648630636043 0.04787741818930954 2107
1648630649467 0.04851292297244072 2157
1648630662660 0.06352167152799666 2207
1648630676020 0.07231191826984286 2257
1648630689356 0.04875353225506842 2307
1648630703005 0.0635335442982614 2357
1648630716091 0.061351035367697475 2407
1648630729214 0.08800638118758798 2457
1648630742855 0.056145567437633874 2507
1648630756778 0.06317498350981623 2557
1648630769941 0.07446326079778373 2607
1648630783486 0.05774925885722041 2657
1648630797200 0.05383282280061394 2707
1648630810663 0.0697456702310592 2757
1648630823848 0.07079127686098217 2807
1648630837357 0.058541906904429196 2857
1648630850918 0.05623247723095119 2907
1648630863737 0.0700441104453057 2957
1648630876892 0.05377284691203386 3007
1648630890298 0.07453655020333827 3057
1648630903481 0.052356459079310295 3107
1648630917026 0.06740807768888772 3157
1648630930028 0.06761299594305456 3207
1648630943666 0.06483265191316605 3257
1648630956908 0.0639629939571023 3307
1648630970167 0.0643054241174832 3357
1648630983353 0.06503957833629101 3407
1648630996444 0.06370468069799244 3457
1648631009737 0.07291140850400551 3507
1648631023139 0.04907151433173567 3557
1648631036750 0.053688064247835426 3607
1648631050200 0.0615510160010308 3657
1648631063831 0.056226417738944295 3707
1648631076947 0.0274929417995736 3757
1648631090273 0.05883145801723003 3807
1648631104073 0.06715617791749537 3857
1648631117432 0.046286055059172215 3907
1648631203134 0.05535833647008985 3964
1648631216442 0.050117125564720484 4014
1648631230117 0.04426952820038423 4064
1648631243570 0.041936639617197215 4114
1648631257000 0.055348778432235124 4164
1648631270178 0.053672730764374135 4214
1648631283772 0.061915833931416274 4264
1648631297330 0.047686913763172925 4314
1648631310845 0.05268777957418933 4364
1648631324355 0.05730459731072188 4414
1648631337613 0.029454565432388335 4464
1648631350719 0.043706576945260166 4514
1648631364343 0.04271811133716255 4564
1648631377769 0.04140312425792217 4614
1648631391542 0.055742651477921755 4664
1648631405254 0.05158780274214223 4714
1648631418556 0.048433683551847934 4764
1648631432106 0.049811270707286893 4814
1648631445276 0.049812080091796815 4864
1648631458664 0.0702679505199194 4914
1648631472478 0.0564348950330168 4964
1648631485551 0.0434460111358203 5014
1648631498907 0.05468366830144077 5064
1648631512429 0.07550092189572752 5114
1648631525517 0.06398209861014038 5164
1648631538789 0.06453948895446956 5214
1648631552021 0.04360982504207641 5264
1648631565232 0.06878531130496413 5314
1648631578602 0.05107320744544268 5364
1648631592088 0.058797421606723216 5414
1648631605507 0.0679615128529258 5464
1648631618880 0.05899816123768687 5514
1648631632520 0.05925659389933571 5564
1648631645707 0.048635121793486176 5614
1648631659104 0.06249550350010395 5664
1648631672103 0.05207060630898923 5714
1648631685461 0.048160602557472884 5764
1648631698472 0.041263117990456524 5814
1648631712076 0.045031691081821916 5864
1648631797871 0.048206850178539755 5921
1648631811658 0.04225191982695833 5971
1648631825068 0.03722742113517597 6021
1648631838111 0.05622594876098447 6071
1648631851659 0.03903999323956668 6121
1648631864855 0.03175470198155381 6171
1648631877991 0.053395158427301796 6221
1648631891201 0.0344972000643611 6271
1648631904878 0.048747219792567194 6321
1648631918066 0.039297996761742976 6371
1648631931266 0.03921975886332803 6421
1648631944462 0.03851155753945932 6471
1648631957894 0.04338862941425759 6521
1648631971136 0.04178936013253406 6571
1648631984583 0.058513982135336845 6621
1648631997596 0.036341899251565335 6671
1648632010673 0.04590078918728977 6721
1648632023866 0.0509526443190407 6771
1648632037245 0.04178453549277037 6821
1648632050428 0.032769313170574604 6871
1648632063997 0.04205194915877655 6921
1648632077107 0.04411059687496163 6971
1648632090480 0.06460886036511511 7021
1648632103412 0.039996080826967956 7071
1648632116444 0.04701705472776666 7121
1648632129738 0.041908248618710786 7171
1648632143436 0.047152170035988095 7221
1648632157070 0.05183691593119875 7271
1648632170206 0.046055872552096845 7321
1648632183642 0.03623832762707025 7371
1648632196812 0.045875461073592305 7421
1648632209982 0.05392612995579839 7471
1648632223325 0.054666590276174244 7521
1648632237641 0.031339857133571056 7571
1648632251195 0.04418132944498211 7621
1648632264564 0.051082283672876656 7671
1648632278019 0.047854183614253996 7721
1648632291457 0.04667550224694424 7771
1648632305436 0.049294741537887606 7821
1648632391554 0.031183495407458395 7878
1648632404777 0.039111356842331586 7928
1648632418151 0.048758775522001085 7978
1648632431221 0.031269284379668534 8028
1648632444308 0.04627369794179685 8078
1648632457595 0.03698046889418038 8128
1648632470967 0.04097777649061754 8178
1648632484154 0.033863969143712896 8228
1648632497810 0.04129886919632554 8278
1648632511219 0.04162170815980062 8328
1648632524961 0.045459316154010596 8378
1648632538214 0.04161305897636339 8428
1648632551329 0.03949042669031769 8478
1648632564606 0.050008660247549415 8528
1648632577934 0.04459993669763208 8578
1648632591217 0.04884951875312254 8628
1648632604860 0.044824598422273994 8678
1648632618169 0.046678131223889065 8728
1648632631480 0.040115514886565506 8778
1648632644757 0.03032718422007747 8828
1648632657998 0.03152814020519145 8878
1648632670965 0.03976612172555179 8928
1648632684539 0.04959174028481357 8978
1648632698237 0.05154838413931429 9028
1648632711922 0.04520550170680508 9078
1648632725214 0.034221534989774226 9128
1648632738200 0.029782526756171136 9178
1648632752087 0.04175663205329329 9228
1648632765484 0.041245904606767 9278
1648632778955 0.03584602661896497 9328
1648632792206 0.034383272372651846 9378
1648632805986 0.04340394279221073 9428
1648632819088 0.03944901604671031 9478
1648632833078 0.03358167897211388 9528
1648632846785 0.038863557744771245 9578
1648632859749 0.046773949849884956 9628
1648632872828 0.04392016583122313 9678
1648632885958 0.03285886772267986 9728
1648632898814 0.037094699258450416 9778
1648632984209 0.025877978932694532 9835
1648632997591 0.02732298237737268 9885
1648633010471 0.03316469025914557 9935
1648633023332 0.03501120382599766 9985
1648633036825 0.03445474106061738 10035
1648633049897 0.039730206783860925 10085
1648633062916 0.033369640330784024 10135
1648633075914 0.02270130016520852 10185
1648633089110 0.03215117930085398 10235
1648633102020 0.04362930363044143 10285
1648633115319 0.03601372266304679 10335
1648633128262 0.03949671661946923 10385
1648633141280 0.02961618492845446 10435
1648633154017 0.03397107320721261 10485
1648633167019 0.03206169576384127 10535
1648633180150 0.03352990552317351 10585
1648633192955 0.034992346845101566 10635
1648633205957 0.05128016084083356 10685
1648633219104 0.036415909384377304 10735
1648633231813 0.039830719652818515 10785
1648633244687 0.03854206552263349 10835
1648633257755 0.034803311894647776 10885
1648633270862 0.03577507043024525 10935
1648633283923 0.03341538214241155 10985
1648633297057 0.03658717632119078 11035
1648633310503 0.024022475625388326 11085
1648633323303 0.04357443809160031 11135
1648633336345 0.03400224806042388 11185
1648633349361 0.04048806450678967 11235
1648633363035 0.04599957038182765 11285
1648633376598 0.037030682468321176 11335
1648633390147 0.047061604384798554 11385
1648633403625 0.04193014051765204 11435
1648633417041 0.031827559536905026 11485
1648633430284 0.041431783002335576 11535
1648633443316 0.03942840704927221 11585
1648633456244 0.04415999525226653 11635
1648633469116 0.045861017731949685 11685
1648633482229 0.03618707166286186 11735
1648633567536 0.03023981058446225 11792
1648633580563 0.027805702994810416 11842
1648633593243 0.03617592693743063 11892
1648633606362 0.031054009990766643 11942
1648633619072 0.02190424601431005 11992
1648633632215 0.031212225607596338 12042
1648633645597 0.03460891029681079 12092
1648633658330 0.027861230399576015 12142
1648633671324 0.03760119519662112 12192
1648633684281 0.03255723994341679 12242
1648633697127 0.029741984688444065 12292
1648633710248 0.028102827810798772 12342
1648633723120 0.0425808129273355 12392
1648633736042 0.04182183440658264 12442
1648633749111 0.02792247213597875 12492
1648633761767 0.030706804279470815 12542
1648633774627 0.02296735629264731 12592
1648633787444 0.03688379624742083 12642
1648633800387 0.03207981307525188 12692
1648633813357 0.028578550436068325 12742
1648633826322 0.03278484472422861 12792
1648633839359 0.035766731975600125 12842
1648633852249 0.0394339568290161 12892
1648633865350 0.028042778889648616 12942
1648633878327 0.034245109255425635 12992
1648633891138 0.03127555585320806 13042
1648633904166 0.03368402836145833 13092
1648633917647 0.03568790724966675 13142
1648633930866 0.04515197798493318 13192
1648633943688 0.02454699837777298 13242
1648633956655 0.03511088089551777 13292
1648633969254 0.037014983689878135 13342
1648633982361 0.04232718807412311 13392
1648633995694 0.03914466145797633 13442
1648634008813 0.03835810057353228 13492
1648634022107 0.025503150732256473 13542
1648634035240 0.023215763518819585 13592
1648634048200 0.038155018829274925 13642
1648634061509 0.029989347305963747 13692
1648634145552 0.024406560439965686 13749
1648634158706 0.030899035314505455 13799
1648634171598 0.034124266649014315 13849
1648634184320 0.028250646557426082 13899
1648634197276 0.03455317231244408 13949
1648634210052 0.021809844115632585 13999
1648634223285 0.02802694607176818 14049
1648634236371 0.03502554867067374 14099
1648634249403 0.02296066437731497 14149
1648634262744 0.03298999157035723 14199
1648634275685 0.027116138911515007 14249
1648634288509 0.026749221510835922 14299
1648634301517 0.022091141261626035 14349
1648634314561 0.02600554139818996 14399
1648634327564 0.02811507271253504 14449
1648634340224 0.016840880866511726 14499
1648634353199 0.028569638314074837 14549
1648634366284 0.034019691341090945 14599
1648634379393 0.03531188692082651 14649
1648634392266 0.02931108077376848 14699
1648634405346 0.034519771945197134 14749
1648634418439 0.028139245095662773 14799
1648634431127 0.024987116862175755 14849
1648634444329 0.03128013990644831 14899
1648634457541 0.024483979344950058 14949
1648634470595 0.029823935456224717 14999
1648634483475 0.031097742471611126 15049
1648634496413 0.049707894634921104 15099
1648634509408 0.030076198722526898 15149
1648634523070 0.03126345380500425 15199
1648634536024 0.040050447097746654 15249
1648634549269 0.026974019940244034 15299
1648634562090 0.0317970476183109 15349
1648634575471 0.038394469036720696 15399
1648634588845 0.039612409016117456 15449
1648634602143 0.029424637274350973 15499
1648634614913 0.03855581266805529 15549
1648634627776 0.03860167969134636 15599
1648634640609 0.022238183896697593 15649
1648634725452 0.02784267884824658 15706
1648634738506 0.02347514797351323 15756
1648634751575 0.017515826616727282 15806
1648634764663 0.02135827026970219 15856
1648634777599 0.02191033162525855 15906
1648634790412 0.022736395011015702 15956
1648634803316 0.03147675732441712 16006
1648634816150 0.02109804320818512 16056
1648634829516 0.026005893145920708 16106
1648634842327 0.027331199982436372 16156
1648634855087 0.017947953874245286 16206
1648634868029 0.019960151226841846 16256
1648634881181 0.019359596505528317 16306
1648634894259 0.021329010906047188 16356
1648634907684 0.02125932340044528 16406
1648634920796 0.023087803905364124 16456
1648634933722 0.01955889807548374 16506
1648634946942 0.024590511932037772 16556
1648634959965 0.022165716227609666 16606
1648634972812 0.020784331538598055 16656
1648634985934 0.017976047971169463 16706
1648634998705 0.02513353743008338 16756
1648635011660 0.02061699784710072 16806
1648635024989 0.01774804494547425 16856
1648635038195 0.02253153719124384 16906
1648635051457 0.026733795977779664 16956
1648635064573 0.02443070492648985 17006
1648635077853 0.024864825797849335 17056
1648635090560 0.01739489430998219 17106
1648635103437 0.018946878452552482 17156
1648635116463 0.022545463716669475 17206
1648635129785 0.02754852357087657 17256
1648635142798 0.018509871253045276 17306
1648635156046 0.022384564294479787 17356
1648635169030 0.017446022756630555 17406
1648635182405 0.017099006496864605 17456
1648635195564 0.019877761818643192 17506
1648635208781 0.020460806634655455 17556
1648635222343 0.02868709472095361 17606
1648635305177 0.017910242236976046 17663
1648635317996 0.022250946625717916 17713
1648635331123 0.021860694434144533 17763
1648635344259 0.016787784834741616 17813
1648635357125 0.017456651659158523 17863
1648635370033 0.018883320121094584 17913
1648635382877 0.01809640313484124 17963
1648635395504 0.01813674466917291 18013
1648635408179 0.016449228484998458 18063
1648635421042 0.01541593937028665 18113
1648635433935 0.02254608914081473 18163
1648635446961 0.015732675109175035 18213
1648635459925 0.021062696349690668 18263
1648635473033 0.024990987909550313 18313
1648635485851 0.015132025416532998 18363
1648635498966 0.014546632759447675 18413
1648635512119 0.021594549863075373 18463
1648635525064 0.022938047795614692 18513
1648635537730 0.02280216044789995 18563
1648635550777 0.016734056832501665 18613
1648635564056 0.021856423434073805 18663
1648635577189 0.017636739613080862 18713
1648635590261 0.01844364985183347 18763
1648635603428 0.0181676131192944 18813
1648635616155 0.021321195536875167 18863
1648635628940 0.01498332038463559 18913
1648635641877 0.01724132202769397 18963
1648635654697 0.017188103368680457 19013
1648635667929 0.02627764426812064 19063
1648635680850 0.015000077647273428 19113
1648635693773 0.01649610535998363 19163
1648635706694 0.017629706283914855 19213
1648635719647 0.02074151224893285 19263
1648635732633 0.019147937261586777 19313
1648635745800 0.02086092405137606 19363
1648635758566 0.023352864600310566 19413
1648635771576 0.018029170122754293 19463
1648635784305 0.01757215047022328 19513
1648635797306 0.014638600624530228 19563
1648635880201 0.021117398583155592 19620
1648635893398 0.01432751241052756 19670
1648635906279 0.019194521152821834 19720
1648635918957 0.013873231525358277 19770
1648635931832 0.014105400529952022 19820
1648635944714 0.02088378433822072 19870
1648635957794 0.012787143680907321 19920
1648635970858 0.01629025764625112 19970
1648635983776 0.02423451215727255 20020
1648635996533 0.020422261984786017 20070
1648636009260 0.0176180747532635 20120
1648636023007 0.018285013709391933 20170
1648636036279 0.0165435107704252 20220
1648636050043 0.021499782646569657 20270
1648636063058 0.01679146498965565 20320
1648636076454 0.01048616174957715 20370
1648636090064 0.02115490677781054 20420
1648636103283 0.03157737583227572 20470
1648636116373 0.017787938890978693 20520
1648636129066 0.01757697432884015 20570
1648636142312 0.016285014565874008 20620
1648636155418 0.0191186519144685 20670
1648636168755 0.019411678041069535 20720
1648636181690 0.014814284663734724 20770
1648636194656 0.012647299365489743 20820
1648636207795 0.01809424344508443 20870
1648636220775 0.015606720973228221 20920
1648636234015 0.01850364856160013 20970
1648636246755 0.01664259769837372 21020
1648636259633 0.012742612673901022 21070
1648636272728 0.015435963432973949 21120
1648636285789 0.017113868578890107 21170
1648636298857 0.01852291351708118 21220
1648636311685 0.017200743149296614 21270
1648636324883 0.013754889551200904 21320
1648636337940 0.012695211931422819 21370
1648636350755 0.018858008583483753 21420
1648636363445 0.016418526425259188 21470
1648636376412 0.01675853322194598 21520
1648636461047 0.017270828464825173 21577
1648636474008 0.012773992763395654 21627
1648636487148 0.014941989478393225 21677
1648636500272 0.015622462783358059 21727
1648636513123 0.015589961903024231 21777
1648636526077 0.01395142956476775 21827
1648636539265 0.01700459746498382 21877
1648636552216 0.021100234065379482 21927
1648636565564 0.018754802198382093 21977
1648636578696 0.013039127350057243 22027
1648636591531 0.018288540196372195 22077
1648636604615 0.014064735441352241 22127
1648636617755 0.031181739910389295 22177
1648636630357 0.011072567254304886 22227
1648636643152 0.013591006875722088 22277
1648636656089 0.013971757385625096 22327
1648636668975 0.024296247471065725 22377
1648636682414 0.014883793812041404 22427
1648636695570 0.014827749209362083 22477
1648636708518 0.011008601165376603 22527
1648636721447 0.015363561991835013 22577
1648636734262 0.021435820544866147 22627
1648636747334 0.012416955434018747 22677
1648636760283 0.01740070744010154 22727
1648636773180 0.016943184776755514 22777
1648636786378 0.017711603692441714 22827
1648636799324 0.011696557238828974 22877
1648636812797 0.017103477570053656 22927
1648636826377 0.015203865019066143 22977
1648636840960 0.017740691532817435 23027
1648636854268 0.014346185869217152 23077
1648636867610 0.018206538513768463 23127
1648636880386 0.015408817473507952 23177
1648636892998 0.017294980134029175 23227
1648636905818 0.012313605401359382 23277
1648636918980 0.012393377050902927 23327
1648636932016 0.020884141563437878 23377
1648636944999 0.021669228533573913 23427
1648636957947 0.014314906862564385 23477
