1648630011202 2.72388521194458 50
1648630025084 1.1966698920726777 100
1648630038927 0.7760772162675857 150
1648630052073 0.8762919086217881 200
1648630065681 0.9127591133117676 250
1648630079202 0.837931152433157 300
1648630093096 0.9141771978139878 350
1648630106598 0.8015001544356346 400
1648630120402 0.758153418302536 450
1648630134013 0.8458444941043853 500
1648630147690 0.7958506977558136 550
1648630160960 0.8670003080368042 600
1648630174255 0.7783191454410553 650
1648630187736 0.8958245414495468 700
1648630201768 0.8644951936602593 750
1648630214634 0.9029106578230858 800
1648630227774 0.981448318362236 850
1648630241475 1.0647660380601882 900
1648630254785 0.9249353629350662 950
1648630267976 0.8597488662600518 1000
1648630281339 0.9520483830571175 1050
1648630294473 1.0089656794071198 1100
1648630307709 0.9159179237484932 1150
1648630321549 0.9520464313030242 1200
1648630335223 0.9129235255718231 1250
1648630348699 1.0738735204935075 1300
1648630362008 0.8806237229704856 1350
1648630375496 0.8725271281599999 1400
1648630388331 0.8760922366380691 1450
1648630401763 0.9464597862958908 1500
1648630415131 1.013945800960064 1550
1648630428014 0.8074073827266693 1600
1648630441543 1.0444429838657379 1650
1648630455175 0.9223776841163636 1700
1648630468550 0.9063283887505531 1750
1648630481874 0.9585241755843162 1800
1648630495073 0.8468276625871658 1850
1648630508244 0.9759798371791839 1900
1648630521543 0.8333411121368408 1950
1648630609550 0.8807055282592774 2007
1648630622753 0.8938275235891342 2057
1648630636043 0.7830852147936821 2107
1648630649467 0.7701778388023377 2157
1648630662660 0.9216820538043976 2207
1648630676020 0.9303736411035061 2257
1648630689356 0.8738439656794071 2307
1648630703005 0.9555952644348145 2357
1648630716091 0.9046578180789947 2407
1648630729214 1.0208617499470711 2457
1648630742855 0.9182499390840531 2507
1648630756778 0.9100435838103295 2557
1648630769941 0.9476594260334968 2607
1648630783486 0.9815704563260078 2657
1648630797200 0.8360375252366066 2707
1648630810663 0.8350129237771035 2757
1648630823848 0.9013905680179596 2807
1648630837357 0.9184754753112793 2857
1648630850918 0.8930354565382004 2907
1648630863737 0.8564480498433114 2957
1648630876892 0.7104011869430542 3007
1648630890298 0.8804955217242241 3057
1648630903481 0.829629582464695 3107
1648630917026 0.8910555428266526 3157
1648630930028 0.8877581524848938 3207
1648630943666 0.9227354580163956 3257
1648630956908 0.9598303616046906 3307
1648630970167 0.9319536817073822 3357
1648630983353 0.8982563444972038 3407
1648630996444 0.9805140373110771 3457
1648631009737 0.8399201831221581 3507
1648631023139 0.7637434881925583 3557
1648631036750 0.8298432132601739 3607
1648631050200 0.8999784365296364 3657
1648631063831 0.6974577090144157 3707
1648631076947 0.627751592695713 3757
1648631090273 0.9077769249677659 3807
1648631104073 0.9860946443676949 3857
1648631117432 0.7262108337879181 3907
1648631203134 0.8954358285665512 3964
1648631216442 0.830632087290287 4014
1648631230117 0.7987548322975635 4064
1648631243570 0.7340976583957672 4114
1648631257000 0.7217007334530353 4164
1648631270178 0.7613092875480652 4214
1648631283772 0.896175288259983 4264
1648631297330 0.8192333069443702 4314
1648631310845 0.8515935634076596 4364
1648631324355 0.9352171635627746 4414
1648631337613 0.674201258122921 4464
1648631350719 0.8370192158222198 4514
1648631364343 0.7856433215737343 4564
1648631377769 0.7392437268793582 4614
1648631391542 0.8119376528263093 4664
1648631405254 0.8340999007225036 4714
1648631418556 0.7620416915416718 4764
1648631432106 0.8144826877117157 4814
1648631445276 0.6812554433941841 4864
1648631458664 0.9109831929206849 4914
1648631472478 0.8625261515378952 4964
1648631485551 0.7541160228848457 5014
1648631498907 0.766610530614853 5064
1648631512429 1.0159468749165534 5114
1648631525517 0.7849400535225868 5164
1648631538789 0.8134178495407105 5214
1648631552021 0.7329300558567047 5264
1648631565232 0.9155436563491821 5314
1648631578602 0.8263558153808117 5364
1648631592088 0.7747883182764054 5414
1648631605507 0.8967497605085373 5464
1648631618880 0.8978958639502526 5514
1648631632520 0.8989646153151989 5564
1648631645707 0.8179592198133468 5614
1648631659104 0.9351410338282585 5664
1648631672103 0.7992794343829155 5714
1648631685461 0.7404188044369221 5764
1648631698472 0.730327398777008 5814
1648631712076 0.6809872749447823 5864
1648631797871 0.8520065712928772 5921
1648631811658 0.7145367273688317 5971
1648631825068 0.7739924922585487 6021
1648631838111 0.7314368958771229 6071
1648631851659 0.7283274482190609 6121
1648631864855 0.6683063560724258 6171
1648631877991 0.703612941801548 6221
1648631891201 0.7058384358882904 6271
1648631904878 0.9157099071145057 6321
1648631918066 0.6940886467695236 6371
1648631931266 0.7112583264708519 6421
1648631944462 0.7277455461025238 6471
1648631957894 0.7720068891346454 6521
1648631971136 0.7147319300472736 6571
1648631984583 0.8063162617385388 6621
1648631997596 0.769956162571907 6671
1648632010673 0.8151109090447426 6721
1648632023866 0.7721780939400196 6771
1648632037245 0.7849469225108624 6821
1648632050428 0.7317540737986564 6871
1648632063997 0.7439985650777817 6921
1648632077107 0.7843744994699955 6971
1648632090480 0.9311259016394615 7021
1648632103412 0.6698326271027326 7071
1648632116444 0.7158000345528126 7121
1648632129738 0.7670296885073185 7171
1648632143436 0.7370207293331623 7221
1648632157070 0.837580515742302 7271
1648632170206 0.7307912299036979 7321
1648632183642 0.6323973144590854 7371
1648632196812 0.7777151560783386 7421
1648632209982 0.799351891875267 7471
1648632223325 0.8995853751897812 7521
1648632237641 0.6866074320673943 7571
1648632251195 0.7804019927978516 7621
1648632264564 0.7381891849637031 7671
1648632278019 0.8168289262056351 7721
1648632291457 0.8119455741345882 7771
1648632305436 0.712595576941967 7821
1648632391554 0.6692869284749031 7878
1648632404777 0.7421534065902233 7928
1648632418151 0.7614412213861942 7978
1648632431221 0.6466922569274902 8028
1648632444308 0.6705908559262752 8078
1648632457595 0.6570477786660195 8128
1648632470967 0.7792502937465906 8178
1648632484154 0.6350617250800132 8228
1648632497810 0.6290937985479832 8278
1648632511219 0.6848816879093647 8328
1648632524961 0.735476410984993 8378
1648632538214 0.7480025088787079 8428
1648632551329 0.7096572867035866 8478
1648632564606 0.8679841366410256 8528
1648632577934 0.6907478682696819 8578
1648632591217 0.7841284981369973 8628
1648632604860 0.783455650806427 8678
1648632618169 0.7648340255022049 8728
1648632631480 0.7744788390398025 8778
1648632644757 0.6048389738798141 8828
1648632657998 0.6441335073113441 8878
1648632670965 0.701403692662716 8928
1648632684539 0.8324546836316585 8978
1648632698237 0.8015141439437866 9028
1648632711922 0.78855733782053 9078
1648632725214 0.6821535889804363 9128
1648632738200 0.7359618736803532 9178
1648632752087 0.7530853755772113 9228
1648632765484 0.7257477144896984 9278
1648632778955 0.626869765818119 9328
1648632792206 0.660877178311348 9378
1648632805986 0.7138848105072975 9428
1648632819088 0.7254632580280304 9478
1648632833078 0.6597293448448182 9528
1648632846785 0.7524876281619072 9578
1648632859749 0.7391656324267387 9628
1648632872828 0.7902820521593094 9678
1648632885958 0.6388539904356003 9728
1648632898814 0.6273703569173813 9778
1648632984209 0.5401988990604878 9835
1648632997591 0.6884062634408474 9885
1648633010471 0.7035021577775479 9935
1648633023332 0.6779968024790287 9985
1648633036825 0.5556053923070431 10035
1648633049897 0.7617297661304474 10085
1648633062916 0.6308085474371911 10135
1648633075914 0.5338788939267397 10185
1648633089110 0.6483448475971818 10235
1648633102020 0.7384925310313701 10285
1648633115319 0.6414258761703968 10335
1648633128262 0.7355499489605427 10385
1648633141280 0.6027766595780849 10435
1648633154017 0.5848394231498242 10485
1648633167019 0.7183200788497924 10535
1648633180150 0.763605359196663 10585
1648633192955 0.6220376500487328 10635
1648633205957 0.7664096483588219 10685
1648633219104 0.6976112841814757 10735
1648633231813 0.7087946283817291 10785
1648633244687 0.7305000610649586 10835
1648633257755 0.6973774072527885 10885
1648633270862 0.6638243062794209 10935
1648633283923 0.5706869065016508 10985
1648633297057 0.6583745673298835 11035
1648633310503 0.5669092364609242 11085
1648633323303 0.727207961678505 11135
1648633336345 0.7200870330631733 11185
1648633349361 0.6489102585613727 11235
1648633363035 0.7924927267432212 11285
1648633376598 0.6577315200865269 11335
1648633390147 0.6852258813381195 11385
1648633403625 0.8233997602760792 11435
1648633417041 0.6692145371437073 11485
1648633430284 0.6657037670910358 11535
1648633443316 0.706057974845171 11585
1648633456244 0.7903109246492386 11635
1648633469116 0.7474981287121772 11685
1648633482229 0.713296675235033 11735
1648633567536 0.5728161327540875 11792
1648633580563 0.6021453642845154 11842
1648633593243 0.6031675602495671 11892
1648633606362 0.631171052530408 11942
1648633619072 0.4726804755628109 11992
1648633632215 0.7028392393887043 12042
1648633645597 0.6557525657117367 12092
1648633658330 0.6019388285279273 12142
1648633671324 0.6844948345422744 12192
1648633684281 0.7015854187309742 12242
1648633697127 0.7500838663429021 12292
1648633710248 0.5355028992891312 12342
1648633723120 0.7030101346969605 12392
1648633736042 0.7018179155886173 12442
1648633749111 0.5703924730420112 12492
1648633761767 0.6136192140728235 12542
1648633774627 0.526240381449461 12592
1648633787444 0.6088349129259586 12642
1648633800387 0.6296133840084076 12692
1648633813357 0.5542805264145136 12742
1648633826322 0.5804971327632665 12792
1648633839359 0.674820373505354 12842
1648633852249 0.7213423369824886 12892
1648633865350 0.6212312312424183 12942
1648633878327 0.5996808458864689 12992
1648633891138 0.6872237665951252 13042
1648633904166 0.6690430772304535 13092
1648633917647 0.6777806104719639 13142
1648633930866 0.7161487908661366 13192
1648633943688 0.6257792448997498 13242
1648633956655 0.6616066437959671 13292
1648633969254 0.6792757917940616 13342
1648633982361 0.7085558718442917 13392
1648633995694 0.684437125325203 13442
1648634008813 0.7808237437903881 13492
1648634022107 0.5223100455105305 13542
1648634035240 0.5596873966604471 13592
1648634048200 0.7444567652046681 13642
1648634061509 0.6206322722882033 13692
1648634145552 0.5730802501738071 13749
1648634158706 0.7026403349637985 13799
1648634171598 0.6832553949207067 13849
1648634184320 0.5633606963604688 13899
1648634197276 0.6732182912528515 13949
1648634210052 0.4830292834341526 13999
1648634223285 0.633827264457941 14049
1648634236371 0.6056945751607418 14099
1648634249403 0.5516862803697586 14149
1648634262744 0.630391912162304 14199
1648634275685 0.54552420809865 14249
1648634288509 0.5339938609302044 14299
1648634301517 0.5427127864956856 14349
1648634314561 0.6149637474119664 14399
1648634327564 0.6574332611262799 14449
1648634340224 0.5318988788872957 14499
1648634353199 0.599821254312992 14549
1648634366284 0.6605533356964588 14599
1648634379393 0.713998848348856 14649
1648634392266 0.6361339145898819 14699
1648634405346 0.6480948613584041 14749
1648634418439 0.5972514906525612 14799
1648634431127 0.5457035854458809 14849
1648634444329 0.573717538639903 14899
1648634457541 0.570851743966341 14949
1648634470595 0.594981094300747 14999
1648634483475 0.6000870491564274 15049
1648634496413 0.6511668845266104 15099
1648634509408 0.6030134032666683 15149
1648634523070 0.6649694809317589 15199
1648634536024 0.6874106174707413 15249
1648634549269 0.5661816795170307 15299
1648634562090 0.6686373326182365 15349
1648634575471 0.5786192272603512 15399
1648634588845 0.6778061615675688 15449
1648634602143 0.5429810200631618 15499
1648634614913 0.6799615517258644 15549
1648634627776 0.6274390000104905 15599
1648634640609 0.5560370428860187 15649
1648634725452 0.632210790142417 15706
1648634738506 0.5436108429729939 15756
1648634751575 0.41637389779090883 15806
1648634764663 0.49594091340899465 15856
1648634777599 0.5171032500267029 15906
1648634790412 0.5129119900614023 15956
1648634803316 0.6110266795381903 16006
1648634816150 0.5415729058533907 16056
1648634829516 0.5529713990539312 16106
1648634842327 0.5683816507458687 16156
1648634855087 0.46733113676309584 16206
1648634868029 0.4730348360538483 16256
1648634881181 0.49023418582975864 16306
1648634894259 0.49623001664876937 16356
1648634907684 0.5180361707508564 16406
1648634920796 0.4814062862098217 16456
1648634933722 0.5105260653048753 16506
1648634946942 0.5287648659944534 16556
1648634959965 0.5103690751641988 16606
1648634972812 0.45842233911156655 16656
1648634985934 0.46640879787504674 16706
1648634998705 0.537260259091854 16756
1648635011660 0.4958852255344391 16806
1648635024989 0.41363398514688016 16856
1648635038195 0.5580258956551551 16906
1648635051457 0.4493628603965044 16956
1648635064573 0.44841138273477554 17006
1648635077853 0.541282763183117 17056
1648635090560 0.41764514118433 17106
1648635103437 0.40330543473362923 17156
1648635116463 0.49005093455314636 17206
1648635129785 0.5620370662212372 17256
1648635142798 0.4188014280050993 17306
1648635156046 0.4786716905236244 17356
1648635169030 0.4420008174329996 17406
1648635182405 0.45078576609492305 17456
1648635195564 0.45067188519984486 17506
1648635208781 0.4447441428899765 17556
1648635222343 0.5681909935921431 17606
1648635305177 0.4185965145379305 17663
1648635317996 0.4563721176236868 17713
1648635331123 0.4443771419674158 17763
1648635344259 0.4903356611728668 17813
1648635357125 0.4049133817479014 17863
1648635370033 0.4629264853149653 17913
1648635382877 0.43138378374278546 17963
1648635395504 0.4458046895638108 18013
1648635408179 0.3674273793399334 18063
1648635421042 0.4417428480088711 18113
1648635433935 0.5433109982311726 18163
1648635446961 0.41231553502380847 18213
1648635459925 0.5298600536584854 18263
1648635473033 0.5551246996223926 18313
1648635485851 0.3986825492233038 18363
1648635498966 0.4272779654711485 18413
1648635512119 0.5199009763821959 18463
1648635525064 0.5236424697935581 18513
1648635537730 0.49639047592878344 18563
1648635550777 0.45385196469724176 18613
1648635564056 0.46441032864153386 18663
1648635577189 0.4584657521173358 18713
1648635590261 0.4628526364266872 18763
1648635603428 0.4384081006795168 18813
1648635616155 0.457395805940032 18863
1648635628940 0.3465631238371134 18913
1648635641877 0.42728867653757335 18963
1648635654697 0.4672016802802682 19013
1648635667929 0.5345659755170346 19063
1648635680850 0.37103512704372404 19113
1648635693773 0.4399595720693469 19163
1648635706694 0.4280023619532585 19213
1648635719647 0.5063924089446664 19263
1648635732633 0.4545980080217123 19313
1648635745800 0.4284697815403342 19363
1648635758566 0.48152122367173433 19413
1648635771576 0.39689992893487214 19463
1648635784305 0.4397784799337387 19513
1648635797306 0.383314368724823 19563
1648635880201 0.49358874205499886 19620
1648635893398 0.3948731785267591 19670
1648635906279 0.46953195191919805 19720
1648635918957 0.3980559127405286 19770
1648635931832 0.4073487775027752 19820
1648635944714 0.504569193162024 19870
1648635957794 0.3600896171480417 19920
1648635970858 0.40365568540990354 19970
1648635983776 0.5266079461574554 20020
1648635996533 0.5275958373770118 20070
1648636009260 0.37493263974785807 20120
1648636023007 0.4376892771571875 20170
1648636036279 0.3660943402349949 20220
1648636050043 0.41597649224102495 20270
1648636063058 0.38795835252851246 20320
1648636076454 0.3216870231553912 20370
1648636090064 0.5712036999315023 20420
1648636103283 0.5232249509170651 20470
1648636116373 0.43399039693176744 20520
1648636129066 0.45139895245432854 20570
1648636142312 0.4043866327032447 20620
1648636155418 0.476662967428565 20670
1648636168755 0.49527967400848866 20720
1648636181690 0.4313817722722888 20770
1648636194656 0.3343419500812888 20820
1648636207795 0.4612088177725673 20870
1648636220775 0.40415168832987547 20920
1648636234015 0.4275431664660573 20970
1648636246755 0.3816148319095373 21020
1648636259633 0.3591492673754692 21070
1648636272728 0.44466384895145894 21120
1648636285789 0.39704854488372804 21170
1648636298857 0.4599851017445326 21220
1648636311685 0.4561301159858704 21270
1648636324883 0.36908457543700934 21320
1648636337940 0.3311745697259903 21370
1648636350755 0.4974522416293621 21420
1648636363445 0.4373541244864464 21470
1648636376412 0.442972005084157 21520
1648636461047 0.426114289984107 21577
1648636474008 0.41802324712276456 21627
1648636487148 0.3834196527302265 21677
1648636500272 0.3432627649977803 21727
1648636513123 0.41894961170852185 21777
1648636526077 0.3559577722847462 21827
1648636539265 0.3690272057056427 21877
1648636552216 0.47496080454438927 21927
1648636565564 0.4592675365135074 21977
1648636578696 0.3526319143176079 22027
1648636591531 0.4796893036365509 22077
1648636604615 0.37195792913436887 22127
1648636617755 0.6211677664518356 22177
1648636630357 0.3158502535149455 22227
1648636643152 0.3454663382284343 22277
1648636656089 0.35507077872753146 22327
1648636668975 0.42842959992587565 22377
1648636682414 0.38039011765271424 22427
1648636695570 0.3637180481851101 22477
1648636708518 0.3809061202406883 22527
1648636721447 0.4281958272308111 22577
1648636734262 0.46215363070368765 22627
1648636747334 0.37212518136948347 22677
1648636760283 0.43532170832157135 22727
1648636773180 0.42215041115880014 22777
1648636786378 0.44286999214440587 22827
1648636799324 0.29789398789405824 22877
1648636812797 0.4340701387822628 22927
1648636826377 0.37807604774832726 22977
1648636840960 0.4577303998172283 23027
1648636854268 0.42793831378221514 23077
1648636867610 0.3901551804691553 23127
1648636880386 0.4444599293917417 23177
1648636892998 0.4376290437579155 23227
1648636905818 0.329687382876873 23277
1648636918980 0.32733511831611395 23327
1648636932016 0.5114871168509125 23377
1648636944999 0.49563508555293084 23427
1648636957947 0.40323464639484885 23477
