1649140805229 0.12096895731985569 50
1649140829873 0.12251303229480982 100
1649140854348 0.10390669293701649 150
1649140879081 0.11562511187046766 200
1649140903674 0.10599386394023895 250
1649140928771 0.10183298863470554 300
1649140953712 0.11480735976248979 350
1649140978327 0.12031681470572948 400
1649141003111 0.11006950184702874 450
1649141028045 0.12307189851999283 500
1649141052897 0.11433809243142605 550
1649141077833 0.10968998342752456 600
1649141102604 0.11085518792271615 650
1649141127707 0.10561957079917192 700
1649141152856 0.0963919329084456 750
1649141177592 0.1088385920971632 800
1649141202224 0.10297679368406534 850
1649141226895 0.11592763502150774 900
1649141251948 0.10140171233564615 950
1649141277260 0.10864493388682604 1000
1649141301908 0.10746260236948729 1050
1649141326723 0.10768175907433034 1100
1649141351831 0.09807750001549721 1150
1649141376408 0.10307886280119419 1200
1649141401713 0.09617260798811912 1250
1649141426602 0.10517481129616499 1300
1649141451731 0.0876308411359787 1350
1649141476466 0.09718037780374289 1400
1649141501481 0.08597428876906633 1450
1649141526812 0.09028662871569396 1500
1649141552369 0.08882676731795072 1550
1649141577402 0.09644825769588351 1600
1649141602237 0.08236689925193787 1650
1649141627234 0.10142710849642754 1700
1649141652366 0.0845634227618575 1750
1649141677426 0.09408397922292351 1800
1649141702475 0.09719777323305606 1850
1649141727677 0.09039391562342644 1900
1649141752695 0.09247397307306528 1950
1649141867464 0.08214164413511753 2003
1649141892309 0.09616420537233353 2053
1649141917249 0.08683385241776705 2103
1649141942378 0.0772452300414443 2153
1649141967878 0.07343808133155108 2203
1649141992874 0.08680881917476654 2253
1649142018698 0.0901282848790288 2303
1649142043796 0.09460298892110586 2353
1649142069212 0.08335155569016933 2403
1649142094363 0.09135465480387212 2453
1649142119768 0.07436844106763602 2503
1649142144883 0.07805641051381826 2553
1649142169826 0.08827881205826998 2603
1649142194774 0.08108721524477006 2653
1649142220361 0.08270801950246096 2703
1649142245689 0.07866830768063665 2753
1649142271035 0.08816900126636028 2803
1649142296157 0.08635696552693845 2853
1649142321406 0.07948989288881421 2903
1649142346447 0.0711302376165986 2953
1649142371735 0.08249743897467851 3003
1649142396744 0.08181165210902691 3053
1649142421950 0.0865668996050954 3103
1649142447428 0.091210031285882 3153
1649142472333 0.09113127522170544 3203
1649142497351 0.08178408361971379 3253
1649142523183 0.08872497372329236 3303
1649142548481 0.07675960335880518 3353
1649142573289 0.07857799049466849 3403
1649142598892 0.08627271734178066 3453
1649142623765 0.07470873586833476 3503
1649142649337 0.08332567948848009 3553
1649142674193 0.07930355299264193 3603
1649142699357 0.07480322601273656 3653
1649142724245 0.08036269931122661 3703
1649142749265 0.08825110729783774 3753
1649142774307 0.08375983607023954 3803
1649142799922 0.08691198983229696 3853
1649142825908 0.08160824676044286 3903
1649142939778 0.06954417455941439 3956
