1649140805229 3.4826477766036987 50
1649140829873 0.9843967831134797 100
1649140854348 0.6913005292415619 150
1649140879081 0.65683438539505 200
1649140903674 0.5798017081618309 250
1649140928771 0.5431279760599136 300
1649140953712 0.5616364124417305 350
1649140978327 0.5677584770321846 400
1649141003111 0.4723725387454033 450
1649141028045 0.5890258952975274 500
1649141052897 0.5766348789632321 550
1649141077833 0.5898126295208931 600
1649141102604 0.5679271697998047 650
1649141127707 0.5816680374741554 700
1649141152856 0.4997645711898804 750
1649141177592 0.6552859711647033 800
1649141202224 0.5793796272575855 850
1649141226895 0.6991085052490235 900
1649141251948 0.6159109050035476 950
1649141277260 0.6605316138267517 1000
1649141301908 0.6951201283931732 1050
1649141326723 0.6570079135894775 1100
1649141351831 0.6684513536095619 1150
1649141376408 0.687900328040123 1200
1649141401713 0.6330240577459335 1250
1649141426602 0.7120035567879677 1300
1649141451731 0.592408057153225 1350
1649141476466 0.5866813665628433 1400
1649141501481 0.5785122820734978 1450
1649141526812 0.5967386993765831 1500
1649141552369 0.5785544401407242 1550
1649141577402 0.6475157761573791 1600
1649141602237 0.559834506213665 1650
1649141627234 0.7292320296168328 1700
1649141652366 0.6553138145804405 1750
1649141677426 0.5905907961726189 1800
1649141702475 0.7065202990174293 1850
1649141727677 0.6448946444690228 1900
1649141752695 0.6299807468056678 1950
1649141867464 0.5673411604762078 2003
1649141892309 0.6820062556862831 2053
1649141917249 0.6071250648796558 2103
1649141942378 0.5373542430996895 2153
1649141967878 0.5637643648684025 2203
1649141992874 0.6235526016354561 2253
1649142018698 0.7043206726014614 2303
1649142043796 0.5593908904492855 2353
1649142069212 0.5744127231836319 2403
1649142094363 0.6517374700307846 2453
1649142119768 0.5396439093351364 2503
1649142144883 0.6395844905078412 2553
1649142169826 0.6719043111801147 2603
1649142194774 0.5627634681761264 2653
1649142220361 0.6838049751520157 2703
1649142245689 0.5508263020217419 2753
1649142271035 0.6253641533851624 2803
1649142296157 0.6499854619801044 2853
1649142321406 0.5240987525880336 2903
1649142346447 0.48578552350401877 2953
1649142371735 0.6585064294934273 3003
1649142396744 0.6146185331046581 3053
1649142421950 0.621743399053812 3103
1649142447428 0.7064552679657936 3153
1649142472333 0.6136946699023247 3203
1649142497351 0.6078738123178482 3253
1649142523183 0.6633779881894588 3303
1649142548481 0.5134405755996704 3353
1649142573289 0.5432005706429481 3403
1649142598892 0.6206634810566902 3453
1649142623765 0.49952657490968705 3503
1649142649337 0.6331220576167107 3553
1649142674193 0.5438020898401738 3603
1649142699357 0.5639661359786987 3653
1649142724245 0.6375250770151615 3703
1649142749265 0.5991031254827976 3753
1649142774307 0.5905832748115063 3803
1649142799922 0.586760486215353 3853
1649142825908 0.5774951289594173 3903
1649142939778 0.49141676649451255 3956
