1649140805229 0.6768668985366821 50
1649140829873 0.5301300436258316 100
1649140854348 0.315448057949543 150
1649140879081 0.2221421854197979 200
1649140903674 0.17201551139354707 250
1649140928771 0.14859394505620002 300
1649140953712 0.1296656945347786 350
1649140978327 0.10512205135077238 400
1649141003111 0.08557544937357306 450
1649141028045 0.11256417840719223 500
1649141052897 0.09248463587835432 550
1649141077833 0.09007920265197754 600
1649141102604 0.09190822772681713 650
1649141127707 0.09831066887825728 700
1649141152856 0.08331405643373728 750
1649141177592 0.09915558237582445 800
1649141202224 0.08545556096360088 850
1649141226895 0.08567585289478302 900
1649141251948 0.08643693208694458 950
1649141277260 0.08446285458281637 1000
1649141301908 0.0887370689585805 1050
1649141326723 0.08698479525744915 1100
1649141351831 0.10081725649535656 1150
1649141376408 0.10206771727651358 1200
1649141401713 0.0831457083299756 1250
1649141426602 0.08587284268811345 1300
1649141451731 0.06692574946209788 1350
1649141476466 0.07408185107633472 1400
1649141501481 0.0679439249727875 1450
1649141526812 0.07815425623208284 1500
1649141552369 0.06332672169432044 1550
1649141577402 0.07155286569148302 1600
1649141602237 0.06617988066747785 1650
1649141627234 0.10710930807515978 1700
1649141652366 0.07823995737358928 1750
1649141677426 0.07529768202453851 1800
1649141702475 0.09179756723344326 1850
1649141727677 0.08236000917851925 1900
1649141752695 0.08198772124946117 1950
1649141867464 0.05916219150647521 2003
1649141892309 0.06553615799173712 2053
1649141917249 0.06598040851764381 2103
1649141942378 0.07513226855546236 2153
1649141967878 0.05729065777733922 2203
1649141992874 0.07258246167562903 2253
1649142018698 0.0803120319917798 2303
1649142043796 0.0695126125216484 2353
1649142069212 0.07272255036979913 2403
1649142094363 0.05784356452524662 2453
1649142119768 0.06115295808762312 2503
1649142144883 0.07716012795455754 2553
1649142169826 0.07868808683007955 2603
1649142194774 0.07770042301155627 2653
1649142220361 0.07427503123879432 2703
1649142245689 0.06954373536631465 2753
1649142271035 0.0646491752192378 2803
1649142296157 0.07056214762851595 2853
1649142321406 0.04965051271952689 2903
1649142346447 0.05523336092010141 2953
1649142371735 0.05769951233640313 3003
1649142396744 0.05839047620072961 3053
1649142421950 0.07606118272989988 3103
1649142447428 0.09339740235358476 3153
1649142472333 0.07451355447992683 3203
1649142497351 0.05576070034876466 3253
1649142523183 0.06482668139971792 3303
1649142548481 0.05604705915786326 3353
1649142573289 0.06276896549388766 3403
1649142598892 0.0591964001301676 3453
1649142623765 0.04976665152236819 3503
1649142649337 0.06073438387364149 3553
1649142674193 0.06008101606741548 3603
1649142699357 0.06094208554364741 3653
1649142724245 0.06022971005178988 3703
1649142749265 0.06199992224574089 3753
1649142774307 0.05767903624102473 3803
1649142799922 0.06251517789438367 3853
1649142825908 0.06624368764460087 3903
1649142939778 0.04758239176124334 3956
