1649233142428 4.995100000000008e-06 50
1649233187624 9.990100000000003e-06 100
1649233232868 1.4985100000000007e-05 150
1649233277944 1.9980100000000012e-05 200
1649233323078 2.4975099999999994e-05 250
1649233368508 2.997009999999999e-05 300
1649233413487 3.4965099999999995e-05 350
1649233458720 3.99601e-05 400
1649233503580 4.4955100000000006e-05 450
1649233548321 4.99501e-05 500
1649233593472 5.4945100000000004e-05 550
1649233638788 5.99401e-05 600
1649233683877 6.493510000000001e-05 650
1649233717257 6.99301e-05 700
1649233742285 7.49251e-05 750
1649233767558 7.992010000000001e-05 800
1649233792769 8.49151e-05 850
1649233818018 8.99101e-05 900
1649233843531 9.490510000000001e-05 950
1649233868549 9.990010000000001e-05 1000
1649233893630 0.0001 1050
1649233919011 0.0001 1100
1649233943926 0.0001 1150
1649233969168 0.0001 1200
1649233994461 0.0001 1250
1649234019746 0.0001 1300
1649234044747 0.0001 1350
1649234069892 0.0001 1400
1649234094819 0.0001 1450
1649234120190 0.0001 1500
1649234145567 0.0001 1550
1649234171257 0.0001 1600
1649234196237 0.0001 1650
1649234221349 0.0001 1700
1649234246509 0.0001 1750
1649234271773 0.0001 1800
1649234296616 0.0001 1850
1649234322118 0.0001 1900
1649234347332 0.0001 1950
1649234443073 0.0001 1952
1649234470526 0.0001 2001
1649234496032 0.0001 2051
1649234521189 0.0001 2101
1649234546428 0.0001 2151
1649234571525 0.0001 2201
1649234596289 0.0001 2251
1649234620928 0.0001 2301
1649234646867 0.0001 2351
1649234672174 0.0001 2401
1649234697018 0.0001 2451
1649234721779 0.0001 2501
1649234747056 0.0001 2551
1649234772297 0.0001 2601
1649234797648 0.0001 2651
1649234822707 0.0001 2701
1649234847696 0.0001 2751
1649234872783 0.0001 2801
1649234897788 0.0001 2851
1649234922847 0.0001 2901
1649234947738 0.0001 2951
1649234972788 0.0001 3001
1649234998217 0.0001 3051
1649235023249 0.0001 3101
1649235048229 0.0001 3151
1649235073432 0.0001 3201
1649235098927 0.0001 3251
1649235123669 0.0001 3301
1649235148689 0.0001 3351
1649235173446 0.0001 3401
1649235198649 0.0001 3451
1649235223948 0.0001 3501
1649235249176 0.0001 3551
1649235274220 0.0001 3601
1649235299328 0.0001 3651
1649235324066 0.0001 3701
1649235349296 0.0001 3751
1649235374361 0.0001 3801
1649235399324 0.0001 3851
1649235424504 0.0001 3901
1649235519553 0.0001 3903
1649235546939 0.0001 3952
1649235572189 0.0001 4002
1649235597232 0.0001 4052
1649235622159 0.0001 4102
1649235647331 0.0001 4152
1649235672488 0.0001 4202
1649235697591 0.0001 4252
1649235722950 0.0001 4302
1649235748390 0.0001 4352
1649235773080 0.0001 4402
1649235797890 0.0001 4452
1649235822789 0.0001 4502
1649235848199 0.0001 4552
1649235873577 0.0001 4602
1649235898972 0.0001 4652
1649235923759 0.0001 4702
1649235948712 0.0001 4752
1649235973703 0.0001 4802
1649235999064 0.0001 4852
1649236024273 0.0001 4902
1649236049271 0.0001 4952
1649236074611 0.0001 5002
1649236100120 0.0001 5052
1649236125012 0.0001 5102
1649236149711 0.0001 5152
1649236174723 0.0001 5202
1649236199967 0.0001 5252
1649236225130 0.0001 5302
1649236249925 0.0001 5352
1649236275440 0.0001 5402
1649236300440 0.0001 5452
1649236325405 0.0001 5502
1649236350117 0.0001 5552
1649236374929 0.0001 5602
1649236399839 0.0001 5652
1649236424939 0.0001 5702
1649236450340 0.0001 5752
1649236475296 0.0001 5802
1649236500379 0.0001 5852
1649236596141 0.0001 5854
1649236623702 0.0001 5903
1649236648843 0.0001 5953
1649236674009 0.0001 6003
1649236698652 0.0001 6053
1649236723649 0.0001 6103
1649236748656 0.0001 6153
1649236773732 0.0001 6203
1649236799048 0.0001 6253
1649236824465 0.0001 6303
1649236849689 0.0001 6353
1649236874493 0.0001 6403
1649236899904 0.0001 6453
1649236925007 0.0001 6503
1649236951194 0.0001 6553
1649236976273 0.0001 6603
1649237001235 0.0001 6653
1649237026634 0.0001 6703
1649237051537 0.0001 6753
1649237076319 0.0001 6803
1649237101390 0.0001 6853
1649237126309 0.0001 6903
1649237151517 0.0001 6953
1649237176417 0.0001 7003
1649237201493 0.0001 7053
1649237226437 0.0001 7103
1649237251788 0.0001 7153
1649237276809 0.0001 7203
1649237302018 0.0001 7253
1649237327093 0.0001 7303
1649237351950 0.0001 7353
1649237377285 0.0001 7403
1649237402795 0.0001 7453
1649237427909 0.0001 7503
1649237453079 0.0001 7553
1649237478210 0.0001 7603
1649237503231 0.0001 7653
1649237528798 0.0001 7703
1649237553303 0.0001 7753
1649237578144 0.0001 7803
1649237672941 0.0001 7805
1649237700293 0.0001 7854
1649237725484 0.0001 7904
1649237750226 0.0001 7954
1649237775327 0.0001 8004
1649237800348 0.0001 8054
1649237825207 0.0001 8104
1649237850288 0.0001 8154
1649237875582 0.0001 8204
1649237900810 0.0001 8254
1649237926078 0.0001 8304
1649237951155 0.0001 8354
1649237976537 0.0001 8404
1649238001560 0.0001 8454
1649238027000 0.0001 8504
1649238052184 0.0001 8554
1649238076989 0.0001 8604
1649238102322 0.0001 8654
1649238127292 0.0001 8704
1649238152194 0.0001 8754
1649238176931 0.0001 8804
1649238201675 0.0001 8854
1649238226768 0.0001 8904
1649238251785 0.0001 8954
1649238276573 0.0001 9004
1649238301225 0.0001 9054
1649238326199 0.0001 9104
1649238351430 0.0001 9154
1649238376944 0.0001 9204
1649238402248 0.0001 9254
1649238427309 0.0001 9304
1649238452313 0.0001 9354
1649238477585 0.0001 9404
1649238502617 0.0001 9454
1649238527542 0.0001 9504
1649238552299 0.0001 9554
1649238577216 0.0001 9604
1649238602183 0.0001 9654
1649238627613 0.0001 9704
1649238652823 0.0001 9754
1649238748873 0.0001 9756
1649238776268 0.0001 9805
1649238801466 0.0001 9855
1649238826340 0.0001 9905
1649238851161 0.0001 9955
1649238876260 0.0001 10005
1649238901376 0.0001 10055
1649238926657 0.0001 10105
1649238952028 0.0001 10155
1649238977287 0.0001 10205
1649239002103 0.0001 10255
1649239027300 0.0001 10305
1649239052768 0.0001 10355
1649239078332 0.0001 10405
1649239103657 0.0001 10455
1649239128863 0.0001 10505
1649239153872 0.0001 10555
1649239178766 0.0001 10605
1649239203681 0.0001 10655
1649239228902 0.0001 10705
1649239254852 0.0001 10755
1649239280255 0.0001 10805
1649239305801 0.0001 10855
1649239330778 0.0001 10905
1649239355943 0.0001 10955
1649239381542 0.0001 11005
1649239406290 0.0001 11055
1649239431744 0.0001 11105
1649239457249 0.0001 11155
1649239482280 0.0001 11205
1649239507210 0.0001 11255
1649239532360 0.0001 11305
1649239557664 0.0001 11355
1649239582840 0.0001 11405
1649239608223 0.0001 11455
1649239633860 0.0001 11505
1649239659743 0.0001 11555
1649239684989 0.0001 11605
1649239710762 0.0001 11655
1649239735796 0.0001 11705
1649239830802 0.0001 11707
1649239857801 0.0001 11756
1649239882693 0.0001 11806
1649239907698 0.0001 11856
1649239932767 0.0001 11906
1649239958264 0.0001 11956
1649239983200 0.0001 12006
1649240008770 0.0001 12056
1649240033823 0.0001 12106
1649240059450 0.0001 12156
1649240084622 0.0001 12206
1649240110018 0.0001 12256
1649240135536 0.0001 12306
1649240160898 0.0001 12356
1649240185685 0.0001 12406
1649240210735 0.0001 12456
1649240235687 0.0001 12506
1649240260794 0.0001 12556
1649240285625 0.0001 12606
1649240310451 0.0001 12656
1649240335729 0.0001 12706
1649240360915 0.0001 12756
1649240385776 0.0001 12806
1649240410699 0.0001 12856
1649240435787 0.0001 12906
1649240460937 0.0001 12956
1649240485778 0.0001 13006
1649240510775 0.0001 13056
1649240535675 0.0001 13106
1649240560833 0.0001 13156
1649240586070 0.0001 13206
1649240611204 0.0001 13256
1649240636259 0.0001 13306
1649240661584 0.0001 13356
1649240686747 0.0001 13406
1649240711832 0.0001 13456
1649240736796 0.0001 13506
1649240761769 0.0001 13556
1649240787133 0.0001 13606
1649240812405 0.0001 13656
1649240907136 0.0001 13658
1649240935512 0.0001 13707
1649240960791 0.0001 13757
1649240985801 0.0001 13807
1649241010725 0.0001 13857
1649241035568 0.0001 13907
1649241060268 0.0001 13957
1649241085743 0.0001 14007
1649241110700 0.0001 14057
1649241135413 0.0001 14107
1649241160211 0.0001 14157
1649241185549 0.0001 14207
1649241210725 0.0001 14257
1649241235677 0.0001 14307
1649241260421 0.0001 14357
1649241285371 0.0001 14407
1649241310259 0.0001 14457
1649241335406 0.0001 14507
1649241360331 0.0001 14557
1649241385368 0.0001 14607
1649241410751 0.0001 14657
1649241436016 0.0001 14707
1649241461442 0.0001 14757
1649241486869 0.0001 14807
1649241512324 0.0001 14857
1649241537860 0.0001 14907
1649241562842 0.0001 14957
1649241588092 0.0001 15007
1649241613794 0.0001 15057
1649241638928 0.0001 15107
1649241663856 0.0001 15157
1649241689284 0.0001 15207
1649241714787 0.0001 15257
1649241739540 0.0001 15307
1649241764677 0.0001 15357
1649241789775 0.0001 15407
1649241815206 0.0001 15457
1649241840334 0.0001 15507
1649241865440 0.0001 15557
1649241890964 0.0001 15607
1649241986449 0.0001 15609
1649242014003 1e-05 15658
1649242038803 1e-05 15708
1649242063871 1e-05 15758
1649242088749 1e-05 15808
1649242113828 1e-05 15858
1649242138801 1e-05 15908
1649242163807 1e-05 15958
1649242189152 1e-05 16008
1649242214049 1e-05 16058
1649242239286 1e-05 16108
1649242264378 1e-05 16158
1649242289835 1e-05 16208
1649242314791 1e-05 16258
1649242340221 1e-05 16308
1649242365309 1e-05 16358
1649242390134 1e-05 16408
1649242415308 1e-05 16458
1649242440255 1e-05 16508
1649242465108 1e-05 16558
1649242490219 1e-05 16608
1649242515120 1e-05 16658
1649242540247 1e-05 16708
1649242565759 1e-05 16758
1649242590785 1e-05 16808
1649242615694 1e-05 16858
1649242640814 1e-05 16908
1649242666498 1e-05 16958
1649242691834 1e-05 17008
1649242716723 1e-05 17058
1649242742288 1e-05 17108
1649242767372 1e-05 17158
1649242792235 1e-05 17208
1649242817528 1e-05 17258
1649242842388 1e-05 17308
1649242867189 1e-05 17358
1649242892361 1e-05 17408
1649242917492 1e-05 17458
1649242942924 1e-05 17508
1649242968172 1e-05 17558
1649243062245 1e-05 17560
1649243089489 1e-05 17609
1649243114355 1e-05 17659
1649243139353 1e-05 17709
1649243164274 1e-05 17759
1649243189396 1e-05 17809
1649243214843 1e-05 17859
1649243240007 1e-05 17909
1649243264969 1e-05 17959
1649243290198 1e-05 18009
1649243315242 1e-05 18059
1649243340521 1e-05 18109
1649243365979 1e-05 18159
1649243390703 1e-05 18209
1649243415756 1e-05 18259
1649243440600 1e-05 18309
1649243465579 1e-05 18359
1649243490851 1e-05 18409
1649243515959 1e-05 18459
1649243540775 1e-05 18509
1649243565868 1e-05 18559
1649243591233 1e-05 18609
1649243616732 1e-05 18659
1649243641722 1e-05 18709
1649243666306 1e-05 18759
1649243691252 1e-05 18809
1649243716363 1e-05 18859
1649243741134 1e-05 18909
1649243765961 1e-05 18959
1649243791242 1e-05 19009
1649243816699 1e-05 19059
1649243841640 1e-05 19109
1649243866806 1e-05 19159
1649243891860 1e-05 19209
1649243916961 1e-05 19259
1649243942272 1e-05 19309
1649243967627 1e-05 19359
1649243993397 1e-05 19409
1649244018072 1e-05 19459
1649244042965 1e-05 19509
1649244137272 1e-05 19511
1649244164785 1e-05 19560
1649244189400 1e-05 19610
1649244214774 1e-05 19660
1649244239685 1e-05 19710
1649244264677 1e-05 19760
1649244289746 1e-05 19810
1649244314342 1e-05 19860
1649244339916 1e-05 19910
1649244365618 1e-05 19960
1649244390729 1e-05 20010
1649244416221 1e-05 20060
1649244440844 1e-05 20110
1649244465899 1e-05 20160
1649244491174 1e-05 20210
1649244515744 1e-05 20260
1649244540812 1e-05 20310
1649244566040 1e-05 20360
1649244591322 1e-05 20410
1649244616269 1e-05 20460
1649244641217 1e-05 20510
1649244666521 1e-05 20560
1649244691749 1e-05 20610
1649244717021 1e-05 20660
1649244742209 1e-05 20710
1649244766925 1e-05 20760
1649244791747 1e-05 20810
1649244817019 1e-05 20860
1649244842427 1e-05 20910
1649244867363 1e-05 20960
1649244892449 1e-05 21010
1649244917801 1e-05 21060
1649244942585 1e-05 21110
1649244967300 1e-05 21160
1649244992077 1e-05 21210
1649245016843 1e-05 21260
1649245042082 1e-05 21310
1649245066926 1e-05 21360
1649245091806 1e-05 21410
1649245117378 1e-05 21460
1649245211117 1e-05 21462
1649245238125 1.0000000000000002e-06 21511
1649245263243 1.0000000000000002e-06 21561
1649245288267 1.0000000000000002e-06 21611
1649245313881 1.0000000000000002e-06 21661
1649245339241 1.0000000000000002e-06 21711
1649245364206 1.0000000000000002e-06 21761
1649245389698 1.0000000000000002e-06 21811
1649245415079 1.0000000000000002e-06 21861
1649245440175 1.0000000000000002e-06 21911
1649245465310 1.0000000000000002e-06 21961
1649245490283 1.0000000000000002e-06 22011
1649245515247 1.0000000000000002e-06 22061
1649245539780 1.0000000000000002e-06 22111
1649245564835 1.0000000000000002e-06 22161
1649245590425 1.0000000000000002e-06 22211
1649245615424 1.0000000000000002e-06 22261
1649245640594 1.0000000000000002e-06 22311
1649245665432 1.0000000000000002e-06 22361
1649245690268 1.0000000000000002e-06 22411
1649245715309 1.0000000000000002e-06 22461
1649245740249 1.0000000000000002e-06 22511
1649245765189 1.0000000000000002e-06 22561
1649245790554 1.0000000000000002e-06 22611
1649245815196 1.0000000000000002e-06 22661
1649245840467 1.0000000000000002e-06 22711
1649245865540 1.0000000000000002e-06 22761
1649245890765 1.0000000000000002e-06 22811
1649245915966 1.0000000000000002e-06 22861
1649245941239 1.0000000000000002e-06 22911
1649245966331 1.0000000000000002e-06 22961
1649245991312 1.0000000000000002e-06 23011
1649246015877 1.0000000000000002e-06 23061
1649246041010 1.0000000000000002e-06 23111
1649246066259 1.0000000000000002e-06 23161
1649246091313 1.0000000000000002e-06 23211
1649246116385 1.0000000000000002e-06 23261
1649246141240 1.0000000000000002e-06 23311
1649246166521 1.0000000000000002e-06 23361
1649246191900 1.0000000000000002e-06 23411
1649246285802 1.0000000000000002e-06 23413
