1649233142428 0.9 50
1649233187624 0.9 100
1649233232868 0.9 150
1649233277944 0.9 200
1649233323078 0.9 250
1649233368508 0.9 300
1649233413487 0.9 350
1649233458720 0.9 400
1649233503580 0.9 450
1649233548321 0.9 500
1649233593472 0.9 550
1649233638788 0.9 600
1649233683877 0.9 650
1649233717257 0.9 700
1649233742285 0.9 750
1649233767558 0.9 800
1649233792769 0.9 850
1649233818018 0.9 900
1649233843531 0.9 950
1649233868549 0.9 1000
1649233893630 0.9 1050
1649233919011 0.9 1100
1649233943926 0.9 1150
1649233969168 0.9 1200
1649233994461 0.9 1250
1649234019746 0.9 1300
1649234044747 0.9 1350
1649234069892 0.9 1400
1649234094819 0.9 1450
1649234120190 0.9 1500
1649234145567 0.9 1550
1649234171257 0.9 1600
1649234196237 0.9 1650
1649234221349 0.9 1700
1649234246509 0.9 1750
1649234271773 0.9 1800
1649234296616 0.9 1850
1649234322118 0.9 1900
1649234347332 0.9 1950
1649234443073 0.9 1952
1649234470526 0.9 2001
1649234496032 0.9 2051
1649234521189 0.9 2101
1649234546428 0.9 2151
1649234571525 0.9 2201
1649234596289 0.9 2251
1649234620928 0.9 2301
1649234646867 0.9 2351
1649234672174 0.9 2401
1649234697018 0.9 2451
1649234721779 0.9 2501
1649234747056 0.9 2551
1649234772297 0.9 2601
1649234797648 0.9 2651
1649234822707 0.9 2701
1649234847696 0.9 2751
1649234872783 0.9 2801
1649234897788 0.9 2851
1649234922847 0.9 2901
1649234947738 0.9 2951
1649234972788 0.9 3001
1649234998217 0.9 3051
1649235023249 0.9 3101
1649235048229 0.9 3151
1649235073432 0.9 3201
1649235098927 0.9 3251
1649235123669 0.9 3301
1649235148689 0.9 3351
1649235173446 0.9 3401
1649235198649 0.9 3451
1649235223948 0.9 3501
1649235249176 0.9 3551
1649235274220 0.9 3601
1649235299328 0.9 3651
1649235324066 0.9 3701
1649235349296 0.9 3751
1649235374361 0.9 3801
1649235399324 0.9 3851
1649235424504 0.9 3901
1649235519553 0.9 3903
1649235546939 0.9 3952
1649235572189 0.9 4002
1649235597232 0.9 4052
1649235622159 0.9 4102
1649235647331 0.9 4152
1649235672488 0.9 4202
1649235697591 0.9 4252
1649235722950 0.9 4302
1649235748390 0.9 4352
1649235773080 0.9 4402
1649235797890 0.9 4452
1649235822789 0.9 4502
1649235848199 0.9 4552
1649235873577 0.9 4602
1649235898972 0.9 4652
1649235923759 0.9 4702
1649235948712 0.9 4752
1649235973703 0.9 4802
1649235999064 0.9 4852
1649236024273 0.9 4902
1649236049271 0.9 4952
1649236074611 0.9 5002
1649236100120 0.9 5052
1649236125012 0.9 5102
1649236149711 0.9 5152
1649236174723 0.9 5202
1649236199967 0.9 5252
1649236225130 0.9 5302
1649236249925 0.9 5352
1649236275440 0.9 5402
1649236300440 0.9 5452
1649236325405 0.9 5502
1649236350117 0.9 5552
1649236374929 0.9 5602
1649236399839 0.9 5652
1649236424939 0.9 5702
1649236450340 0.9 5752
1649236475296 0.9 5802
1649236500379 0.9 5852
1649236596141 0.9 5854
1649236623702 0.9 5903
1649236648843 0.9 5953
1649236674009 0.9 6003
1649236698652 0.9 6053
1649236723649 0.9 6103
1649236748656 0.9 6153
1649236773732 0.9 6203
1649236799048 0.9 6253
1649236824465 0.9 6303
1649236849689 0.9 6353
1649236874493 0.9 6403
1649236899904 0.9 6453
1649236925007 0.9 6503
1649236951194 0.9 6553
1649236976273 0.9 6603
1649237001235 0.9 6653
1649237026634 0.9 6703
1649237051537 0.9 6753
1649237076319 0.9 6803
1649237101390 0.9 6853
1649237126309 0.9 6903
1649237151517 0.9 6953
1649237176417 0.9 7003
1649237201493 0.9 7053
1649237226437 0.9 7103
1649237251788 0.9 7153
1649237276809 0.9 7203
1649237302018 0.9 7253
1649237327093 0.9 7303
1649237351950 0.9 7353
1649237377285 0.9 7403
1649237402795 0.9 7453
1649237427909 0.9 7503
1649237453079 0.9 7553
1649237478210 0.9 7603
1649237503231 0.9 7653
1649237528798 0.9 7703
1649237553303 0.9 7753
1649237578144 0.9 7803
1649237672941 0.9 7805
1649237700293 0.9 7854
1649237725484 0.9 7904
1649237750226 0.9 7954
1649237775327 0.9 8004
1649237800348 0.9 8054
1649237825207 0.9 8104
1649237850288 0.9 8154
1649237875582 0.9 8204
1649237900810 0.9 8254
1649237926078 0.9 8304
1649237951155 0.9 8354
1649237976537 0.9 8404
1649238001560 0.9 8454
1649238027000 0.9 8504
1649238052184 0.9 8554
1649238076989 0.9 8604
1649238102322 0.9 8654
1649238127292 0.9 8704
1649238152194 0.9 8754
1649238176931 0.9 8804
1649238201675 0.9 8854
1649238226768 0.9 8904
1649238251785 0.9 8954
1649238276573 0.9 9004
1649238301225 0.9 9054
1649238326199 0.9 9104
1649238351430 0.9 9154
1649238376944 0.9 9204
1649238402248 0.9 9254
1649238427309 0.9 9304
1649238452313 0.9 9354
1649238477585 0.9 9404
1649238502617 0.9 9454
1649238527542 0.9 9504
1649238552299 0.9 9554
1649238577216 0.9 9604
1649238602183 0.9 9654
1649238627613 0.9 9704
1649238652823 0.9 9754
1649238748873 0.9 9756
1649238776268 0.9 9805
1649238801466 0.9 9855
1649238826340 0.9 9905
1649238851161 0.9 9955
1649238876260 0.9 10005
1649238901376 0.9 10055
1649238926657 0.9 10105
1649238952028 0.9 10155
1649238977287 0.9 10205
1649239002103 0.9 10255
1649239027300 0.9 10305
1649239052768 0.9 10355
1649239078332 0.9 10405
1649239103657 0.9 10455
1649239128863 0.9 10505
1649239153872 0.9 10555
1649239178766 0.9 10605
1649239203681 0.9 10655
1649239228902 0.9 10705
1649239254852 0.9 10755
1649239280255 0.9 10805
1649239305801 0.9 10855
1649239330778 0.9 10905
1649239355943 0.9 10955
1649239381542 0.9 11005
1649239406290 0.9 11055
1649239431744 0.9 11105
1649239457249 0.9 11155
1649239482280 0.9 11205
1649239507210 0.9 11255
1649239532360 0.9 11305
1649239557664 0.9 11355
1649239582840 0.9 11405
1649239608223 0.9 11455
1649239633860 0.9 11505
1649239659743 0.9 11555
1649239684989 0.9 11605
1649239710762 0.9 11655
1649239735796 0.9 11705
1649239830802 0.9 11707
1649239857801 0.9 11756
1649239882693 0.9 11806
1649239907698 0.9 11856
1649239932767 0.9 11906
1649239958264 0.9 11956
1649239983200 0.9 12006
1649240008770 0.9 12056
1649240033823 0.9 12106
1649240059450 0.9 12156
1649240084622 0.9 12206
1649240110018 0.9 12256
1649240135536 0.9 12306
1649240160898 0.9 12356
1649240185685 0.9 12406
1649240210735 0.9 12456
1649240235687 0.9 12506
1649240260794 0.9 12556
1649240285625 0.9 12606
1649240310451 0.9 12656
1649240335729 0.9 12706
1649240360915 0.9 12756
1649240385776 0.9 12806
1649240410699 0.9 12856
1649240435787 0.9 12906
1649240460937 0.9 12956
1649240485778 0.9 13006
1649240510775 0.9 13056
1649240535675 0.9 13106
1649240560833 0.9 13156
1649240586070 0.9 13206
1649240611204 0.9 13256
1649240636259 0.9 13306
1649240661584 0.9 13356
1649240686747 0.9 13406
1649240711832 0.9 13456
1649240736796 0.9 13506
1649240761769 0.9 13556
1649240787133 0.9 13606
1649240812405 0.9 13656
1649240907136 0.9 13658
1649240935512 0.9 13707
1649240960791 0.9 13757
1649240985801 0.9 13807
1649241010725 0.9 13857
1649241035568 0.9 13907
1649241060268 0.9 13957
1649241085743 0.9 14007
1649241110700 0.9 14057
1649241135413 0.9 14107
1649241160211 0.9 14157
1649241185549 0.9 14207
1649241210725 0.9 14257
1649241235677 0.9 14307
1649241260421 0.9 14357
1649241285371 0.9 14407
1649241310259 0.9 14457
1649241335406 0.9 14507
1649241360331 0.9 14557
1649241385368 0.9 14607
1649241410751 0.9 14657
1649241436016 0.9 14707
1649241461442 0.9 14757
1649241486869 0.9 14807
1649241512324 0.9 14857
1649241537860 0.9 14907
1649241562842 0.9 14957
1649241588092 0.9 15007
1649241613794 0.9 15057
1649241638928 0.9 15107
1649241663856 0.9 15157
1649241689284 0.9 15207
1649241714787 0.9 15257
1649241739540 0.9 15307
1649241764677 0.9 15357
1649241789775 0.9 15407
1649241815206 0.9 15457
1649241840334 0.9 15507
1649241865440 0.9 15557
1649241890964 0.9 15607
1649241986449 0.9 15609
1649242014003 0.9 15658
1649242038803 0.9 15708
1649242063871 0.9 15758
1649242088749 0.9 15808
1649242113828 0.9 15858
1649242138801 0.9 15908
1649242163807 0.9 15958
1649242189152 0.9 16008
1649242214049 0.9 16058
1649242239286 0.9 16108
1649242264378 0.9 16158
1649242289835 0.9 16208
1649242314791 0.9 16258
1649242340221 0.9 16308
1649242365309 0.9 16358
1649242390134 0.9 16408
1649242415308 0.9 16458
1649242440255 0.9 16508
1649242465108 0.9 16558
1649242490219 0.9 16608
1649242515120 0.9 16658
1649242540247 0.9 16708
1649242565759 0.9 16758
1649242590785 0.9 16808
1649242615694 0.9 16858
1649242640814 0.9 16908
1649242666498 0.9 16958
1649242691834 0.9 17008
1649242716723 0.9 17058
1649242742288 0.9 17108
1649242767372 0.9 17158
1649242792235 0.9 17208
1649242817528 0.9 17258
1649242842388 0.9 17308
1649242867189 0.9 17358
1649242892361 0.9 17408
1649242917492 0.9 17458
1649242942924 0.9 17508
1649242968172 0.9 17558
1649243062245 0.9 17560
1649243089489 0.9 17609
1649243114355 0.9 17659
1649243139353 0.9 17709
1649243164274 0.9 17759
1649243189396 0.9 17809
1649243214843 0.9 17859
1649243240007 0.9 17909
1649243264969 0.9 17959
1649243290198 0.9 18009
1649243315242 0.9 18059
1649243340521 0.9 18109
1649243365979 0.9 18159
1649243390703 0.9 18209
1649243415756 0.9 18259
1649243440600 0.9 18309
1649243465579 0.9 18359
1649243490851 0.9 18409
1649243515959 0.9 18459
1649243540775 0.9 18509
1649243565868 0.9 18559
1649243591233 0.9 18609
1649243616732 0.9 18659
1649243641722 0.9 18709
1649243666306 0.9 18759
1649243691252 0.9 18809
1649243716363 0.9 18859
1649243741134 0.9 18909
1649243765961 0.9 18959
1649243791242 0.9 19009
1649243816699 0.9 19059
1649243841640 0.9 19109
1649243866806 0.9 19159
1649243891860 0.9 19209
1649243916961 0.9 19259
1649243942272 0.9 19309
1649243967627 0.9 19359
1649243993397 0.9 19409
1649244018072 0.9 19459
1649244042965 0.9 19509
1649244137272 0.9 19511
1649244164785 0.9 19560
1649244189400 0.9 19610
1649244214774 0.9 19660
1649244239685 0.9 19710
1649244264677 0.9 19760
1649244289746 0.9 19810
1649244314342 0.9 19860
1649244339916 0.9 19910
1649244365618 0.9 19960
1649244390729 0.9 20010
1649244416221 0.9 20060
1649244440844 0.9 20110
1649244465899 0.9 20160
1649244491174 0.9 20210
1649244515744 0.9 20260
1649244540812 0.9 20310
1649244566040 0.9 20360
1649244591322 0.9 20410
1649244616269 0.9 20460
1649244641217 0.9 20510
1649244666521 0.9 20560
1649244691749 0.9 20610
1649244717021 0.9 20660
1649244742209 0.9 20710
1649244766925 0.9 20760
1649244791747 0.9 20810
1649244817019 0.9 20860
1649244842427 0.9 20910
1649244867363 0.9 20960
1649244892449 0.9 21010
1649244917801 0.9 21060
1649244942585 0.9 21110
1649244967300 0.9 21160
1649244992077 0.9 21210
1649245016843 0.9 21260
1649245042082 0.9 21310
1649245066926 0.9 21360
1649245091806 0.9 21410
1649245117378 0.9 21460
1649245211117 0.9 21462
1649245238125 0.9 21511
1649245263243 0.9 21561
1649245288267 0.9 21611
1649245313881 0.9 21661
1649245339241 0.9 21711
1649245364206 0.9 21761
1649245389698 0.9 21811
1649245415079 0.9 21861
1649245440175 0.9 21911
1649245465310 0.9 21961
1649245490283 0.9 22011
1649245515247 0.9 22061
1649245539780 0.9 22111
1649245564835 0.9 22161
1649245590425 0.9 22211
1649245615424 0.9 22261
1649245640594 0.9 22311
1649245665432 0.9 22361
1649245690268 0.9 22411
1649245715309 0.9 22461
1649245740249 0.9 22511
1649245765189 0.9 22561
1649245790554 0.9 22611
1649245815196 0.9 22661
1649245840467 0.9 22711
1649245865540 0.9 22761
1649245890765 0.9 22811
1649245915966 0.9 22861
1649245941239 0.9 22911
1649245966331 0.9 22961
1649245991312 0.9 23011
1649246015877 0.9 23061
1649246041010 0.9 23111
1649246066259 0.9 23161
1649246091313 0.9 23211
1649246116385 0.9 23261
1649246141240 0.9 23311
1649246166521 0.9 23361
1649246191900 0.9 23411
1649246285802 0.9 23413
