1649143112242 3.2788842868804933 50
1649143137264 1.1612195551395417 100
1649143162523 0.7650836157798767 150
1649143187807 0.7050007084012031 200
1649143212831 0.6807963244616986 250
1649143238019 0.6403164348006248 300
1649143263418 0.7696390897035599 350
1649143288868 0.6324777905642986 400
1649143313773 0.7358561146259308 450
1649143338842 0.7905441170930863 500
1649143364411 0.7700822004675865 550
1649143389491 0.7342732158303261 600
1649143414871 0.981881076991558 650
1649143439981 0.8339325278997421 700
1649143465413 0.9281259426474571 750
1649143491221 0.8485853934288025 800
1649143516702 0.797877853512764 850
1649143541786 0.889367590546608 900
1649143567235 0.9137279850244522 950
1649143592463 1.045690767765045 1000
1649143618484 0.8773964726924897 1050
1649143644260 0.9321135056018829 1100
1649143670043 0.9312899488210679 1150
1649143695295 0.8035626074671746 1200
1649143721062 0.8197767275571823 1250
1649143746451 0.9255343225598335 1300
1649143771869 0.8793355756998062 1350
1649143797714 0.7913999542593956 1400
1649143823248 0.9270147010684013 1450
1649143848502 0.840975858271122 1500
1649143873685 0.930048793554306 1550
1649143898971 1.0368030172586442 1600
1649143924877 0.8639885342121124 1650
1649143950373 0.8347073629498482 1700
1649143975740 0.8072222703695298 1750
1649144000894 0.8867805024981499 1800
1649144026150 1.0327910393476487 1850
1649144051499 1.115555391907692 1900
1649144077078 0.8727349954843521 1950
1649144201395 0.7955121836066246 2003
1649144226431 0.971875958442688 2053
1649144251612 0.7963890531659126 2103
1649144276861 0.9010340222716331 2153
1649144301985 0.9251766416430474 2203
1649144327253 0.8383042439818382 2253
1649144352348 0.898649964928627 2303
1649144377599 0.8111337035894394 2353
1649144402990 0.7823833879828453 2403
1649144428326 0.8815681314468384 2453
1649144454064 0.8055800992250443 2503
1649144479554 0.8679773917794228 2553
1649144504784 0.824636447429657 2603
1649144529932 0.9440507632493973 2653
1649144555690 0.7766620218753815 2703
1649144580697 0.9074325382709503 2753
1649144606232 0.8364632412791252 2803
1649144631534 0.8657163715362549 2853
1649144656565 0.8182638439536095 2903
1649144681771 0.9841803392767906 2953
1649144706836 0.7321373337507248 3003
1649144732115 0.8702529790997505 3053
1649144757925 0.6816426262259483 3103
1649144783651 0.912415997684002 3153
1649144808827 0.9272800165414811 3203
1649144833823 0.7977747455239296 3253
1649144859184 0.9155018177628517 3303
1649144884808 0.709681538939476 3353
1649144910424 0.9096360197663307 3403
1649144935604 0.7842434486746788 3453
1649144960851 0.9680101209878922 3503
1649144986329 0.9213036876916886 3553
1649145011369 0.8242282903194428 3603
1649145036249 0.7751233977079391 3653
1649145061322 0.7939882409572602 3703
1649145087359 0.8408641102910042 3753
1649145112487 0.8978641483187676 3803
1649145138187 0.9651963829994201 3853
1649145163893 0.8030443522334099 3903
1649145289207 0.8368545094132424 3956
1649145314307 0.8708357658982276 4006
1649145339264 0.8171202105283737 4056
1649145364396 0.8503806921839714 4106
1649145390200 0.7768861645460129 4156
1649145415443 0.8414091829955578 4206
1649145440517 0.8108336013555527 4256
1649145466146 0.9906936046481133 4306
1649145491298 0.8496658501029014 4356
1649145516692 0.817503668665886 4406
1649145541803 0.7234333884716034 4456
1649145567118 0.6923309609293937 4506
1649145592283 0.8425352507829666 4556
1649145617374 0.8263541987538338 4606
1649145642850 0.8786719289422035 4656
1649145668165 0.9392918837070465 4706
1649145693268 0.7009821283817291 4756
1649145718231 0.7351247438788414 4806
1649145743686 0.8172406893968582 4856
1649145769000 0.8717980781197547 4906
1649145794014 0.8524704430997372 4956
1649145819203 0.8437632843852043 5006
1649145844783 0.9342969474196434 5056
1649145870028 0.8735984706878662 5106
1649145895459 0.7903812146186828 5156
1649145920586 0.8020558911561966 5206
1649145945984 0.7429810267686844 5256
1649145971484 0.8162655538320541 5306
1649145996799 0.7711248308420181 5356
1649146022272 0.771676419377327 5406
1649146047793 0.779342201948166 5456
1649146073214 0.6879806408286094 5506
1649146097985 0.7344600541889668 5556
1649146123140 0.7660461100935936 5606
1649146148751 0.8011433434486389 5656
1649146173714 0.7873813813924789 5706
1649146199949 0.7446114493906498 5756
1649146225401 0.7253192102909088 5806
1649146250287 0.7195901158452034 5856
1649146373198 0.856940816193819 5909
1649146398311 0.703460823893547 5959
1649146424130 0.7572795805335045 6009
1649146449331 0.7467291739583015 6059
1649146474339 0.6791802272200584 6109
1649146499282 0.8112188893556594 6159
1649146524864 0.7687936794757843 6209
1649146550548 0.9152577936649322 6259
1649146575231 0.8560881766676903 6309
1649146600294 0.7208458063006401 6359
1649146626005 0.8574484197795391 6409
1649146651822 0.7060908916592598 6459
1649146677404 0.7465654999017716 6509
1649146702943 0.7157763841748238 6559
1649146728993 0.8157841795682907 6609
1649146754481 0.7631008507311344 6659
1649146779291 0.7341169667243957 6709
1649146804352 0.7086517284810543 6759
1649146829820 0.7658017174899578 6809
1649146854778 0.7610307076573372 6859
1649146879799 0.7363097220659256 6909
1649146904892 0.7077602888643741 6959
1649146929783 0.7377535197138786 7009
1649146955167 0.8588994137942791 7059
1649146980326 0.7088011290133 7109
1649147005411 0.7686117148399353 7159
1649147030819 0.7014551948010922 7209
1649147056443 0.7089508724212646 7259
1649147081375 0.8314666086435318 7309
1649147106866 0.7747435110807419 7359
1649147132044 0.6999995994567871 7409
1649147157292 0.7154574558138848 7459
1649147182317 0.8159267567098141 7509
1649147207466 0.6954669550061225 7559
1649147232730 0.8747743993997574 7609
1649147258437 0.7506580004096031 7659
1649147283707 0.7559557044506073 7709
1649147308906 0.8264944642782212 7759
1649147334380 0.6995111098885536 7809
1649147459533 0.5805829600989818 7862
1649147484852 0.7176730455458165 7912
1649147510750 0.7593915554881095 7962
1649147536280 0.7877416807413101 8012
1649147562423 0.7516869327425957 8062
1649147588804 0.591749611645937 8112
1649147614235 0.748413490653038 8162
1649147639583 0.7493921676278115 8212
1649147664694 0.7205900880694389 8262
1649147690045 0.6994540433585644 8312
1649147715473 0.5321112124621868 8362
1649147740597 0.8640339325368405 8412
1649147765835 0.8189058291912079 8462
1649147791323 0.7242807066440582 8512
1649147816204 0.8121763579547405 8562
1649147841428 0.7584420031309128 8612
1649147866514 0.7665583431720734 8662
1649147891449 0.7437011589109898 8712
1649147916989 0.6352875898778438 8762
1649147942061 0.7048966225981712 8812
1649147967253 0.7888533797860146 8862
1649147992371 0.7193947422504425 8912
1649148018232 0.6228028440475464 8962
1649148043851 0.7966791620850563 9012
1649148068864 0.67764065310359 9062
1649148094373 0.7506029844284058 9112
1649148119237 0.7643462213873863 9162
1649148144389 0.722408065199852 9212
1649148169361 0.7957333406805992 9262
1649148194886 0.82128707036376 9312
1649148220276 0.678293337225914 9362
1649148245210 0.7200204555690288 9412
1649148270294 0.7299913474917412 9462
1649148295407 0.7552031889557839 9512
1649148320513 0.6996954829990863 9562
1649148345740 0.8146209925413131 9612
1649148371251 0.9662175354361534 9662
1649148397120 0.7410033631324768 9712
1649148422557 0.8009901809692382 9762
1649148545980 0.6355983677506447 9815
1649148570761 0.6740757584571838 9865
1649148596404 0.6614843337237835 9915
1649148621989 0.5948942545056343 9965
1649148646805 0.7667309556901455 10015
1649148671909 0.7602974523603916 10065
1649148696781 0.6952089384198189 10115
1649148722131 0.6896429291367531 10165
1649148747331 0.5742692969739437 10215
1649148772228 0.7268173892796039 10265
1649148797410 0.6939363321661949 10315
1649148822549 0.7249741479754448 10365
1649148848248 0.7729047229886055 10415
1649148873493 0.7237928259372711 10465
1649148898715 0.7502778494358062 10515
1649148924136 0.7965192027390003 10565
1649148949856 0.7553269749879837 10615
1649148975238 0.6071925929188728 10665
1649149000274 0.7312025600671768 10715
1649149025309 0.6756222167611122 10765
1649149050145 0.64684683740139 10815
1649149075161 0.6721803236007691 10865
1649149100240 0.6752219715714455 10915
1649149125329 0.6356112250685692 10965
1649149150280 0.8336526700854301 11015
1649149175297 0.7161998908221722 11065
1649149200512 0.7616304311156273 11115
1649149225878 0.6688494777679443 11165
1649149251042 0.7624819931387902 11215
1649149276422 0.7588720965385437 11265
1649149301485 0.7300357124209405 11315
1649149327150 0.7554976081848145 11365
1649149352493 0.6288831469416618 11415
1649149377449 0.7876181373000145 11465
1649149402667 0.7087925028800964 11515
1649149427746 0.7751271983981133 11565
1649149453032 0.6580406053364277 11615
1649149478124 0.6816612666845322 11665
1649149503328 0.7033556310087442 11715
1649149627461 0.741821084022522 11768
1649149652338 0.5696644961833954 11818
1649149677925 0.7207998803257942 11868
1649149702761 0.8780114531517029 11918
1649149727725 0.7234340173006057 11968
1649149753347 0.673534349501133 12018
1649149778397 0.7658952432870865 12068
1649149803309 0.6774609096348285 12118
1649149828662 0.7036329491436482 12168
1649149854511 0.6128566606342792 12218
1649149879714 0.7434988774359226 12268
1649149904873 0.6769703072309494 12318
1649149930845 0.5800065560638905 12368
1649149957276 0.6662834233045578 12418
1649149982687 0.7841732417047024 12468
1649150007947 0.7191187587380409 12518
1649150033118 0.7413273668289184 12568
1649150058430 0.7277812358736991 12618
1649150083338 0.6701193699240684 12668
1649150108619 0.603715730458498 12718
1649150134487 0.6747451409697532 12768
1649150159906 0.7133599470555783 12818
1649150185311 0.5830096961557865 12868
1649150210136 0.6875977349281311 12918
1649150235998 0.7785865287482738 12968
1649150261535 0.5990789158642292 13018
1649150286674 0.6431486460566521 13068
1649150311739 0.7067448064684868 13118
1649150336900 0.7056697830557823 13168
1649150361743 0.663966276049614 13218
1649150387256 0.6626885868608952 13268
1649150412368 0.6335435037314892 13318
1649150437546 0.6310723479092121 13368
1649150462844 0.5961759555339813 13418
1649150488532 0.6148762257397175 13468
1649150513424 0.7149569219350815 13518
1649150538594 0.5458209702372551 13568
1649150564132 0.7322919112443924 13618
1649150589796 0.7282238709926605 13668
1649150714959 0.6498477321863174 13721
1649150740501 0.6324892860651016 13771
1649150765885 0.7107165604829788 13821
1649150790879 0.7519747748970985 13871
1649150816258 0.6679060092568397 13921
1649150841366 0.5443983963131904 13971
1649150866500 0.676571417748928 14021
1649150891971 0.7005934917926788 14071
1649150917328 0.7152367582917214 14121
1649150942842 0.6417508234083652 14171
1649150968433 0.6130200074613095 14221
1649150993725 0.6648603926599026 14271
1649151018653 0.5327136443555355 14321
1649151043989 0.6878482107818127 14371
1649151069928 0.6713427828252315 14421
1649151095419 0.6201441389322281 14471
1649151120738 0.5935984714329243 14521
1649151146241 0.6795042259991169 14571
1649151172377 0.6316071270406246 14621
1649151197650 0.6653748263418674 14671
1649151223129 0.7419440717995167 14721
1649151248468 0.6046747754514218 14771
1649151274120 0.6005546167492867 14821
1649151300075 0.7147855867445468 14871
1649151325822 0.5861408727616072 14921
1649151351547 0.7987028823792934 14971
1649151376827 0.6675813968479634 15021
1649151402317 0.7059146558493375 15071
1649151427363 0.6851996959745884 15121
1649151452448 0.6843780355155468 15171
1649151477602 0.648016562461853 15221
1649151502797 0.727920401096344 15271
1649151527760 0.6676142124831677 15321
1649151553315 0.595039509087801 15371
1649151578658 0.598715605288744 15421
1649151604236 0.5890019589662552 15471
1649151629709 0.6617813393473625 15521
1649151654800 0.5973452539741992 15571
1649151679907 0.7624802762269973 15621
1649151803495 0.5875278520584106 15674
1649151829412 0.6187330049276352 15724
1649151854696 0.7153375267982482 15774
1649151880394 0.6062685517221689 15824
1649151905466 0.5448252871632576 15874
1649151931198 0.5562330273538828 15924
1649151956698 0.5539831653237343 15974
1649151982469 0.6004803830385208 16024
1649152007716 0.6281983033567667 16074
1649152032754 0.5952985078841447 16124
1649152058102 0.5508536764979363 16174
1649152083786 0.6454300033301115 16224
1649152109179 0.5535428052395582 16274
1649152134546 0.6163424037396907 16324
1649152160082 0.5496815261244774 16374
1649152185281 0.48481649927794934 16424
1649152211011 0.5290086817741394 16474
1649152236418 0.556300850957632 16524
1649152261562 0.5076216360926629 16574
1649152286826 0.6148340426385402 16624
1649152313219 0.5456966117024422 16674
1649152338851 0.6070561903715134 16724
1649152363798 0.6053596696257592 16774
1649152388918 0.45660263404250145 16824
1649152414101 0.517094673961401 16874
1649152439489 0.5157145974040032 16924
1649152464530 0.6190285709500313 16974
1649152489424 0.49977786183357237 17024
1649152514814 0.5219490303099156 17074
1649152539854 0.5669007329642772 17124
1649152565218 0.47366231217980387 17174
1649152591086 0.46994383335113527 17224
1649152617127 0.46529475413262844 17274
1649152642911 0.4972667670994997 17324
1649152668484 0.63743636906147 17374
1649152693788 0.5459781427681446 17424
1649152719011 0.47568110093474386 17474
1649152744053 0.569846010953188 17524
1649152769370 0.5805209194123745 17574
1649152892269 0.5434001921862364 17627
1649152917392 0.496981028392911 17677
1649152942947 0.43788775749504566 17727
1649152967994 0.5180895207077265 17777
1649152993006 0.569863718599081 17827
1649153018572 0.5343633925169706 17877
1649153043711 0.54270661637187 17927
1649153069094 0.6446993546187878 17977
1649153094772 0.463230000436306 18027
1649153120255 0.5104871591180563 18077
1649153145664 0.5231376039981842 18127
1649153171080 0.5488958977907896 18177
1649153196574 0.5752262283861637 18227
1649153221573 0.4508744229376316 18277
1649153246933 0.564688712656498 18327
1649153272257 0.5769020833075047 18377
1649153297446 0.5347016657143832 18427
1649153322693 0.5148418337851762 18477
1649153347774 0.5585476169735193 18527
1649153372981 0.5040034916996956 18577
1649153398036 0.6351199947670102 18627
1649153423216 0.5676414684951305 18677
1649153448272 0.5573304103314877 18727
1649153473286 0.42941387444734574 18777
1649153498206 0.4922949270904064 18827
1649153523209 0.5405169347673655 18877
1649153548328 0.5044600181281567 18927
1649153573495 0.41272961236536504 18977
1649153598704 0.5527854024618865 19027
1649153623862 0.4903877221047878 19077
1649153649342 0.44768102414906025 19127
1649153673966 0.4950447847694159 19177
1649153698806 0.588149871379137 19227
1649153723808 0.43231150299310683 19277
1649153749261 0.5386868021637201 19327
1649153774259 0.47811704576015474 19377
1649153799261 0.5203649081289768 19427
1649153824755 0.5210256601125002 19477
1649153849807 0.48385535448789596 19527
1649153972810 0.47257574923336504 19580
1649153998201 0.4659659144282341 19630
1649154023784 0.45846355982124803 19680
1649154048829 0.43266598306596277 19730
1649154074592 0.5137735913693905 19780
1649154099851 0.546148938909173 19830
1649154124984 0.5440189365297556 19880
1649154150023 0.4694314934313297 19930
1649154175362 0.4813097081333399 19980
1649154200588 0.5155130708217621 20030
1649154225727 0.5060279224812985 20080
1649154250920 0.4899414105713367 20130
1649154276058 0.4406834378093481 20180
1649154301431 0.565819232314825 20230
1649154327255 0.462682728394866 20280
1649154352297 0.512645575851202 20330
1649154377362 0.39031713135540486 20380
1649154402757 0.5241727633029223 20430
1649154427719 0.5682958048582077 20480
1649154452785 0.46903153471648695 20530
1649154478222 0.5481192381680011 20580
1649154503882 0.4601194141805172 20630
1649154528679 0.4575156932324171 20680
1649154553945 0.5074683481454849 20730
1649154579281 0.4808701987937093 20780
1649154604553 0.5311606054008007 20830
1649154629822 0.5175585862994194 20880
1649154654850 0.43255137719213965 20930
1649154680329 0.48669151999056337 20980
1649154706367 0.5007258849591016 21030
1649154732339 0.49716619588434696 21080
1649154758380 0.5388922777026892 21130
1649154784061 0.4333255617320538 21180
1649154808765 0.4700266441702843 21230
1649154834331 0.4768181826174259 21280
1649154859961 0.5116010798513889 21330
1649154885813 0.4866438767313957 21380
1649154911419 0.6052487181127071 21430
1649154936740 0.5172344753891229 21480
1649155061339 0.5089935264736414 21533
1649155086749 0.43838114276528356 21583
1649155111469 0.4280257973819971 21633
1649155136729 0.5331045775860548 21683
1649155162163 0.49756352804601195 21733
1649155187142 0.5681507799774408 21783
1649155212831 0.5603452052921056 21833
1649155238335 0.5441521430015563 21883
1649155263555 0.3663247779011726 21933
1649155288571 0.4220238566398621 21983
1649155313695 0.4972773689031601 22033
1649155338956 0.3917472218722105 22083
1649155364466 0.6154610007256269 22133
1649155389728 0.5446474486589432 22183
1649155415252 0.493140502050519 22233
1649155440819 0.4726331713050604 22283
1649155466920 0.456970252469182 22333
1649155492493 0.5616769181936979 22383
1649155517792 0.4562872152775526 22433
1649155543206 0.3521206010133028 22483
1649155568340 0.45033496044576166 22533
1649155593590 0.5220284876227379 22583
1649155619281 0.5529063917696476 22633
1649155644503 0.41146682053804395 22683
1649155669879 0.4667820780724287 22733
1649155695111 0.4375008000805974 22783
1649155720738 0.4608027085661888 22833
1649155746291 0.4352150107547641 22883
1649155771710 0.42787780687212945 22933
1649155797175 0.4258468469977379 22983
1649155822230 0.4206237733736634 23033
1649155847382 0.5446421068161726 23083
1649155872416 0.5211977088451385 23133
1649155897400 0.4072291725873947 23183
1649155922893 0.5522082956135272 23233
1649155948370 0.5224481301754713 23283
1649155973876 0.4648861313611269 23333
1649155998980 0.3755650114268064 23383
1649156024457 0.4908649215102196 23433
