1649143112242 0.6962642657756806 50
1649143137264 0.4878908324241638 100
1649143162523 0.22851722314953804 150
1649143187807 0.1325469494611025 200
1649143212831 0.10389898054301738 250
1649143238019 0.08867696225643158 300
1649143263418 0.10629391584545374 350
1649143288868 0.08593942888081074 400
1649143313773 0.07182324334979057 450
1649143338842 0.0648154584877193 500
1649143364411 0.06248637642711401 550
1649143389491 0.05402020663022995 600
1649143414871 0.08052338371053339 650
1649143439981 0.06036031856201589 700
1649143465413 0.06060239494778216 750
1649143491221 0.07032675050199032 800
1649143516702 0.058837732709944246 850
1649143541786 0.07606664683669806 900
1649143567235 0.0679921605810523 950
1649143592463 0.0809580935165286 1000
1649143618484 0.0741422554012388 1050
1649143644260 0.07108239963650703 1100
1649143670043 0.05337697533890605 1150
1649143695295 0.04038642975967378 1200
1649143721062 0.04525412254035473 1250
1649143746451 0.059258340205997226 1300
1649143771869 0.057022145446389914 1350
1649143797714 0.0360589585499838 1400
1649143823248 0.048922000317834315 1450
1649143848502 0.041225306307896975 1500
1649143873685 0.07531582640483975 1550
1649143898971 0.06347536450251937 1600
1649143924877 0.05754156086593867 1650
1649143950373 0.05606281858868897 1700
1649143975740 0.04208889685571194 1750
1649144000894 0.0410988049954176 1800
1649144026150 0.06971481883432716 1850
1649144051499 0.05652233671396971 1900
1649144077078 0.04556843362748623 1950
1649144201395 0.060906977714039384 2003
1649144226431 0.06063067275099456 2053
1649144251612 0.0521752430871129 2103
1649144276861 0.050079480023123325 2153
1649144301985 0.0454548673145473 2203
1649144327253 0.052733853021636606 2253
1649144352348 0.047035250244662166 2303
1649144377599 0.034256073450669645 2353
1649144402990 0.032856945297680795 2403
1649144428326 0.04953020306304097 2453
1649144454064 0.043794134780764576 2503
1649144479554 0.058761431714519856 2553
1649144504784 0.03997441872023046 2603
1649144529932 0.05625762686133385 2653
1649144555690 0.034228066471405326 2703
1649144580697 0.042420352795161306 2753
1649144606232 0.04393195884302258 2803
1649144631534 0.045682796677574515 2853
1649144656565 0.03488630948588252 2903
1649144681771 0.04757040904369205 2953
1649144706836 0.03466981999110431 3003
1649144732115 0.061712902579456566 3053
1649144757925 0.04771226536482573 3103
1649144783651 0.04292443059384823 3153
1649144808827 0.043084628749638795 3203
1649144833823 0.03925445794127882 3253
1649144859184 0.04922114984598011 3303
1649144884808 0.02880527900066227 3353
1649144910424 0.04438196643255651 3403
1649144935604 0.039381575861480084 3453
1649144960851 0.04422322353813797 3503
1649144986329 0.03927923509851098 3553
1649145011369 0.05094264151528478 3603
1649145036249 0.03708545478526503 3653
1649145061322 0.03083891736343503 3703
1649145087359 0.040467652142979205 3753
1649145112487 0.056130271363072096 3803
1649145138187 0.05001146777532995 3853
1649145163893 0.05262478270567954 3903
1649145289207 0.038903633896261454 3956
1649145314307 0.03908776543103158 4006
1649145339264 0.03725276897661388 4056
1649145364396 0.04807016897946596 4106
1649145390200 0.03699677069671452 4156
1649145415443 0.03877753125503659 4206
1649145440517 0.03848017006181181 4256
1649145466146 0.042968860054388644 4306
1649145491298 0.04426000253530219 4356
1649145516692 0.03555737823713571 4406
1649145541803 0.04175987025722861 4456
1649145567118 0.029618045976385475 4506
1649145592283 0.03913523850031197 4556
1649145617374 0.038547362671233716 4606
1649145642850 0.04154625725932419 4656
1649145668165 0.03971273576375097 4706
1649145693268 0.03658755117096007 4756
1649145718231 0.042502601169981065 4806
1649145743686 0.03379314447985962 4856
1649145769000 0.03606652443530038 4906
1649145794014 0.04591847150120884 4956
1649145819203 0.037395578352734445 5006
1649145844783 0.03697596829617396 5056
1649145870028 0.04169369175098837 5106
1649145895459 0.03377466225065291 5156
1649145920586 0.04418158652726561 5206
1649145945984 0.03969275725539774 5256
1649145971484 0.03548508089035749 5306
1649145996799 0.028243254947010427 5356
1649146022272 0.035947559378109874 5406
1649146047793 0.029609217385295778 5456
1649146073214 0.02593767948448658 5506
1649146097985 0.03053350645583123 5556
1649146123140 0.03646557485219091 5606
1649146148751 0.03335882583167404 5656
1649146173714 0.03316238192142919 5706
1649146199949 0.032898441827856006 5756
1649146225401 0.03292980358935892 5806
1649146250287 0.03830653333105147 5856
1649146373198 0.03461043658666313 5909
1649146398311 0.03079619180643931 5959
1649146424130 0.031035690577700736 6009
1649146449331 0.037831073151901366 6059
1649146474339 0.024769233989063652 6109
1649146499282 0.03481938057113439 6159
1649146524864 0.03453988395631313 6209
1649146550548 0.044663972407579425 6259
1649146575231 0.04297610817477107 6309
1649146600294 0.026780944024212657 6359
1649146626005 0.04110902214422822 6409
1649146651822 0.039887695237994195 6459
1649146677404 0.02878609167644754 6509
1649146702943 0.022248767034616323 6559
1649146728993 0.040607597117777915 6609
1649146754481 0.04046606583055109 6659
1649146779291 0.030796242363285275 6709
1649146804352 0.030933188197668642 6759
1649146829820 0.03435617738286965 6809
1649146854778 0.034620059391018004 6859
1649146879799 0.029973495493177325 6909
1649146904892 0.028151366997044534 6959
1649146929783 0.03134465819224715 7009
1649146955167 0.04290564354974777 7059
1649146980326 0.03448565508937463 7109
1649147005411 0.04492624750360846 7159
1649147030819 0.03826031427597627 7209
1649147056443 0.037629004768095914 7259
1649147081375 0.037968694238225 7309
1649147106866 0.037865664544515315 7359
1649147132044 0.025189168107463047 7409
1649147157292 0.032538852675352246 7459
1649147182317 0.03328420503530651 7509
1649147207466 0.028179124579764903 7559
1649147232730 0.030312874985393135 7609
1649147258437 0.028461171311791985 7659
1649147283707 0.031805729963816705 7709
1649147308906 0.04842140005901456 7759
1649147334380 0.028143578143790364 7809
1649147459533 0.01978983694105409 7862
1649147484852 0.030496305762790145 7912
1649147510750 0.02631963591091335 7962
1649147536280 0.03569968487834558 8012
1649147562423 0.025957196283852683 8062
1649147588804 0.023228978724218904 8112
1649147614235 0.02865186250419356 8162
1649147639583 0.039804706908762456 8212
1649147664694 0.029154619090259074 8262
1649147690045 0.03512732282979414 8312
1649147715473 0.022832002385985106 8362
1649147740597 0.03279099494917318 8412
1649147765835 0.03401683227042668 8462
1649147791323 0.03086161013226956 8512
1649147816204 0.03860465546371415 8562
1649147841428 0.03974296039436012 8612
1649147866514 0.027241100938990712 8662
1649147891449 0.026954741473309694 8712
1649147916989 0.029251496847718952 8762
1649147942061 0.029759848818648606 8812
1649147967253 0.03269363304134458 8862
1649147992371 0.029219809926580638 8912
1649148018232 0.028059936058707536 8962
1649148043851 0.033544985274784264 9012
1649148068864 0.03312317547854036 9062
1649148094373 0.030205638830084355 9112
1649148119237 0.03355256057577208 9162
1649148144389 0.03487694536335766 9212
1649148169361 0.03573774095159024 9262
1649148194886 0.03620514717069454 9312
1649148220276 0.0327004146296531 9362
1649148245210 0.02538849334232509 9412
1649148270294 0.02798023129347712 9462
1649148295407 0.031119126958074048 9512
1649148320513 0.034527750578708945 9562
1649148345740 0.028405592472990973 9612
1649148371251 0.03819499883800745 9662
1649148397120 0.03536593800177798 9712
1649148422557 0.036588746269699185 9762
1649148545980 0.026200665396172555 9815
1649148570761 0.02896697252523154 9865
1649148596404 0.02319807436550036 9915
1649148621989 0.023088837194954977 9965
1649148646805 0.029129531466169284 10015
1649148671909 0.03263192557380535 10065
1649148696781 0.029313580597518013 10115
1649148722131 0.02774941371753812 10165
1649148747331 0.022136454202700405 10215
1649148772228 0.024550887626828624 10265
1649148797410 0.024960711107123643 10315
1649148822549 0.02767522945185192 10365
1649148848248 0.025685147009789945 10415
1649148873493 0.027702727583236993 10465
1649148898715 0.03174396291607991 10515
1649148924136 0.027540635545738042 10565
1649148949856 0.04679537910502404 10615
1649148975238 0.03295246381312609 10665
1649149000274 0.0324309908808209 10715
1649149025309 0.02120550981257111 10765
1649149050145 0.029903191479388625 10815
1649149075161 0.022826416506431996 10865
1649149100240 0.031644479745300484 10915
1649149125329 0.02530883265309967 10965
1649149150280 0.03396731571527198 11015
1649149175297 0.03555706679821014 11065
1649149200512 0.030887443762039765 11115
1649149225878 0.024641824398422614 11165
1649149251042 0.03766017872840166 11215
1649149276422 0.028899571085348727 11265
1649149301485 0.02669997529126704 11315
1649149327150 0.027799093965440988 11365
1649149352493 0.024281156009528786 11415
1649149377449 0.029554732162505388 11465
1649149402667 0.025693173974286766 11515
1649149427746 0.02939472872298211 11565
1649149453032 0.03002543280017562 11615
1649149478124 0.023431621982017533 11665
1649149503328 0.02723011625232175 11715
1649149627461 0.02600646379927639 11768
1649149652338 0.018824386300693732 11818
1649149677925 0.025044631756318266 11868
1649149702761 0.03113614444504492 11918
1649149727725 0.026217229361645878 11968
1649149753347 0.026609062938950954 12018
1649149778397 0.032636314262636 12068
1649149803309 0.026145499870181083 12118
1649149828662 0.023940772637724875 12168
1649149854511 0.018671877513988876 12218
1649149879714 0.025444352593040093 12268
1649149904873 0.024294558035908267 12318
1649149930845 0.023965085984091274 12368
1649149957276 0.02383907386800274 12418
1649149982687 0.03366913405247032 12468
1649150007947 0.027889425086323173 12518
1649150033118 0.03114500573137775 12568
1649150058430 0.02781909629004076 12618
1649150083338 0.027655504003050738 12668
1649150108619 0.025422836538637056 12718
1649150134487 0.03433594349306077 12768
1649150159906 0.024309256779961288 12818
1649150185311 0.024069671301404014 12868
1649150210136 0.02721011423971504 12918
1649150235998 0.031271203538635745 12968
1649150261535 0.018900899074506015 13018
1649150286674 0.03157777383166831 13068
1649150311739 0.029318615779047832 13118
1649150336900 0.025768190956150648 13168
1649150361743 0.027193077756091952 13218
1649150387256 0.02968083455460146 13268
1649150412368 0.021030615940690042 13318
1649150437546 0.025680408366024494 13368
1649150462844 0.022185121324728243 13418
1649150488532 0.021669423056300728 13468
1649150513424 0.02806650855811313 13518
1649150538594 0.020886974876048042 13568
1649150564132 0.03270108664873987 13618
1649150589796 0.02493702480336651 13668
1649150714959 0.024785218595061453 13721
1649150740501 0.02084072178811766 13771
1649150765885 0.02653196195140481 13821
1649150790879 0.028741484365891665 13871
1649150816258 0.01915529231657274 13921
1649150841366 0.01688939666026272 13971
1649150866500 0.020700627913465722 14021
1649150891971 0.030193352613132447 14071
1649150917328 0.024885706837521865 14121
1649150942842 0.024667989776935427 14171
1649150968433 0.016442075839731844 14221
1649150993725 0.03497823901823722 14271
1649151018653 0.022841767197242006 14321
1649151043989 0.023918759104562922 14371
1649151069928 0.023158102564048023 14421
1649151095419 0.017724277410889045 14471
1649151120738 0.020236463578185065 14521
1649151146241 0.02785929321194999 14571
1649151172377 0.022739480794407428 14621
1649151197650 0.02404968169517815 14671
1649151223129 0.035994903120445086 14721
1649151248468 0.02269265431095846 14771
1649151274120 0.023223966324003413 14821
1649151300075 0.034572233902290465 14871
1649151325822 0.024778750487603248 14921
1649151351547 0.03151004578452557 14971
1649151376827 0.02673027597134933 15021
1649151402317 0.023275049509247765 15071
1649151427363 0.03334199422504753 15121
1649151452448 0.02340217283111997 15171
1649151477602 0.022470309492200614 15221
1649151502797 0.028557272064499557 15271
1649151527760 0.027582510649226608 15321
1649151553315 0.02447153841261752 15371
1649151578658 0.022673313007690012 15421
1649151604236 0.024367140781832858 15471
1649151629709 0.026405316507443787 15521
1649151654800 0.018258033324964344 15571
1649151679907 0.030255729439668356 15621
1649151803495 0.023740673974389212 15674
1649151829412 0.022939177472144367 15724
1649151854696 0.028988414095947518 15774
1649151880394 0.021741674268851055 15824
1649151905466 0.019332968958187847 15874
1649151931198 0.018768882006406785 15924
1649151956698 0.01733270751661621 15974
1649151982469 0.018419727075961418 16024
1649152007716 0.020357145511079578 16074
1649152032754 0.01814350646047387 16124
1649152058102 0.015591836973617318 16174
1649152083786 0.025702217181678862 16224
1649152109179 0.017742271502502262 16274
1649152134546 0.018320849637966603 16324
1649152160082 0.01615094437613152 16374
1649152185281 0.013337610652670265 16424
1649152211011 0.018679128871881404 16474
1649152236418 0.01842773438373115 16524
1649152261562 0.01540205218596384 16574
1649152286826 0.018524767978233284 16624
1649152313219 0.020839756231289357 16674
1649152338851 0.021632174006081185 16724
1649152363798 0.023089237684034744 16774
1649152388918 0.01679058282112237 16824
1649152414101 0.015853290407103485 16874
1649152439489 0.015417708497843706 16924
1649152464530 0.02112003199843457 16974
1649152489424 0.01503420040186029 17024
1649152514814 0.016280282705556603 17074
1649152539854 0.019491381278494372 17124
1649152565218 0.013471287880674936 17174
1649152591086 0.01226615883060731 17224
1649152617127 0.013142947420856217 17274
1649152642911 0.013952918108552695 17324
1649152668484 0.02178373350529 17374
1649152693788 0.01641700966982171 17424
1649152719011 0.013703326248796657 17474
1649152744053 0.02064529150375165 17524
1649152769370 0.018946663598762827 17574
1649152892269 0.015781011950457467 17627
1649152917392 0.019230301570496523 17677
1649152942947 0.013040226000011899 17727
1649152967994 0.01624550978624029 17777
1649152993006 0.015813660902203992 17827
1649153018572 0.01848862074490171 17877
1649153043711 0.015693880491016898 17927
1649153069094 0.017577501244377344 17977
1649153094772 0.016035934536485 18027
1649153120255 0.01617776620463701 18077
1649153145664 0.01641836030059494 18127
1649153171080 0.017531742721330373 18177
1649153196574 0.01885737671982497 18227
1649153221573 0.013731211759150028 18277
1649153246933 0.01592311820626492 18327
1649153272257 0.01814544855180429 18377
1649153297446 0.017728825053200125 18427
1649153322693 0.017828263931442052 18477
1649153347774 0.020551762384129688 18527
1649153372981 0.01377992432040628 18577
1649153398036 0.0280618203378981 18627
1649153423216 0.015432501933246386 18677
1649153448272 0.020286348198133054 18727
1649153473286 0.019018671693629585 18777
1649153498206 0.016410988088755404 18827
1649153523209 0.019810429707868026 18877
1649153548328 0.014627415840514003 18927
1649153573495 0.012075581736280584 18977
1649153598704 0.020219051667954773 19027
1649153623862 0.014083105001482181 19077
1649153649342 0.012846950277453289 19127
1649153673966 0.016863237861834933 19177
1649153698806 0.017308327383361757 19227
1649153723808 0.01219421993868309 19277
1649153749261 0.0165007977175992 19327
1649153774259 0.012396588046103716 19377
1649153799261 0.014305867714574561 19427
1649153824755 0.01568744668038562 19477
1649153849807 0.013730736973229796 19527
1649153972810 0.014961295070825144 19580
1649153998201 0.013345200920593926 19630
1649154023784 0.015669317218707873 19680
1649154048829 0.014418724293936975 19730
1649154074592 0.020010815826244654 19780
1649154099851 0.015973628151987215 19830
1649154124984 0.01602468922530534 19880
1649154150023 0.012892113320995123 19930
1649154175362 0.014810102705378086 19980
1649154200588 0.01620821744785644 20030
1649154225727 0.013118479910772293 20080
1649154250920 0.014554468516726047 20130
1649154276058 0.014737616436905228 20180
1649154301431 0.016983920874772594 20230
1649154327255 0.014441982534481212 20280
1649154352297 0.015478935823775828 20330
1649154377362 0.009217164228903129 20380
1649154402757 0.01733326541434508 20430
1649154427719 0.016492836268153042 20480
1649154452785 0.015121329631074331 20530
1649154478222 0.020052553750865627 20580
1649154503882 0.014418950426625088 20630
1649154528679 0.013240585145540535 20680
1649154553945 0.016386916256451514 20730
1649154579281 0.016187616353854538 20780
1649154604553 0.01801036777382251 20830
1649154629822 0.01789007708313875 20880
1649154654850 0.012048882692179177 20930
1649154680329 0.01561127887107432 20980
1649154706367 0.016198821363504975 21030
1649154732339 0.012048100987740326 21080
1649154758380 0.016576833481667563 21130
1649154784061 0.011809070142626298 21180
1649154808765 0.014822186728124506 21230
1649154834331 0.0149856674275361 21280
1649154859961 0.015162929235375487 21330
1649154885813 0.016872737114899793 21380
1649154911419 0.021251885578967632 21430
1649154936740 0.015491681702551432 21480
1649155061339 0.01703487731167115 21533
1649155086749 0.01738402592309285 21583
1649155111469 0.011602575155848172 21633
1649155136729 0.014907580825092737 21683
1649155162163 0.017380924122408034 21733
1649155187142 0.018675303940544837 21783
1649155212831 0.018335739784961332 21833
1649155238335 0.019010043121525086 21883
1649155263555 0.012894693126436324 21933
1649155288571 0.015921079870313406 21983
1649155313695 0.012900228039361536 22033
1649155338956 0.01465486925386358 22083
1649155364466 0.018584045703173614 22133
1649155389728 0.016068446314893663 22183
1649155415252 0.01717007077357266 22233
1649155440819 0.013870974872843363 22283
1649155466920 0.013191150402999483 22333
1649155492493 0.01725950067862868 22383
1649155517792 0.013044295948348009 22433
1649155543206 0.009638614815194159 22483
1649155568340 0.013864237600064371 22533
1649155593590 0.01551060218771454 22583
1649155619281 0.01577316938433796 22633
1649155644503 0.01078946795896627 22683
1649155669879 0.013466379960009362 22733
1649155695111 0.013553293465520255 22783
1649155720738 0.013653130343882366 22833
1649155746291 0.012813937075843568 22883
1649155771710 0.012051341923943255 22933
1649155797175 0.013846374385757372 22983
1649155822230 0.010447958969161847 23033
1649155847382 0.015759465422597714 23083
1649155872416 0.01890092518995516 23133
1649155897400 0.01160989416341181 23183
1649155922893 0.016081774955964648 23233
1649155948370 0.014810098237940111 23283
1649155973876 0.013150741385761649 23333
1649155998980 0.011560031508561225 23383
1649156024457 0.013826683185761794 23433
