1649143112242 0.0383681559143588 50
1649143137264 0.047383437626995144 100
1649143162523 0.03619136157911271 150
1649143187807 0.04024836810771376 200
1649143212831 0.038450378158595415 250
1649143238019 0.03797189467586577 300
1649143263418 0.04484594556502998 350
1649143288868 0.03176154869841412 400
1649143313773 0.04132258913479745 450
1649143338842 0.03766536387149245 500
1649143364411 0.032267423328012225 550
1649143389491 0.02668589383130893 600
1649143414871 0.04291680128779262 650
1649143439981 0.03867297003511339 700
1649143465413 0.05471957934089005 750
1649143491221 0.041666973065584895 800
1649143516702 0.041488432218320666 850
1649143541786 0.039306207336485384 900
1649143567235 0.04008720371872187 950
1649143592463 0.061221350645646454 1000
1649143618484 0.04255128361284733 1050
1649143644260 0.044758836764376614 1100
1649143670043 0.03293959400150925 1150
1649143695295 0.028634924420621245 1200
1649143721062 0.03498154890257865 1250
1649143746451 0.047015677257440984 1300
1649143771869 0.035775829311460255 1350
1649143797714 0.02117010353365913 1400
1649143823248 0.0320279228175059 1450
1649143848502 0.03368135323282331 1500
1649143873685 0.047951988126151264 1550
1649143898971 0.040245385984890164 1600
1649143924877 0.03611778873135336 1650
1649143950373 0.03784145824844018 1700
1649143975740 0.036048862625611945 1750
1649144000894 0.03509528311435133 1800
1649144026150 0.04809564119204879 1850
1649144051499 0.047454740554094314 1900
1649144077078 0.038773075486533345 1950
1649144201395 0.030832603091839703 2003
1649144226431 0.04714263836154714 2053
1649144251612 0.03581119048409164 2103
1649144276861 0.03178960058372468 2153
1649144301985 0.034088455829769375 2203
1649144327253 0.03054768990725279 2253
1649144352348 0.03321836193557828 2303
1649144377599 0.025572529747150838 2353
1649144402990 0.028681425407994537 2403
1649144428326 0.0362870738375932 2453
1649144454064 0.03210140280425548 2503
1649144479554 0.03582616058178246 2553
1649144504784 0.030230246167629957 2603
1649144529932 0.0418612816138193 2653
1649144555690 0.024183972249738873 2703
1649144580697 0.03996159002650529 2753
1649144606232 0.028530745967291295 2803
1649144631534 0.028591057159937917 2853
1649144656565 0.026341628743102773 2903
1649144681771 0.0369219481619075 2953
1649144706836 0.03127930918242782 3003
1649144732115 0.043483167747035624 3053
1649144757925 0.02966527654323727 3103
1649144783651 0.042435444579459726 3153
1649144808827 0.027916913758963345 3203
1649144833823 0.03786092852707952 3253
1649144859184 0.04318981100106612 3303
1649144884808 0.02495392452692613 3353
1649144910424 0.03167085778200999 3403
1649144935604 0.028175809187814593 3453
1649144960851 0.040871297009289265 3503
1649144986329 0.03065395662095398 3553
1649145011369 0.034791085277684035 3603
1649145036249 0.030952809010632337 3653
1649145061322 0.028567008804529906 3703
1649145087359 0.032674459354020656 3753
1649145112487 0.034656611056998375 3803
1649145138187 0.0420850590406917 3853
1649145163893 0.038054817715892565 3903
1649145289207 0.033477906840853396 3956
1649145314307 0.03465681769419462 4006
1649145339264 0.03140319869387895 4056
1649145364396 0.0374188027868513 4106
1649145390200 0.032062548098620025 4156
1649145415443 0.03424860129598528 4206
1649145440517 0.03183089522877708 4256
1649145466146 0.043073638374917206 4306
1649145491298 0.03523079181089997 4356
1649145516692 0.03144204176729545 4406
1649145541803 0.026671729488298296 4456
1649145567118 0.028451086764689534 4506
1649145592283 0.03505563967395574 4556
1649145617374 0.027900443091057242 4606
1649145642850 0.03408385028131306 4656
1649145668165 0.030965756699442862 4706
1649145693268 0.02276360827498138 4756
1649145718231 0.030806793149095027 4806
1649145743686 0.028326972431968897 4856
1649145769000 0.03230564456898719 4906
1649145794014 0.029061021571978925 4956
1649145819203 0.02945634917356074 5006
1649145844783 0.034503509188070894 5056
1649145870028 0.03131671244977042 5106
1649145895459 0.031679710282478485 5156
1649145920586 0.03443986610043794 5206
1649145945984 0.024321408369578423 5256
1649145971484 0.034110250365920365 5306
1649145996799 0.029951808475889265 5356
1649146022272 0.02668981723021716 5406
1649146047793 0.02712142337113619 5456
1649146073214 0.02297442779643461 5506
1649146097985 0.020972728468477725 5556
1649146123140 0.03636561594437808 5606
1649146148751 0.031613405840471384 5656
1649146173714 0.025367794253397732 5706
1649146199949 0.026835338408127428 5756
1649146225401 0.02875325169414282 5806
1649146250287 0.022051748037338257 5856
1649146373198 0.03130201342748478 5909
1649146398311 0.02520764634013176 5959
1649146424130 0.029154087351635098 6009
1649146449331 0.02970920196734369 6059
1649146474339 0.025760987624526024 6109
1649146499282 0.030375806901138277 6159
1649146524864 0.033247340838424864 6209
1649146550548 0.036759450701065365 6259
1649146575231 0.03797724144067615 6309
1649146600294 0.023417547864373774 6359
1649146626005 0.03226165094412863 6409
1649146651822 0.023581483133602886 6459
1649146677404 0.02147892478387803 6509
1649146702943 0.022117271760944277 6559
1649146728993 0.037638938837917524 6609
1649146754481 0.03222240506671369 6659
1649146779291 0.026658368459902704 6709
1649146804352 0.028531678189756347 6759
1649146829820 0.026387668494135142 6809
1649146854778 0.026735551077872514 6859
1649146879799 0.026639288156293333 6909
1649146904892 0.024274853956885636 6959
1649146929783 0.03257451344281435 7009
1649146955167 0.041586033599451185 7059
1649146980326 0.025867865956388413 7109
1649147005411 0.03189056729432196 7159
1649147030819 0.029203538538422436 7209
1649147056443 0.0324286654102616 7259
1649147081375 0.02982721069129184 7309
1649147106866 0.02908372849342413 7359
1649147132044 0.02658215289004147 7409
1649147157292 0.026951286457479 7459
1649147182317 0.03400669516297057 7509
1649147207466 0.022747178063727915 7559
1649147232730 0.025960793350823224 7609
1649147258437 0.027332666791044177 7659
1649147283707 0.03250911866314709 7709
1649147308906 0.03830998237710446 7759
1649147334380 0.025885002949507907 7809
1649147459533 0.028981098110089077 7862
1649147484852 0.02623155356384814 7912
1649147510750 0.027830572254024445 7962
1649147536280 0.031176095239352435 8012
1649147562423 0.024372528339736164 8062
1649147588804 0.017618440249934794 8112
1649147614235 0.02656370164360851 8162
1649147639583 0.029783533927984537 8212
1649147664694 0.02884745435323566 8262
1649147690045 0.024299408211372792 8312
1649147715473 0.02032308726105839 8362
1649147740597 0.032357155280187726 8412
1649147765835 0.029579660622403026 8462
1649147791323 0.028964934954419732 8512
1649147816204 0.03196727777132764 8562
1649147841428 0.031752958889119325 8612
1649147866514 0.028260043908376248 8662
1649147891449 0.030339619318256156 8712
1649147916989 0.027438847112935035 8762
1649147942061 0.025815112295094877 8812
1649147967253 0.028643796875840052 8862
1649147992371 0.022897605490870773 8912
1649148018232 0.023655411237850785 8962
1649148043851 0.03299718399299309 9012
1649148068864 0.028528236707206816 9062
1649148094373 0.02959446470486 9112
1649148119237 0.03627736219204962 9162
1649148144389 0.02439356270246208 9212
1649148169361 0.029056310299783946 9262
1649148194886 0.02971390342107043 9312
1649148220276 0.028099238887662067 9362
1649148245210 0.022794593108119442 9412
1649148270294 0.027132377251982687 9462
1649148295407 0.030865444446681066 9512
1649148320513 0.025494544559624046 9562
1649148345740 0.03235252717277035 9612
1649148371251 0.039718516422435644 9662
1649148397120 0.022728531898465007 9712
1649148422557 0.030897699519991873 9762
1649148545980 0.02268114036065526 9815
1649148570761 0.02489049287280068 9865
1649148596404 0.026132757826708257 9915
1649148621989 0.02562478830339387 9965
1649148646805 0.028948374413885175 10015
1649148671909 0.027923513704445214 10065
1649148696781 0.028781992360018195 10115
1649148722131 0.022589197689667342 10165
1649148747331 0.022213761669117957 10215
1649148772228 0.024845244931057095 10265
1649148797410 0.031694202943472194 10315
1649148822549 0.029753862279467285 10365
1649148848248 0.02456544606713578 10415
1649148873493 0.027096009666565807 10465
1649148898715 0.02908826642902568 10515
1649148924136 0.03029412597650662 10565
1649148949856 0.03345207896316424 10615
1649148975238 0.02229672951856628 10665
1649149000274 0.02539175159763545 10715
1649149025309 0.026080696596764028 10765
1649149050145 0.025864700035890566 10815
1649149075161 0.02463692064397037 10865
1649149100240 0.020856638031546026 10915
1649149125329 0.019014807399362326 10965
1649149150280 0.031960046398453415 11015
1649149175297 0.032101557552814484 11065
1649149200512 0.0341978237289004 11115
1649149225878 0.02359005088103004 11165
1649149251042 0.030441107267979533 11215
1649149276422 0.030835065850988032 11265
1649149301485 0.028616786110214888 11315
1649149327150 0.026633837451227008 11365
1649149352493 0.025885690639261157 11415
1649149377449 0.034832308050245044 11465
1649149402667 0.02616888440679759 11515
1649149427746 0.03401552128372714 11565
1649149453032 0.027312023668782784 11615
1649149478124 0.02438579408917576 11665
1649149503328 0.03350201572990045 11715
1649149627461 0.03236084535717964 11768
1649149652338 0.020852475974243133 11818
1649149677925 0.02546832423657179 11868
1649149702761 0.030605629776837305 11918
1649149727725 0.02135691129369661 11968
1649149753347 0.028696623707655817 12018
1649149778397 0.02855824737693183 12068
1649149803309 0.033985226703807714 12118
1649149828662 0.025521795365493746 12168
1649149854511 0.018897255508927627 12218
1649149879714 0.031550722266547385 12268
1649149904873 0.029218987047206612 12318
1649149930845 0.022248501307331026 12368
1649149957276 0.028348098769783975 12418
1649149982687 0.03585540438070893 12468
1649150007947 0.028781200204975904 12518
1649150033118 0.027237631601747126 12568
1649150058430 0.029146061483770608 12618
1649150083338 0.03520129792217631 12668
1649150108619 0.027940141697181387 12718
1649150134487 0.02348170349607244 12768
1649150159906 0.028122455014381556 12818
1649150185311 0.019871104393387212 12868
1649150210136 0.02245332069694996 12918
1649150235998 0.032598833267111334 12968
1649150261535 0.02157208813354373 13018
1649150286674 0.027755498902406542 13068
1649150311739 0.027503851347137242 13118
1649150336900 0.028976582589093594 13168
1649150361743 0.0254436944401823 13218
1649150387256 0.02428839056752622 13268
1649150412368 0.020544315255247057 13318
1649150437546 0.020997371055418625 13368
1649150462844 0.018490893952548503 13418
1649150488532 0.025689154816791415 13468
1649150513424 0.024863164441194387 13518
1649150538594 0.01763385177240707 13568
1649150564132 0.03063898658612743 13618
1649150589796 0.0275091915554367 13668
1649150714959 0.023218613096978515 13721
1649150740501 0.02119841777137481 13771
1649150765885 0.024662721389904618 13821
1649150790879 0.03204251046292484 13871
1649150816258 0.025093729025684297 13921
1649150841366 0.020810797743033616 13971
1649150866500 0.024669246919220313 14021
1649150891971 0.0276096018217504 14071
1649150917328 0.025187215690966696 14121
1649150942842 0.021849974173819647 14171
1649150968433 0.021975691607221962 14221
1649150993725 0.03863323666155338 14271
1649151018653 0.018644686308689415 14321
1649151043989 0.028786675871815534 14371
1649151069928 0.025465906232129784 14421
1649151095419 0.026451737442985176 14471
1649151120738 0.02196408268995583 14521
1649151146241 0.022657868335954845 14571
1649151172377 0.028891746217850595 14621
1649151197650 0.027286034249700605 14671
1649151223129 0.03726335773011669 14721
1649151248468 0.023946996401064097 14771
1649151274120 0.02060801810817793 14821
1649151300075 0.03287444275338203 14871
1649151325822 0.027040395815856755 14921
1649151351547 0.032964884594548494 14971
1649151376827 0.027197399754077197 15021
1649151402317 0.028711728057824074 15071
1649151427363 0.025543904493097215 15121
1649151452448 0.02331777410581708 15171
1649151477602 0.01874671518802643 15221
1649151502797 0.027804188490845264 15271
1649151527760 0.02701503289747052 15321
1649151553315 0.025518906434299424 15371
1649151578658 0.023892067198175937 15421
1649151604236 0.023093877255450933 15471
1649151629709 0.028590042809955776 15521
1649151654800 0.02319438444217667 15571
1649151679907 0.030557021999266 15621
1649151803495 0.026236012207809835 15674
1649151829412 0.020631969179958104 15724
1649151854696 0.029879892731551082 15774
1649151880394 0.025503803296014666 15824
1649151905466 0.020411490539554506 15874
1649151931198 0.022712928478140385 15924
1649151956698 0.019904494171496482 15974
1649151982469 0.025699917525053025 16024
1649152007716 0.028907641857513225 16074
1649152032754 0.021914732409641147 16124
1649152058102 0.021090674826409667 16174
1649152083786 0.031750648121815175 16224
1649152109179 0.01980706546921283 16274
1649152134546 0.026716969173867254 16324
1649152160082 0.02340786188840866 16374
1649152185281 0.01749769147252664 16424
1649152211011 0.024541873364942148 16474
1649152236418 0.024850586091633885 16524
1649152261562 0.019277271246537567 16574
1649152286826 0.02714557066326961 16624
1649152313219 0.021113369412487374 16674
1649152338851 0.02735709264408797 16724
1649152363798 0.02449888296192512 16774
1649152388918 0.02197423265315592 16824
1649152414101 0.019979604170657694 16874
1649152439489 0.016412073792889715 16924
1649152464530 0.02527193128829822 16974
1649152489424 0.021543636857531964 17024
1649152514814 0.02322227477794513 17074
1649152539854 0.02201082883751951 17124
1649152565218 0.01800242892000824 17174
1649152591086 0.01827672308543697 17224
1649152617127 0.014981292670127004 17274
1649152642911 0.01823866569902748 17324
1649152668484 0.028741513499990105 17374
1649152693788 0.02544900459703058 17424
1649152719011 0.01997483154409565 17474
1649152744053 0.020707884607836603 17524
1649152769370 0.0269331974722445 17574
1649152892269 0.02592815500102006 17627
1649152917392 0.020311203106539322 17677
1649152942947 0.023662282924633474 17727
1649152967994 0.02402255347231403 17777
1649152993006 0.019309673313982784 17827
1649153018572 0.02550538474926725 17877
1649153043711 0.024714895898941904 17927
1649153069094 0.03220900402870029 17977
1649153094772 0.020336481847334654 18027
1649153120255 0.01891931641031988 18077
1649153145664 0.02190082847722806 18127
1649153171080 0.02171988411748316 18177
1649153196574 0.01967142792069353 18227
1649153221573 0.016281505466322413 18277
1649153246933 0.02355020017712377 18327
1649153272257 0.019457700598286463 18377
1649153297446 0.02282884262385778 18427
1649153322693 0.019650708474218844 18477
1649153347774 0.026820753377396613 18527
1649153372981 0.018252031725132838 18577
1649153398036 0.029889356968924405 18627
1649153423216 0.026452926000347363 18677
1649153448272 0.021531385942362247 18727
1649153473286 0.016642503350740297 18777
1649153498206 0.017876722796354442 18827
1649153523209 0.0247200483083725 18877
1649153548328 0.02225995378335938 18927
1649153573495 0.015492429569130764 18977
1649153598704 0.02279420034494251 19027
1649153623862 0.023400356117635964 19077
1649153649342 0.01875934991403483 19127
1649153673966 0.019798865863122045 19177
1649153698806 0.020999662367394194 19227
1649153723808 0.017385651101358236 19277
1649153749261 0.021643522336380557 19327
1649153774259 0.019622861177194865 19377
1649153799261 0.023592060306109486 19427
1649153824755 0.025648037120699883 19477
1649153849807 0.015171654160367325 19527
1649153972810 0.017783183701103555 19580
1649153998201 0.022614772354718298 19630
1649154023784 0.021949544438393788 19680
1649154048829 0.017138970074011012 19730
1649154074592 0.0203379518375732 19780
1649154099851 0.02519836381310597 19830
1649154124984 0.022018375175539406 19880
1649154150023 0.0172804114385508 19930
1649154175362 0.025190676402999088 19980
1649154200588 0.023127935589291156 20030
1649154225727 0.01818076871568337 20080
1649154250920 0.017851663995534183 20130
1649154276058 0.019578122382517903 20180
1649154301431 0.027466750608291478 20230
1649154327255 0.022126611622516067 20280
1649154352297 0.01998582303582225 20330
1649154377362 0.014085267092450521 20380
1649154402757 0.019913235248532148 20430
1649154427719 0.02593622014159337 20480
1649154452785 0.01952838168013841 20530
1649154478222 0.0251425291527994 20580
1649154503882 0.023466060627251862 20630
1649154528679 0.01588991948752664 20680
1649154553945 0.02408942423760891 20730
1649154579281 0.019250336401746608 20780
1649154604553 0.023697806280106305 20830
1649154629822 0.02313142272992991 20880
1649154654850 0.020406311820261182 20930
1649154680329 0.02005934772780165 20980
1649154706367 0.022234165164409205 21030
1649154732339 0.02097556501161307 21080
1649154758380 0.02330708737950772 21130
1649154784061 0.017187977390130983 21180
1649154808765 0.01945826494367793 21230
1649154834331 0.019147937530069613 21280
1649154859961 0.024052518710959703 21330
1649154885813 0.023236915031448008 21380
1649154911419 0.025508471126668156 21430
1649154936740 0.022366593743208797 21480
1649155061339 0.02003188166068867 21533
1649155086749 0.021995060597546398 21583
1649155111469 0.016380352416308596 21633
1649155136729 0.02378781240666285 21683
1649155162163 0.01993011624086648 21733
1649155187142 0.02250853060511872 21783
1649155212831 0.02626976732746698 21833
1649155238335 0.021968004294903948 21883
1649155263555 0.01963317677611485 21933
1649155288571 0.019902675559278576 21983
1649155313695 0.01818116183159873 22033
1649155338956 0.019770625992678106 22083
1649155364466 0.025237000870984048 22133
1649155389728 0.02149429756682366 22183
1649155415252 0.023097438792465255 22233
1649155440819 0.017086120094172656 22283
1649155466920 0.02184289145749062 22333
1649155492493 0.02619388445164077 22383
1649155517792 0.021208761752350255 22433
1649155543206 0.01341977751115337 22483
1649155568340 0.021482865682337433 22533
1649155593590 0.025222750931279733 22583
1649155619281 0.023051726256962866 22633
1649155644503 0.013969790991395711 22683
1649155669879 0.018374519674107432 22733
1649155695111 0.01639892064034939 22783
1649155720738 0.01755414525512606 22833
1649155746291 0.015991759286262095 22883
1649155771710 0.023381047921720893 22933
1649155797175 0.02084852635860443 22983
1649155822230 0.016723406146047635 23033
1649155847382 0.02241274563362822 23083
1649155872416 0.02685531913302839 23133
1649155897400 0.0174633638036903 23183
1649155922893 0.020913688946166076 23233
1649155948370 0.0267480322602205 23283
1649155973876 0.023747138355392963 23333
1649155998980 0.014068595045246183 23383
1649156024457 0.02159975720802322 23433
