1649285278947 4.995100000000008e-06 50
1649285304271 9.990100000000003e-06 100
1649285329582 1.4985100000000007e-05 150
1649285354431 1.9980100000000012e-05 200
1649285379835 2.4975099999999994e-05 250
1649285405226 2.997009999999999e-05 300
1649285430470 3.4965099999999995e-05 350
1649285456047 3.99601e-05 400
1649285481352 4.4955100000000006e-05 450
1649285506674 4.99501e-05 500
1649285531906 5.4945100000000004e-05 550
1649285556812 5.99401e-05 600
1649285582292 6.493510000000001e-05 650
1649285607413 6.99301e-05 700
1649285632266 7.49251e-05 750
1649285657208 7.992010000000001e-05 800
1649285682356 8.49151e-05 850
1649285707638 8.99101e-05 900
1649285732851 9.490510000000001e-05 950
1649285757634 9.990010000000001e-05 1000
1649285783482 0.0001 1050
1649285808779 0.0001 1100
1649285834024 0.0001 1150
1649285859184 0.0001 1200
1649285884259 0.0001 1250
1649285909684 0.0001 1300
1649285935399 0.0001 1350
1649285960523 0.0001 1400
1649285985267 0.0001 1450
1649286010320 0.0001 1500
1649286035409 0.0001 1550
1649286060734 0.0001 1600
1649286085793 0.0001 1650
1649286110899 0.0001 1700
1649286135912 0.0001 1750
1649286160706 0.0001 1800
1649286185738 0.0001 1850
1649286210729 0.0001 1900
1649286235676 0.0001 1950
1649286331748 0.0001 1956
1649286359275 0.0001 2005
1649286384501 0.0001 2055
1649286409308 0.0001 2105
1649286434738 0.0001 2155
1649286460104 0.0001 2205
1649286485360 0.0001 2255
1649286510219 0.0001 2305
1649286535271 0.0001 2355
1649286560611 0.0001 2405
1649286585831 0.0001 2455
1649286610758 0.0001 2505
1649286636368 0.0001 2555
1649286661367 0.0001 2605
1649286686410 0.0001 2655
1649286711859 0.0001 2705
1649286737148 0.0001 2755
1649286762035 0.0001 2805
1649286786930 0.0001 2855
1649286812268 0.0001 2905
1649286837551 0.0001 2955
1649286862792 0.0001 3005
1649286888152 0.0001 3055
1649286913328 0.0001 3105
1649286938258 0.0001 3155
1649286963471 0.0001 3205
1649286988680 0.0001 3255
1649287013829 0.0001 3305
1649287039360 0.0001 3355
1649287064225 0.0001 3405
1649287089245 0.0001 3455
1649287114318 0.0001 3505
1649287139468 0.0001 3555
1649287164321 0.0001 3605
1649287189493 0.0001 3655
1649287214470 0.0001 3705
1649287239494 0.0001 3755
1649287264396 0.0001 3805
1649287289283 0.0001 3855
1649287314472 0.0001 3905
1649287410505 0.0001 3911
1649287438200 0.0001 3960
1649287463659 0.0001 4010
1649287489071 0.0001 4060
1649287514278 0.0001 4110
1649287539352 0.0001 4160
1649287564590 0.0001 4210
1649287589703 0.0001 4260
1649287614325 0.0001 4310
1649287639665 0.0001 4360
1649287664962 0.0001 4410
1649287689921 0.0001 4460
1649287715266 0.0001 4510
1649287740322 0.0001 4560
1649287765214 0.0001 4610
1649287790267 0.0001 4660
1649287815521 0.0001 4710
1649287840812 0.0001 4760
1649287865957 0.0001 4810
1649287890969 0.0001 4860
1649287916133 0.0001 4910
1649287941451 0.0001 4960
1649287967177 0.0001 5010
1649287992279 0.0001 5060
1649288017212 0.0001 5110
1649288042190 0.0001 5160
1649288066821 0.0001 5210
1649288091415 0.0001 5260
1649288116263 0.0001 5310
1649288141329 0.0001 5360
1649288166613 0.0001 5410
1649288192419 0.0001 5460
1649288217961 0.0001 5510
1649288243559 0.0001 5560
1649288268719 0.0001 5610
1649288294344 0.0001 5660
1649288319866 0.0001 5710
1649288345204 0.0001 5760
1649288370201 0.0001 5810
1649288395116 0.0001 5860
1649288491458 0.0001 5866
1649288518631 0.0001 5915
1649288543731 0.0001 5965
1649288568243 0.0001 6015
1649288593301 0.0001 6065
1649288618766 0.0001 6115
1649288643796 0.0001 6165
1649288668803 0.0001 6215
1649288693883 0.0001 6265
1649288718813 0.0001 6315
1649288743765 0.0001 6365
1649288769066 0.0001 6415
1649288794244 0.0001 6465
1649288819054 0.0001 6515
1649288843964 0.0001 6565
1649288869205 0.0001 6615
1649288894582 0.0001 6665
1649288919630 0.0001 6715
1649288944360 0.0001 6765
1649288969632 0.0001 6815
1649288994447 0.0001 6865
1649289020058 0.0001 6915
1649289045339 0.0001 6965
1649289070456 0.0001 7015
1649289095220 0.0001 7065
1649289119907 0.0001 7115
1649289145348 0.0001 7165
1649289170388 0.0001 7215
1649289195162 0.0001 7265
1649289220418 0.0001 7315
1649289245835 0.0001 7365
1649289271048 0.0001 7415
1649289296351 0.0001 7465
1649289321752 0.0001 7515
1649289346905 0.0001 7565
1649289372263 0.0001 7615
1649289397375 0.0001 7665
1649289422784 0.0001 7715
1649289447933 0.0001 7765
1649289472687 0.0001 7815
1649289567269 0.0001 7821
1649289594716 0.0001 7870
1649289619689 0.0001 7920
1649289644792 0.0001 7970
1649289670380 0.0001 8020
1649289695397 0.0001 8070
1649289720800 0.0001 8120
1649289746146 0.0001 8170
1649289772360 0.0001 8220
1649289797694 0.0001 8270
1649289823219 0.0001 8320
1649289848535 0.0001 8370
1649289873790 0.0001 8420
1649289899506 0.0001 8470
1649289924851 0.0001 8520
1649289949888 0.0001 8570
1649289974759 0.0001 8620
1649289999993 0.0001 8670
1649290025311 0.0001 8720
1649290050224 0.0001 8770
1649290075184 0.0001 8820
1649290100074 0.0001 8870
1649290125226 0.0001 8920
1649290150427 0.0001 8970
1649290175554 0.0001 9020
1649290201045 0.0001 9070
1649290225939 0.0001 9120
1649290251218 0.0001 9170
1649290276256 0.0001 9220
1649290301292 0.0001 9270
1649290326315 0.0001 9320
1649290351654 0.0001 9370
1649290376828 0.0001 9420
1649290401790 0.0001 9470
1649290426927 0.0001 9520
1649290451819 0.0001 9570
1649290476974 0.0001 9620
1649290502287 0.0001 9670
1649290527697 0.0001 9720
1649290553185 0.0001 9770
1649290649599 0.0001 9776
1649290676790 0.0001 9825
1649290702166 0.0001 9875
1649290727283 0.0001 9925
1649290752383 0.0001 9975
1649290777121 0.0001 10025
1649290802417 0.0001 10075
1649290827708 0.0001 10125
1649290852647 0.0001 10175
1649290877849 0.0001 10225
1649290903329 0.0001 10275
1649290928848 0.0001 10325
1649290953900 0.0001 10375
1649290978973 0.0001 10425
1649291004777 0.0001 10475
1649291030042 0.0001 10525
1649291054844 0.0001 10575
1649291079711 0.0001 10625
1649291104646 0.0001 10675
1649291129897 0.0001 10725
1649291155193 0.0001 10775
1649291180299 0.0001 10825
1649291205567 0.0001 10875
1649291230647 0.0001 10925
1649291255990 0.0001 10975
1649291280875 0.0001 11025
1649291305789 0.0001 11075
1649291330742 0.0001 11125
1649291355474 0.0001 11175
1649291381020 0.0001 11225
1649291405775 0.0001 11275
1649291430778 0.0001 11325
1649291455723 0.0001 11375
1649291481188 0.0001 11425
1649291506815 0.0001 11475
1649291531866 0.0001 11525
1649291556729 0.0001 11575
1649291581716 0.0001 11625
1649291606537 0.0001 11675
1649291631975 0.0001 11725
1649291727374 0.0001 11731
1649291754691 0.0001 11780
1649291779268 0.0001 11830
1649291804325 0.0001 11880
1649291829278 0.0001 11930
1649291854135 0.0001 11980
1649291878714 0.0001 12030
1649291904066 0.0001 12080
1649291929519 0.0001 12130
1649291954889 0.0001 12180
1649291979516 0.0001 12230
1649292004686 0.0001 12280
1649292029505 0.0001 12330
1649292054560 0.0001 12380
1649292080023 0.0001 12430
1649292104811 0.0001 12480
1649292129791 0.0001 12530
1649292155261 0.0001 12580
1649292181322 0.0001 12630
1649292206275 0.0001 12680
1649292231303 0.0001 12730
1649292256025 0.0001 12780
1649292281261 0.0001 12830
1649292306717 0.0001 12880
1649292331731 0.0001 12930
1649292356701 0.0001 12980
1649292381650 0.0001 13030
1649292407004 0.0001 13080
1649292432207 0.0001 13130
1649292457893 0.0001 13180
1649292482842 0.0001 13230
1649292508259 0.0001 13280
1649292533615 0.0001 13330
1649292559191 0.0001 13380
1649292584310 0.0001 13430
1649292609313 0.0001 13480
1649292634624 0.0001 13530
1649292659564 0.0001 13580
1649292684778 0.0001 13630
1649292709766 0.0001 13680
1649292804401 0.0001 13686
1649292831765 0.0001 13735
1649292856902 0.0001 13785
1649292882691 0.0001 13835
1649292908270 0.0001 13885
1649292933921 0.0001 13935
1649292958721 0.0001 13985
1649292983772 0.0001 14035
1649293008759 0.0001 14085
1649293033732 0.0001 14135
1649293058799 0.0001 14185
1649293085129 0.0001 14235
1649293110224 0.0001 14285
1649293135261 0.0001 14335
1649293160753 0.0001 14385
1649293186321 0.0001 14435
1649293211667 0.0001 14485
1649293237181 0.0001 14535
1649293262220 0.0001 14585
1649293287080 0.0001 14635
1649293312040 0.0001 14685
1649293337053 0.0001 14735
1649293362239 0.0001 14785
1649293387306 0.0001 14835
1649293412059 0.0001 14885
1649293436909 0.0001 14935
1649293461796 0.0001 14985
1649293486820 0.0001 15035
1649293511774 0.0001 15085
1649293536782 0.0001 15135
1649293561345 0.0001 15185
1649293586881 0.0001 15235
1649293611978 0.0001 15285
1649293637060 0.0001 15335
1649293662726 0.0001 15385
1649293687725 0.0001 15435
1649293712899 0.0001 15485
1649293738323 0.0001 15535
1649293763476 0.0001 15585
1649293788743 0.0001 15635
1649293884110 0.0001 15641
1649293911679 1e-05 15690
1649293936871 1e-05 15740
1649293961847 1e-05 15790
1649293987227 1e-05 15840
1649294012295 1e-05 15890
1649294037730 1e-05 15940
1649294063099 1e-05 15990
1649294088492 1e-05 16040
1649294113498 1e-05 16090
1649294138955 1e-05 16140
1649294163871 1e-05 16190
1649294189422 1e-05 16240
1649294214767 1e-05 16290
1649294239820 1e-05 16340
1649294265026 1e-05 16390
1649294289904 1e-05 16440
1649294315197 1e-05 16490
1649294339958 1e-05 16540
1649294364745 1e-05 16590
1649294389729 1e-05 16640
1649294414795 1e-05 16690
1649294439721 1e-05 16740
1649294464729 1e-05 16790
1649294489775 1e-05 16840
1649294514802 1e-05 16890
1649294539808 1e-05 16940
1649294564894 1e-05 16990
1649294590011 1e-05 17040
1649294615443 1e-05 17090
1649294640282 1e-05 17140
1649294665139 1e-05 17190
1649294689706 1e-05 17240
1649294714948 1e-05 17290
1649294739952 1e-05 17340
1649294765193 1e-05 17390
1649294790279 1e-05 17440
1649294814924 1e-05 17490
1649294840490 1e-05 17540
1649294865328 1e-05 17590
1649294959473 1e-05 17596
1649294986816 1e-05 17645
1649295011817 1e-05 17695
1649295036807 1e-05 17745
1649295062302 1e-05 17795
1649295087255 1e-05 17845
1649295112280 1e-05 17895
1649295137341 1e-05 17945
1649295162787 1e-05 17995
1649295188085 1e-05 18045
1649295213400 1e-05 18095
1649295238095 1e-05 18145
1649295263316 1e-05 18195
1649295288564 1e-05 18245
1649295313485 1e-05 18295
1649295338685 1e-05 18345
1649295364211 1e-05 18395
1649295389049 1e-05 18445
1649295414032 1e-05 18495
1649295438719 1e-05 18545
1649295463501 1e-05 18595
1649295489168 1e-05 18645
1649295514265 1e-05 18695
1649295538707 1e-05 18745
1649295563937 1e-05 18795
1649295588863 1e-05 18845
1649295613701 1e-05 18895
1649295638744 1e-05 18945
1649295663433 1e-05 18995
1649295688315 1e-05 19045
1649295713340 1e-05 19095
1649295738198 1e-05 19145
1649295763222 1e-05 19195
1649295789085 1e-05 19245
1649295814408 1e-05 19295
1649295839795 1e-05 19345
1649295864805 1e-05 19395
1649295889821 1e-05 19445
1649295914797 1e-05 19495
1649295939717 1e-05 19545
1649296036045 1e-05 19551
1649296063313 1e-05 19600
1649296088328 1e-05 19650
1649296113335 1e-05 19700
1649296138245 1e-05 19750
1649296163267 1e-05 19800
1649296187892 1e-05 19850
1649296212986 1e-05 19900
1649296237957 1e-05 19950
1649296262712 1e-05 20000
1649296287815 1e-05 20050
1649296313267 1e-05 20100
1649296338430 1e-05 20150
1649296363797 1e-05 20200
1649296388765 1e-05 20250
1649296413955 1e-05 20300
1649296438767 1e-05 20350
1649296463911 1e-05 20400
1649296488972 1e-05 20450
1649296514025 1e-05 20500
1649296539068 1e-05 20550
1649296563716 1e-05 20600
1649296588705 1e-05 20650
1649296614032 1e-05 20700
1649296639886 1e-05 20750
1649296664930 1e-05 20800
1649296689858 1e-05 20850
1649296714397 1e-05 20900
1649296739254 1e-05 20950
1649296764455 1e-05 21000
1649296789693 1e-05 21050
1649296814704 1e-05 21100
1649296839716 1e-05 21150
1649296864695 1e-05 21200
1649296889362 1e-05 21250
1649296914401 1e-05 21300
1649296939393 1e-05 21350
1649296964392 1e-05 21400
1649296989184 1e-05 21450
1649297014598 1e-05 21500
1649297108535 1e-05 21506
1649297135883 1.0000000000000002e-06 21555
1649297160801 1.0000000000000002e-06 21605
1649297186067 1.0000000000000002e-06 21655
1649297211310 1.0000000000000002e-06 21705
1649297236242 1.0000000000000002e-06 21755
1649297261066 1.0000000000000002e-06 21805
1649297286102 1.0000000000000002e-06 21855
1649297311037 1.0000000000000002e-06 21905
1649297336271 1.0000000000000002e-06 21955
1649297361201 1.0000000000000002e-06 22005
1649297385982 1.0000000000000002e-06 22055
1649297411143 1.0000000000000002e-06 22105
1649297436230 1.0000000000000002e-06 22155
1649297461105 1.0000000000000002e-06 22205
1649297486358 1.0000000000000002e-06 22255
1649297511491 1.0000000000000002e-06 22305
1649297536065 1.0000000000000002e-06 22355
1649297560807 1.0000000000000002e-06 22405
1649297585584 1.0000000000000002e-06 22455
1649297610081 1.0000000000000002e-06 22505
1649297634872 1.0000000000000002e-06 22555
1649297660239 1.0000000000000002e-06 22605
1649297685838 1.0000000000000002e-06 22655
1649297711779 1.0000000000000002e-06 22705
1649297736961 1.0000000000000002e-06 22755
1649297761740 1.0000000000000002e-06 22805
1649297786334 1.0000000000000002e-06 22855
1649297811168 1.0000000000000002e-06 22905
1649297836237 1.0000000000000002e-06 22955
1649297861256 1.0000000000000002e-06 23005
1649297886251 1.0000000000000002e-06 23055
1649297911291 1.0000000000000002e-06 23105
1649297936281 1.0000000000000002e-06 23155
1649297961392 1.0000000000000002e-06 23205
1649297986375 1.0000000000000002e-06 23255
1649298011445 1.0000000000000002e-06 23305
1649298036220 1.0000000000000002e-06 23355
1649298060921 1.0000000000000002e-06 23405
1649298086228 1.0000000000000002e-06 23455
1649298180303 1.0000000000000002e-06 23461
