1649285278947 0.9 50
1649285304271 0.9 100
1649285329582 0.9 150
1649285354431 0.9 200
1649285379835 0.9 250
1649285405226 0.9 300
1649285430470 0.9 350
1649285456047 0.9 400
1649285481352 0.9 450
1649285506674 0.9 500
1649285531906 0.9 550
1649285556812 0.9 600
1649285582292 0.9 650
1649285607413 0.9 700
1649285632266 0.9 750
1649285657208 0.9 800
1649285682356 0.9 850
1649285707638 0.9 900
1649285732851 0.9 950
1649285757634 0.9 1000
1649285783482 0.9 1050
1649285808779 0.9 1100
1649285834024 0.9 1150
1649285859184 0.9 1200
1649285884259 0.9 1250
1649285909684 0.9 1300
1649285935399 0.9 1350
1649285960523 0.9 1400
1649285985267 0.9 1450
1649286010320 0.9 1500
1649286035409 0.9 1550
1649286060734 0.9 1600
1649286085793 0.9 1650
1649286110899 0.9 1700
1649286135912 0.9 1750
1649286160706 0.9 1800
1649286185738 0.9 1850
1649286210729 0.9 1900
1649286235676 0.9 1950
1649286331748 0.9 1956
1649286359275 0.9 2005
1649286384501 0.9 2055
1649286409308 0.9 2105
1649286434738 0.9 2155
1649286460104 0.9 2205
1649286485360 0.9 2255
1649286510219 0.9 2305
1649286535271 0.9 2355
1649286560611 0.9 2405
1649286585831 0.9 2455
1649286610758 0.9 2505
1649286636368 0.9 2555
1649286661367 0.9 2605
1649286686410 0.9 2655
1649286711859 0.9 2705
1649286737148 0.9 2755
1649286762035 0.9 2805
1649286786930 0.9 2855
1649286812268 0.9 2905
1649286837551 0.9 2955
1649286862792 0.9 3005
1649286888152 0.9 3055
1649286913328 0.9 3105
1649286938258 0.9 3155
1649286963471 0.9 3205
1649286988680 0.9 3255
1649287013829 0.9 3305
1649287039360 0.9 3355
1649287064225 0.9 3405
1649287089245 0.9 3455
1649287114318 0.9 3505
1649287139468 0.9 3555
1649287164321 0.9 3605
1649287189493 0.9 3655
1649287214470 0.9 3705
1649287239494 0.9 3755
1649287264396 0.9 3805
1649287289283 0.9 3855
1649287314472 0.9 3905
1649287410505 0.9 3911
1649287438200 0.9 3960
1649287463659 0.9 4010
1649287489071 0.9 4060
1649287514278 0.9 4110
1649287539352 0.9 4160
1649287564590 0.9 4210
1649287589703 0.9 4260
1649287614325 0.9 4310
1649287639665 0.9 4360
1649287664962 0.9 4410
1649287689921 0.9 4460
1649287715266 0.9 4510
1649287740322 0.9 4560
1649287765214 0.9 4610
1649287790267 0.9 4660
1649287815521 0.9 4710
1649287840812 0.9 4760
1649287865957 0.9 4810
1649287890969 0.9 4860
1649287916133 0.9 4910
1649287941451 0.9 4960
1649287967177 0.9 5010
1649287992279 0.9 5060
1649288017212 0.9 5110
1649288042190 0.9 5160
1649288066821 0.9 5210
1649288091415 0.9 5260
1649288116263 0.9 5310
1649288141329 0.9 5360
1649288166613 0.9 5410
1649288192419 0.9 5460
1649288217961 0.9 5510
1649288243559 0.9 5560
1649288268719 0.9 5610
1649288294344 0.9 5660
1649288319866 0.9 5710
1649288345204 0.9 5760
1649288370201 0.9 5810
1649288395116 0.9 5860
1649288491458 0.9 5866
1649288518631 0.9 5915
1649288543731 0.9 5965
1649288568243 0.9 6015
1649288593301 0.9 6065
1649288618766 0.9 6115
1649288643796 0.9 6165
1649288668803 0.9 6215
1649288693883 0.9 6265
1649288718813 0.9 6315
1649288743765 0.9 6365
1649288769066 0.9 6415
1649288794244 0.9 6465
1649288819054 0.9 6515
1649288843964 0.9 6565
1649288869205 0.9 6615
1649288894582 0.9 6665
1649288919630 0.9 6715
1649288944360 0.9 6765
1649288969632 0.9 6815
1649288994447 0.9 6865
1649289020058 0.9 6915
1649289045339 0.9 6965
1649289070456 0.9 7015
1649289095220 0.9 7065
1649289119907 0.9 7115
1649289145348 0.9 7165
1649289170388 0.9 7215
1649289195162 0.9 7265
1649289220418 0.9 7315
1649289245835 0.9 7365
1649289271048 0.9 7415
1649289296351 0.9 7465
1649289321752 0.9 7515
1649289346905 0.9 7565
1649289372263 0.9 7615
1649289397375 0.9 7665
1649289422784 0.9 7715
1649289447933 0.9 7765
1649289472687 0.9 7815
1649289567269 0.9 7821
1649289594716 0.9 7870
1649289619689 0.9 7920
1649289644792 0.9 7970
1649289670380 0.9 8020
1649289695397 0.9 8070
1649289720800 0.9 8120
1649289746146 0.9 8170
1649289772360 0.9 8220
1649289797694 0.9 8270
1649289823219 0.9 8320
1649289848535 0.9 8370
1649289873790 0.9 8420
1649289899506 0.9 8470
1649289924851 0.9 8520
1649289949888 0.9 8570
1649289974759 0.9 8620
1649289999993 0.9 8670
1649290025311 0.9 8720
1649290050224 0.9 8770
1649290075184 0.9 8820
1649290100074 0.9 8870
1649290125226 0.9 8920
1649290150427 0.9 8970
1649290175554 0.9 9020
1649290201045 0.9 9070
1649290225939 0.9 9120
1649290251218 0.9 9170
1649290276256 0.9 9220
1649290301292 0.9 9270
1649290326315 0.9 9320
1649290351654 0.9 9370
1649290376828 0.9 9420
1649290401790 0.9 9470
1649290426927 0.9 9520
1649290451819 0.9 9570
1649290476974 0.9 9620
1649290502287 0.9 9670
1649290527697 0.9 9720
1649290553185 0.9 9770
1649290649599 0.9 9776
1649290676790 0.9 9825
1649290702166 0.9 9875
1649290727283 0.9 9925
1649290752383 0.9 9975
1649290777121 0.9 10025
1649290802417 0.9 10075
1649290827708 0.9 10125
1649290852647 0.9 10175
1649290877849 0.9 10225
1649290903329 0.9 10275
1649290928848 0.9 10325
1649290953900 0.9 10375
1649290978973 0.9 10425
1649291004777 0.9 10475
1649291030042 0.9 10525
1649291054844 0.9 10575
1649291079711 0.9 10625
1649291104646 0.9 10675
1649291129897 0.9 10725
1649291155193 0.9 10775
1649291180299 0.9 10825
1649291205567 0.9 10875
1649291230647 0.9 10925
1649291255990 0.9 10975
1649291280875 0.9 11025
1649291305789 0.9 11075
1649291330742 0.9 11125
1649291355474 0.9 11175
1649291381020 0.9 11225
1649291405775 0.9 11275
1649291430778 0.9 11325
1649291455723 0.9 11375
1649291481188 0.9 11425
1649291506815 0.9 11475
1649291531866 0.9 11525
1649291556729 0.9 11575
1649291581716 0.9 11625
1649291606537 0.9 11675
1649291631975 0.9 11725
1649291727374 0.9 11731
1649291754691 0.9 11780
1649291779268 0.9 11830
1649291804325 0.9 11880
1649291829278 0.9 11930
1649291854135 0.9 11980
1649291878714 0.9 12030
1649291904066 0.9 12080
1649291929519 0.9 12130
1649291954889 0.9 12180
1649291979516 0.9 12230
1649292004686 0.9 12280
1649292029505 0.9 12330
1649292054560 0.9 12380
1649292080023 0.9 12430
1649292104811 0.9 12480
1649292129791 0.9 12530
1649292155261 0.9 12580
1649292181322 0.9 12630
1649292206275 0.9 12680
1649292231303 0.9 12730
1649292256025 0.9 12780
1649292281261 0.9 12830
1649292306717 0.9 12880
1649292331731 0.9 12930
1649292356701 0.9 12980
1649292381650 0.9 13030
1649292407004 0.9 13080
1649292432207 0.9 13130
1649292457893 0.9 13180
1649292482842 0.9 13230
1649292508259 0.9 13280
1649292533615 0.9 13330
1649292559191 0.9 13380
1649292584310 0.9 13430
1649292609313 0.9 13480
1649292634624 0.9 13530
1649292659564 0.9 13580
1649292684778 0.9 13630
1649292709766 0.9 13680
1649292804401 0.9 13686
1649292831765 0.9 13735
1649292856902 0.9 13785
1649292882691 0.9 13835
1649292908270 0.9 13885
1649292933921 0.9 13935
1649292958721 0.9 13985
1649292983772 0.9 14035
1649293008759 0.9 14085
1649293033732 0.9 14135
1649293058799 0.9 14185
1649293085129 0.9 14235
1649293110224 0.9 14285
1649293135261 0.9 14335
1649293160753 0.9 14385
1649293186321 0.9 14435
1649293211667 0.9 14485
1649293237181 0.9 14535
1649293262220 0.9 14585
1649293287080 0.9 14635
1649293312040 0.9 14685
1649293337053 0.9 14735
1649293362239 0.9 14785
1649293387306 0.9 14835
1649293412059 0.9 14885
1649293436909 0.9 14935
1649293461796 0.9 14985
1649293486820 0.9 15035
1649293511774 0.9 15085
1649293536782 0.9 15135
1649293561345 0.9 15185
1649293586881 0.9 15235
1649293611978 0.9 15285
1649293637060 0.9 15335
1649293662726 0.9 15385
1649293687725 0.9 15435
1649293712899 0.9 15485
1649293738323 0.9 15535
1649293763476 0.9 15585
1649293788743 0.9 15635
1649293884110 0.9 15641
1649293911679 0.9 15690
1649293936871 0.9 15740
1649293961847 0.9 15790
1649293987227 0.9 15840
1649294012295 0.9 15890
1649294037730 0.9 15940
1649294063099 0.9 15990
1649294088492 0.9 16040
1649294113498 0.9 16090
1649294138955 0.9 16140
1649294163871 0.9 16190
1649294189422 0.9 16240
1649294214767 0.9 16290
1649294239820 0.9 16340
1649294265026 0.9 16390
1649294289904 0.9 16440
1649294315197 0.9 16490
1649294339958 0.9 16540
1649294364745 0.9 16590
1649294389729 0.9 16640
1649294414795 0.9 16690
1649294439721 0.9 16740
1649294464729 0.9 16790
1649294489775 0.9 16840
1649294514802 0.9 16890
1649294539808 0.9 16940
1649294564894 0.9 16990
1649294590011 0.9 17040
1649294615443 0.9 17090
1649294640282 0.9 17140
1649294665139 0.9 17190
1649294689706 0.9 17240
1649294714948 0.9 17290
1649294739952 0.9 17340
1649294765193 0.9 17390
1649294790279 0.9 17440
1649294814924 0.9 17490
1649294840490 0.9 17540
1649294865328 0.9 17590
1649294959473 0.9 17596
1649294986816 0.9 17645
1649295011817 0.9 17695
1649295036807 0.9 17745
1649295062302 0.9 17795
1649295087255 0.9 17845
1649295112280 0.9 17895
1649295137341 0.9 17945
1649295162787 0.9 17995
1649295188085 0.9 18045
1649295213400 0.9 18095
1649295238095 0.9 18145
1649295263316 0.9 18195
1649295288564 0.9 18245
1649295313485 0.9 18295
1649295338685 0.9 18345
1649295364211 0.9 18395
1649295389049 0.9 18445
1649295414032 0.9 18495
1649295438719 0.9 18545
1649295463501 0.9 18595
1649295489168 0.9 18645
1649295514265 0.9 18695
1649295538707 0.9 18745
1649295563937 0.9 18795
1649295588863 0.9 18845
1649295613701 0.9 18895
1649295638744 0.9 18945
1649295663433 0.9 18995
1649295688315 0.9 19045
1649295713340 0.9 19095
1649295738198 0.9 19145
1649295763222 0.9 19195
1649295789085 0.9 19245
1649295814408 0.9 19295
1649295839795 0.9 19345
1649295864805 0.9 19395
1649295889821 0.9 19445
1649295914797 0.9 19495
1649295939717 0.9 19545
1649296036045 0.9 19551
1649296063313 0.9 19600
1649296088328 0.9 19650
1649296113335 0.9 19700
1649296138245 0.9 19750
1649296163267 0.9 19800
1649296187892 0.9 19850
1649296212986 0.9 19900
1649296237957 0.9 19950
1649296262712 0.9 20000
1649296287815 0.9 20050
1649296313267 0.9 20100
1649296338430 0.9 20150
1649296363797 0.9 20200
1649296388765 0.9 20250
1649296413955 0.9 20300
1649296438767 0.9 20350
1649296463911 0.9 20400
1649296488972 0.9 20450
1649296514025 0.9 20500
1649296539068 0.9 20550
1649296563716 0.9 20600
1649296588705 0.9 20650
1649296614032 0.9 20700
1649296639886 0.9 20750
1649296664930 0.9 20800
1649296689858 0.9 20850
1649296714397 0.9 20900
1649296739254 0.9 20950
1649296764455 0.9 21000
1649296789693 0.9 21050
1649296814704 0.9 21100
1649296839716 0.9 21150
1649296864695 0.9 21200
1649296889362 0.9 21250
1649296914401 0.9 21300
1649296939393 0.9 21350
1649296964392 0.9 21400
1649296989184 0.9 21450
1649297014598 0.9 21500
1649297108535 0.9 21506
1649297135883 0.9 21555
1649297160801 0.9 21605
1649297186067 0.9 21655
1649297211310 0.9 21705
1649297236242 0.9 21755
1649297261066 0.9 21805
1649297286102 0.9 21855
1649297311037 0.9 21905
1649297336271 0.9 21955
1649297361201 0.9 22005
1649297385982 0.9 22055
1649297411143 0.9 22105
1649297436230 0.9 22155
1649297461105 0.9 22205
1649297486358 0.9 22255
1649297511491 0.9 22305
1649297536065 0.9 22355
1649297560807 0.9 22405
1649297585584 0.9 22455
1649297610081 0.9 22505
1649297634872 0.9 22555
1649297660239 0.9 22605
1649297685838 0.9 22655
1649297711779 0.9 22705
1649297736961 0.9 22755
1649297761740 0.9 22805
1649297786334 0.9 22855
1649297811168 0.9 22905
1649297836237 0.9 22955
1649297861256 0.9 23005
1649297886251 0.9 23055
1649297911291 0.9 23105
1649297936281 0.9 23155
1649297961392 0.9 23205
1649297986375 0.9 23255
1649298011445 0.9 23305
1649298036220 0.9 23355
1649298060921 0.9 23405
1649298086228 0.9 23455
1649298180303 0.9 23461
