1649080759190 23.49869993050893 300
1649081031551 16.627507416407266 600
1649081255019 11.188037401835123 900
1649081859440 9.453383507728576 1276
1649082238212 8.747094721794129 1576
1649082547383 8.650935662587484 1876
1649083072012 8.202100615501404 2252
1649083284954 8.401728420257568 2552
1649083472503 8.415897852579752 2852
1649083883214 8.412391703128815 3228
1649084073343 8.65108184337616 3528
1649084260365 8.537317531903584 3828
1649084672369 8.645424156188964 4204
1649084861394 8.871335635185241 4504
1649085050233 8.758387791315714 4804
1649085463923 8.706471501986186 5180
1649085652933 8.810333819389344 5480
1649085841952 8.98304865439733 5780
1649086256593 8.899987490971883 6156
1649086445800 9.140048069953918 6456
1649086636432 9.454907400608063 6756
1649087051740 8.82811204433441 7132
1649087241601 8.99614876906077 7432
1649087431290 9.294142629305522 7732
1649087847069 9.092054738998414 8108
1649088035736 9.286241223017374 8408
1649088226661 9.247770698865255 8708
1649088648104 9.137235372861227 9084
1649088841026 9.184569044113159 9384
1649089035113 9.299652287165324 9684
1649089455547 9.242556893030802 10060
1649089648053 9.138184951146444 10360
1649089841095 9.694205220540365 10660
1649090263313 9.28223175684611 11036
1649090457307 9.664905332724253 11336
1649090650490 9.413935332298278 11636
1649091072275 8.622804194291433 12012
1649091264582 8.851486379305522 12312
1649091466003 9.736248151461284 12612
1649091928761 9.10466632048289 12988
1649092137301 10.110054093996684 13288
1649092345767 9.256572835445404 13588
1649092778559 8.757714994748433 13964
1649092967760 9.358261675039927 14264
1649093156940 9.271957009633383 14564
1649093566698 8.82891798655192 14940
1649093755370 8.976000836690266 15240
1649093944122 9.572355984052022 15540
1649094350055 7.795780336062114 15916
1649094537533 7.3405257757504785 16216
1649094725772 7.6919088570276895 16516
1649095132335 7.362630344231923 16892
1649095320405 6.894538763364156 17192
1649095509358 7.111090822219849 17492
1649095915475 6.884649159113566 17868
1649096103147 7.090066714286804 18168
1649096290594 6.881241974035899 18468
1649096697058 6.271418828964233 18844
1649096885174 6.3905329529444375 19144
1649097072849 6.2788194934527075 19444
