1649080759190 1.0873962118228278 300
1649081031551 0.7721714621782303 600
1649081255019 0.6323020999133587 900
1649081859440 0.5415639120837052 1276
1649082238212 0.5035007639726004 1576
1649082547383 0.4776603148380915 1876
1649083072012 0.4538870768249035 2252
1649083284954 0.424338158617417 2552
1649083472503 0.4283291545510292 2852
1649083883214 0.39025307551026345 3228
1649084073343 0.388980355784297 3528
1649084260365 0.3878907593091329 3828
1649084672369 0.3572909151017666 4204
1649084861394 0.35840097221235434 4504
1649085050233 0.3581989769140879 4804
1649085463923 0.33547310086588067 5180
1649085652933 0.33289128261307876 5480
1649085841952 0.3411151239772638 5780
1649086256593 0.32038601249456405 6156
1649086445800 0.31699323902527493 6456
1649086636432 0.3197758396466573 6756
1649087051740 0.30241135848065215 7132
1649087241601 0.30342486028869947 7432
1649087431290 0.3103921026736498 7732
1649087847069 0.30304566502571106 8108
1649088035736 0.2904860204954942 8408
1649088226661 0.28087487573424974 8708
1649088648104 0.287404774154226 9084
1649088841026 0.29739317710200946 9384
1649089035113 0.28047903172671795 9684
1649089455547 0.2734527293344339 10060
1649089648053 0.2716344298173984 10360
1649089841095 0.2781623708208402 10660
1649090263313 0.2643057687828938 11036
1649090457307 0.2618546977142493 11336
1649090650490 0.27271119589606924 11636
1649091072275 0.2537277574588855 12012
1649091264582 0.26065643042325976 12312
1649091466003 0.2580478388816118 12612
1649091928761 0.2549055669705073 12988
1649092137301 0.24540618889033794 13288
1649092345767 0.26003008333345257 13588
1649092778559 0.2535294885188341 13964
1649092967760 0.24268302703897157 14264
1649093156940 0.23712034692366918 14564
1649093566698 0.2382334942370653 14940
1649093755370 0.2468864690264066 15240
1649093944122 0.24905214277406534 15540
1649094350055 0.2152761308600505 15916
1649094537533 0.2093208100895087 16216
1649094725772 0.2141209010158976 16516
1649095132335 0.20611426913489897 16892
1649095320405 0.2035247674336036 17192
1649095509358 0.19591051885237296 17492
1649095915475 0.19239194641510646 17868
1649096103147 0.18897327270358802 18168
1649096290594 0.19842484896381696 18468
1649096697058 0.19376213112225135 18844
1649096885174 0.17919516583283743 19144
1649097072849 0.18762107527504365 19444
