1649080759190 2.0384821212291717 300
1649081031551 1.7640743660926819 600
1649081255019 1.5933815026283265 900
1649081859440 1.443522138595581 1276
1649082238212 1.3756481913725536 1576
1649082547383 1.3363407121102016 1876
1649083072012 1.2779481023550034 2252
1649083284954 1.241139711936315 2552
1649083472503 1.2347557171185812 2852
1649083883214 1.1731967037916184 3228
1649084073343 1.1662922890981038 3528
1649084260365 1.1604347521066665 3828
1649084672369 1.0925890962282816 4204
1649084861394 1.1040769696235657 4504
1649085050233 1.1064203677574793 4804
1649085463923 1.023607308169206 5180
1649085652933 1.0470845967531204 5480
1649085841952 1.0440170560280482 5780
1649086256593 0.9931960574785869 6156
1649086445800 0.9932675462961197 6456
1649086636432 1.0164702773094176 6756
1649087051740 0.9330321755011877 7132
1649087241601 0.9416841667890549 7432
1649087431290 0.9683500518401463 7732
1649087847069 0.9188115242123603 8108
1649088035736 0.9246331960956256 8408
1649088226661 0.905659185051918 8708
1649088648104 0.8760750557978948 9084
1649088841026 0.8938945735494296 9384
1649089035113 0.8747369499007861 9684
1649089455547 0.8434224062164625 10060
1649089648053 0.8412811977664629 10360
1649089841095 0.8649045793215434 10660
1649090263313 0.81576157361269 11036
1649090457307 0.8186628044644991 11336
1649090650490 0.8375023759404818 11636
1649091072275 0.7676660021146139 12012
1649091264582 0.785266001522541 12312
1649091466003 0.7930916878581047 12612
1649091928761 0.7803537663817406 12988
1649092137301 0.7837276578942934 13288
1649092345767 0.7876315738757451 13588
1649092778559 0.7522845441102981 13964
1649092967760 0.7490990104277929 14264
1649093156940 0.7374400108059247 14564
1649093566698 0.7156228709220886 14940
1649093755370 0.7444312913219134 15240
1649093944122 0.74783705919981 15540
1649094350055 0.6439276052514712 15916
1649094537533 0.6193879731496175 16216
1649094725772 0.628757575203975 16516
1649095132335 0.5993229516843954 16892
1649095320405 0.5919024161994457 17192
1649095509358 0.577252929409345 17492
1649095915475 0.5620705573260785 17868
1649096103147 0.555190067589283 18168
1649096290594 0.5688619496424993 18468
1649096697058 0.5519930787881215 18844
1649096885174 0.5269443474213282 19144
1649097072849 0.5461296074589094 19444
