1649080759190 0.3914713050921758 300
1649081031551 0.5647377635538579 600
1649081255019 0.5964472165703774 900
1649081859440 0.5769464458525181 1276
1649082238212 0.5643227317929268 1576
1649082547383 0.5624259323875109 1876
1649083072012 0.540260928372542 2252
1649083284954 0.5442389407753945 2552
1649083472503 0.5324549939235051 2852
1649083883214 0.5255628294746081 3228
1649084073343 0.5202439318100611 3528
1649084260365 0.5166073222458363 3828
1649084672369 0.4911871912578742 4204
1649084861394 0.5012783238788446 4504
1649085050233 0.50459083750844 4804
1649085463923 0.45438563331961634 5180
1649085652933 0.48188493331273397 5480
1649085841952 0.4676713494459788 5780
1649086256593 0.4449836058417956 6156
1649086445800 0.44938713528215884 6456
1649086636432 0.4696596488853296 6756
1649087051740 0.4106719948848089 7132
1649087241601 0.41866066788633666 7432
1649087431290 0.4359009992579619 7732
1649087847069 0.3970660903553168 8108
1649088035736 0.4194880771636963 8408
1649088226661 0.4132793649037679 8708
1649088648104 0.37714984561006226 9084
1649088841026 0.3801370456814766 9384
1649089035113 0.3839386972784996 9684
1649089455547 0.36356251741449036 10060
1649089648053 0.3631693480660518 10360
1649089841095 0.3761669032275677 10660
1649090263313 0.348244206259648 11036
1649090457307 0.3539956617852052 11336
1649090650490 0.3586668466031551 11636
1649091072275 0.3144946480790774 12012
1649091264582 0.32352360484500725 12312
1649091466003 0.33469432950019834 12612
1649091928761 0.32594679690897466 12988
1649092137301 0.34278388967116674 13288
1649092345767 0.3262190982947747 13588
1649092778559 0.3005275566379229 13964
1649092967760 0.3119990541785955 14264
1649093156940 0.3071009951333205 14564
1649093566698 0.2848941041280826 14940
1649093755370 0.3014140557746092 15240
1649093944122 0.30361779605348904 15540
1649094350055 0.24440602399408817 15916
1649094537533 0.22766834200670322 16216
1649094725772 0.23040855817496778 16516
1649095132335 0.2123629473646482 16892
1649095320405 0.2089217705403765 17192
1649095509358 0.20302354738116266 17492
1649095915475 0.19294923666864633 17868
1649096103147 0.1921843711286783 18168
1649096290594 0.19126940080275137 18468
1649096697058 0.1812187405799826 18844
1649096885174 0.1768902838602662 19144
1649097072849 0.1832978077357014 19444
