1649080759190 0.5596146071950595 300
1649081031551 0.427165142695109 600
1649081255019 0.36463218902548156 900
1649081859440 0.32501178214947385 1276
1649082238212 0.30782469242811206 1576
1649082547383 0.29625446766614916 1876
1649083072012 0.28380009705821674 2252
1649083284954 0.27256261294086775 2552
1649083472503 0.2739715713262558 2852
1649083883214 0.2573807966709137 3228
1649084073343 0.25706800118088724 3528
1649084260365 0.25593667099873224 3828
1649084672369 0.24411099001765252 4204
1649084861394 0.24439767350753147 4504
1649085050233 0.2436305548250675 4804
1649085463923 0.23374857490261397 5180
1649085652933 0.23230837881565095 5480
1649085841952 0.23523058210810024 5780
1649086256593 0.22782644217212994 6156
1649086445800 0.22688716938098272 6456
1649086636432 0.22703478996952375 6756
1649087051740 0.2199488199253877 7132
1649087241601 0.21959863737225532 7432
1649087431290 0.22205695030589898 7732
1649087847069 0.21869976907968522 8108
1649088035736 0.2146590980887413 8408
1649088226661 0.21150494679808618 8708
1649088648104 0.21152043471733728 9084
1649088841026 0.2163643528521061 9384
1649089035113 0.21031922241051992 9684
1649089455547 0.20640716051061947 10060
1649089648053 0.20647741809487344 10360
1649089841095 0.21057530398170154 10660
1649090263313 0.2032115992407004 11036
1649090457307 0.2028124449402094 11336
1649090650490 0.20612433354059856 11636
1649091072275 0.19944359824061395 12012
1649091264582 0.2010859647144874 12312
1649091466003 0.20034952193498612 12612
1649091928761 0.1995014018813769 12988
1649092137301 0.19553757771849634 13288
1649092345767 0.20138239448269207 13588
1649092778559 0.19822750059266886 13964
1649092967760 0.19441692809263866 14264
1649093156940 0.19321866805354754 14564
1649093566698 0.19249527414639792 14940
1649093755370 0.19613076567649843 15240
1649093944122 0.19516712432106337 15540
1649094350055 0.18424545014897983 15916
1649094537533 0.18239882084230583 16216
1649094725772 0.1842281167457501 16516
1649095132335 0.18084573440253734 16892
1649095320405 0.17945587833722432 17192
1649095509358 0.1783188640822967 17492
1649095915475 0.17672937641541164 17868
1649096103147 0.17403242294987042 18168
1649096290594 0.1791676993916432 18468
1649096697058 0.177012207309405 18844
1649096885174 0.17085889731844267 19144
1649097072849 0.17521072559058667 19444
