1648784450045 67.73046875 50
1648784463525 98.1640625 100
1648784477792 98.14708419799804 150
1648784491906 97.95077209472656 200
1648784505787 97.50348236083984 250
1648784520474 96.96396484375 300
1648784534544 96.87321716308594 350
1648784548855 97.21671173095703 400
1648784562200 97.27208984375 450
1648784576430 96.76414794921875 500
1648784589925 97.51381164550781 550
1648784603287 97.42827941894531 600
1648784617923 97.44337600708008 650
1648784629877 97.19988784790038 700
1648784643335 97.3620687866211 750
1648784656919 96.67419738769532 800
1648784670601 96.54663223266601 850
1648784684559 96.76170349121094 900
1648784698963 96.27464904785157 950
1648784712791 97.12775863647461 1000
1648784726065 96.6594841003418 1050
1648784739903 96.97062133789062 1100
1648784754451 97.40499099731446 1150
1648784768453 96.67508758544922 1200
1648784781699 97.17930099487305 1250
1648784796362 96.81627868652343 1300
1648784810487 96.00326171875 1350
1648784824323 96.06060852050781 1400
1648784837304 97.13571823120117 1450
1648784850258 96.71914459228516 1500
1648784864286 96.8569728088379 1550
1648784878823 97.22071273803711 1600
1648784892482 97.0395588684082 1650
1648784906483 96.41461135864257 1700
1648784920955 97.61947708129883 1750
1648784935147 96.76784637451172 1800
1648784949363 97.58774139404296 1850
1648784959622 97.64841232299804 1900
1648784969560 96.96741958618163 1950
1648785033946 96.82445999145507 2001
1648785041250 96.68182006835937 2051
1648785047907 96.874091796875 2101
1648785054739 97.39308853149414 2151
1648785061519 97.15778030395508 2201
1648785068139 97.68691345214843 2251
1648785076048 95.7443197631836 2301
1648785083177 97.08108901977539 2351
1648785090445 96.80282150268555 2401
1648785097208 96.7232502746582 2451
1648785104436 97.37251892089844 2501
1648785111548 97.3313752746582 2551
1648785118415 96.74252471923828 2601
1648785125450 96.96405120849609 2651
1648785132268 97.3137420654297 2701
1648785139077 97.26712387084962 2751
1648785146121 96.77450637817383 2801
1648785152898 97.08587875366212 2851
1648785159722 96.98402282714844 2901
1648785166560 97.5078207397461 2951
1648785173434 97.1697982788086 3001
1648785180626 96.6003465270996 3051
1648785187484 96.93491271972657 3101
1648785194263 96.9010954284668 3151
1648785201156 96.67454376220704 3201
1648785208074 96.87250411987304 3251
1648785214914 97.07869827270508 3301
1648785221703 96.91616760253906 3351
1648785228882 97.21689407348633 3401
1648785235889 97.14521774291993 3451
1648785244348 96.74223815917969 3501
1648785255107 96.80893905639648 3551
1648785265005 97.50327941894531 3601
1648785276419 96.6081150817871 3651
1648785288010 96.28325317382813 3701
1648785298679 96.55918609619141 3751
1648785308951 96.96468902587891 3801
1648785319434 97.10341369628907 3851
1648785330100 97.54825119018555 3901
1648785416484 97.17449722290038 3952
1648785434453 96.90043899536133 4002
1648785452481 96.74997009277344 4052
1648785469426 97.0902946472168 4102
1648785486019 96.55373123168945 4152
1648785502907 96.82986099243163 4202
1648785520684 97.25920684814453 4252
1648785537489 96.4236685180664 4302
1648785554830 97.39716598510742 4352
1648785571109 97.1314776611328 4402
1648785589048 96.83114501953125 4452
1648785607600 97.08493789672852 4502
1648785621014 96.77295135498046 4552
1648785635412 97.207080078125 4602
1648785648486 96.98507629394531 4652
1648785662921 97.46933776855468 4702
1648785676470 96.37908874511719 4752
1648785690689 97.31858947753906 4802
1648785704410 96.8900650024414 4852
1648785717623 96.96330093383789 4902
1648785731916 97.01754898071289 4952
1648785745882 96.62852722167969 5002
1648785760059 97.4862631225586 5052
1648785774754 96.90512008666992 5102
1648785788658 97.23247009277344 5152
1648785802900 97.3379296875 5202
1648785818497 96.6757585144043 5252
1648785833829 96.63114395141602 5302
1648785848114 97.3253240966797 5352
1648785862213 96.52333129882813 5402
1648785876639 96.81308685302734 5452
1648785890665 97.02002883911133 5502
1648785905640 97.29979263305664 5552
1648785920164 97.1444920349121 5602
1648785934886 96.39588943481445 5652
1648785947910 96.6997640991211 5702
1648785959671 96.86491668701171 5752
1648785969965 97.00068099975586 5802
1648785980179 97.11990676879883 5852
1648786052244 96.85055007934571 5903
1648786066381 96.33894638061524 5953
1648786080191 97.22537231445312 6003
1648786094526 96.83865142822266 6053
1648786109040 96.87255111694336 6103
1648786122569 97.0386050415039 6153
1648786136467 97.31940689086915 6203
1648786150404 96.90629348754882 6253
1648786163063 97.24511169433593 6303
1648786177248 96.78464172363282 6353
1648786192575 97.27533752441406 6403
1648786206403 97.5804833984375 6453
1648786219624 97.54010620117188 6503
1648786233627 97.33675186157227 6553
1648786247757 96.61853897094727 6603
1648786261681 96.39906463623046 6653
1648786275950 96.59149307250976 6703
1648786290027 96.57949279785156 6753
1648786304757 96.70647827148437 6803
1648786319574 96.61599258422852 6853
1648786333262 96.2472624206543 6903
1648786346681 97.00210739135743 6953
1648786360893 97.1693048095703 7003
1648786376486 96.93816452026367 7053
1648786390711 97.73090972900391 7103
1648786404827 97.26955352783203 7153
1648786418640 97.44359375 7203
1648786433354 97.30216262817383 7253
1648786447428 96.90212036132813 7303
1648786461265 96.96421920776368 7353
1648786475011 97.04720855712891 7403
1648786490595 96.80215408325195 7453
1648786504875 97.03130630493165 7503
1648786518971 97.08491775512695 7553
1648786532302 97.87872528076171 7603
1648786546159 97.23937255859374 7653
1648786556712 97.1336701965332 7703
1648786565833 97.29710983276367 7753
1648786575688 96.9902522277832 7803
1648786649995 96.68884155273437 7854
1648786663317 97.11409942626953 7904
1648786679574 97.10052978515625 7954
1648786692801 96.8685369873047 8004
1648786707249 96.63876525878906 8054
1648786721799 97.0224771118164 8104
1648786735639 96.51153839111328 8154
1648786749428 96.98407363891602 8204
1648786763507 97.19713973999023 8254
1648786777905 97.77837280273438 8304
1648786791936 97.11113449096679 8354
1648786806796 97.31516006469727 8404
1648786820772 97.33054992675781 8454
1648786834793 97.63550369262695 8504
1648786850566 97.76905319213867 8554
1648786864811 97.17875991821289 8604
1648786879001 96.88542068481445 8654
1648786892046 96.98664276123047 8704
1648786906183 97.23596405029296 8754
1648786920224 96.7841958618164 8804
1648786933887 97.24998107910156 8854
1648786948246 96.33295166015625 8904
1648786962108 97.23641677856445 8954
1648786977171 96.38609985351563 9004
1648786992072 97.54288345336914 9054
1648787006367 97.19912033081054 9104
1648787019592 97.21098068237305 9154
1648787033999 96.23191192626953 9204
1648787048446 97.47747467041016 9254
1648787062324 97.21749496459961 9304
1648787077455 96.55569931030273 9354
1648787091014 97.51616195678712 9404
1648787105317 97.08063262939453 9454
1648787119498 97.1872947692871 9504
1648787133610 96.7063427734375 9554
1648787145747 97.41746032714843 9604
1648787157441 96.97580856323242 9654
1648787168106 97.25343078613281 9704
1648787178992 97.26653945922851 9754
1648787258219 97.38848266601562 9805
1648787271104 96.93783767700195 9855
1648787286516 96.97395065307617 9905
1648787301128 97.4326513671875 9955
1648787314962 96.61294204711913 10005
1648787329228 96.73034561157226 10055
1648787343729 97.03255233764648 10105
1648787358213 96.84151306152344 10155
1648787370296 97.04265045166015 10205
1648787383705 97.15030975341797 10255
1648787397785 96.83506469726562 10305
1648787412257 97.66678604125977 10355
1648787426732 97.11568496704102 10405
1648787441740 97.52131301879882 10455
1648787455644 97.1402230834961 10505
1648787470193 97.64182769775391 10555
1648787483662 97.46489654541016 10605
1648787497422 97.38180603027344 10655
1648787511271 97.21004852294922 10705
1648787525099 97.08760528564453 10755
1648787539560 96.83652114868164 10805
1648787553153 96.98348510742187 10855
1648787567444 97.17836029052734 10905
1648787581179 97.42034729003906 10955
1648787595463 96.79591537475586 11005
1648787608652 97.23341232299805 11055
1648787622612 97.14877975463867 11105
1648787636047 97.48760803222656 11155
1648787650618 97.11216812133789 11205
1648787665080 97.27003997802734 11255
1648787679819 97.47213989257813 11305
1648787694355 96.88277938842774 11355
1648787708747 96.81451919555664 11405
1648787723263 96.4209716796875 11455
1648787735292 97.17949142456055 11505
1648787745440 96.99287475585938 11555
1648787756080 96.66139389038086 11605
1648787767488 97.29118133544922 11655
1648787777964 96.73588897705078 11705
1648787858040 96.7046923828125 11756
1648787872120 96.92360763549804 11806
1648787886033 97.23639617919922 11856
1648787899296 96.62724273681641 11906
1648787912815 96.866689453125 11956
1648787926955 97.74389038085937 12006
1648787940982 97.23379318237305 12056
1648787954072 97.47575149536132 12106
1648787967940 97.72202713012695 12156
1648787982837 97.54307571411132 12206
1648787996925 96.69400558471679 12256
1648788009996 97.36763397216797 12306
1648788023769 97.49842636108399 12356
1648788037636 97.59170867919921 12406
1648788051896 97.31751434326172 12456
1648788066179 97.64413223266601 12506
1648788079883 97.23063171386718 12556
1648788093786 96.14485000610351 12606
1648788108181 96.66304489135742 12656
1648788122009 97.57725006103516 12706
1648788136368 96.40249481201172 12756
1648788150711 97.28528488159179 12806
1648788164180 96.8813916015625 12856
1648788178879 96.48110244750977 12906
1648788192902 97.64701782226562 12956
1648788206132 97.03170684814454 13006
1648788219360 97.20478454589843 13056
1648788232947 97.1341453552246 13106
1648788245945 96.55984344482422 13156
1648788259706 97.4021125793457 13206
1648788272619 97.0229035949707 13256
1648788287194 96.92516647338867 13306
1648788301052 97.61068054199218 13356
1648788315337 97.83557037353516 13406
1648788329152 97.31299331665039 13456
1648788338916 97.21931915283203 13506
1648788349579 96.89900527954102 13556
1648788359553 96.73192993164062 13606
1648788368664 97.4646662902832 13656
1648788447324 97.12745162963867 13707
1648788461420 96.976298828125 13757
1648788476133 97.48446395874024 13807
1648788490212 97.29190551757813 13857
1648788504484 96.96498886108398 13907
1648788518931 97.05075149536133 13957
1648788534113 97.55448043823242 14007
1648788548405 96.55722976684571 14057
1648788561718 96.92727523803711 14107
1648788576072 96.86050537109375 14157
1648788590071 97.24487106323242 14207
1648788604556 97.04826751708984 14257
1648788617592 96.95335998535157 14307
1648788632150 97.36873855590821 14357
1648788645846 96.67801544189453 14407
1648788659755 96.9333171081543 14457
1648788673379 97.84010375976563 14507
1648788688345 97.15622695922852 14557
1648788702875 97.30883422851562 14607
1648788717524 97.03912582397462 14657
1648788731909 97.22253311157226 14707
1648788745734 97.24536697387695 14757
1648788759763 97.71249420166015 14807
1648788772626 96.77032333374024 14857
1648788787459 97.4526010131836 14907
1648788801096 97.28095932006836 14957
1648788814437 96.65662536621093 15007
1648788828119 97.5451889038086 15057
1648788842297 97.11228637695312 15107
1648788855595 97.71031707763672 15157
1648788870595 97.71779983520508 15207
1648788883907 97.1895622253418 15257
1648788896931 97.22602996826171 15307
1648788910701 97.17535247802735 15357
1648788923921 96.43419555664063 15407
1648788935528 97.42036987304688 15457
1648788945343 97.28930923461914 15507
1648788955311 97.24008819580078 15557
1648788965051 97.01010284423828 15607
1648789041062 96.66489044189453 15658
1648789054480 97.73271728515626 15708
1648789067468 96.9588247680664 15758
1648789081877 97.45338882446289 15808
1648789095989 97.1215867614746 15858
1648789109646 97.46866790771485 15908
1648789123409 97.86960250854492 15958
1648789137622 97.22253067016601 16008
1648789152406 97.65171813964844 16058
1648789167311 97.6677261352539 16108
1648789182622 97.68202163696289 16158
1648789196887 98.18065078735351 16208
1648789211692 97.8975894165039 16258
1648789226535 97.16089462280273 16308
1648789241266 97.53364669799805 16358
1648789255114 97.16629516601563 16408
1648789269911 97.71201400756836 16458
1648789283432 97.13934616088868 16508
1648789297859 97.05957168579101 16558
1648789312183 97.30377807617188 16608
1648789325678 97.38764556884766 16658
1648789340660 97.89346527099609 16708
1648789354345 97.48727127075195 16758
1648789369426 97.4005059814453 16808
1648789384324 97.57643157958984 16858
1648789399320 97.81012023925781 16908
1648789413017 97.64467056274414 16958
1648789427122 97.34386184692383 17008
1648789440310 97.5894236755371 17058
1648789453948 97.26541320800781 17108
1648789466794 97.73564468383789 17158
1648789480750 97.29744735717773 17208
1648789494974 97.73473541259766 17258
1648789508542 97.29597991943359 17308
1648789523082 97.49016006469726 17358
1648789534398 97.16356216430664 17408
1648789545608 97.21394195556641 17458
1648789557037 97.4637843322754 17508
1648789566666 97.595283203125 17558
1648789646617 97.22129776000976 17609
1648789661053 97.4826318359375 17659
1648789674726 96.78936660766601 17709
1648789689862 97.35360107421874 17759
1648789703528 97.5268765258789 17809
1648789716712 97.98757034301758 17859
1648789731514 97.78901672363281 17909
1648789745438 97.42962768554688 17959
1648789760303 98.12716201782227 18009
1648789774581 97.202041015625 18059
1648789789065 97.40661331176757 18109
1648789803322 97.58738693237305 18159
1648789818187 97.62512008666992 18209
1648789833568 96.98261276245117 18259
1648789847956 97.01276550292968 18309
1648789862280 98.16517166137696 18359
1648789876166 97.92240478515625 18409
1648789891248 97.4312109375 18459
1648789905218 98.0272169494629 18509
1648789918973 97.71725570678711 18559
1648789932199 97.46296813964844 18609
1648789946093 97.57975936889649 18659
1648789959940 98.09801971435547 18709
1648789973076 97.54913040161132 18759
1648789987672 97.71063003540038 18809
1648790000856 97.88850692749024 18859
1648790014638 97.08534484863281 18909
1648790029184 97.28150115966797 18959
1648790043346 97.73516143798828 19009
1648790058360 97.28745178222657 19059
1648790072882 97.80330993652343 19109
1648790086850 97.36908950805665 19159
1648790101555 97.2985646057129 19209
1648790116129 97.56889373779296 19259
1648790129260 97.43966354370117 19309
1648790139674 97.55835815429687 19359
1648790150030 97.19625427246093 19409
1648790159773 98.02355743408204 19459
1648790169196 97.90883758544922 19509
1648790249070 97.63986724853515 19560
1648790263930 97.56841079711914 19610
1648790278932 97.83229080200195 19660
1648790292985 97.55517059326172 19710
1648790306631 97.47508712768554 19760
1648790319324 97.52382354736328 19810
1648790333318 97.93038314819336 19860
1648790346777 97.8388426208496 19910
1648790361142 97.38906204223633 19960
1648790375107 97.93816711425781 20010
1648790389023 97.82556869506836 20060
1648790403905 97.65333557128906 20110
1648790416026 97.52747497558593 20160
1648790430616 97.53195266723633 20210
1648790444776 97.62115676879883 20260
1648790459599 97.79566452026367 20310
1648790472492 97.76053817749023 20360
1648790485855 97.59397384643555 20410
1648790499567 97.87477233886719 20460
1648790513922 97.63799835205079 20510
1648790527723 97.62711502075196 20560
1648790540993 97.7528694152832 20610
1648790553734 98.11909683227539 20660
1648790568532 98.17863723754883 20710
1648790582316 97.92155899047852 20760
1648790596620 97.47227264404297 20810
1648790610475 97.37164367675781 20860
1648790625171 97.24681701660157 20910
1648790638700 97.56654495239258 20960
1648790653104 97.08099151611329 21010
1648790667946 97.45995742797851 21060
1648790681596 97.27694778442383 21110
1648790695416 97.13264785766602 21160
1648790708993 97.28619384765625 21210
1648790724034 97.38893325805664 21260
1648790736240 97.63973510742187 21310
1648790746029 97.31696228027344 21360
1648790756281 97.22115356445312 21410
1648790766904 97.8500227355957 21460
1648790842556 96.91326919555664 21511
1648790856161 97.86128448486328 21561
1648790870727 96.87515991210938 21611
1648790882843 97.29965591430664 21661
1648790896873 97.93981674194336 21711
1648790910905 97.41512451171874 21761
1648790923943 97.92358001708985 21811
1648790937478 97.30689910888673 21861
1648790950847 97.49877090454102 21911
1648790964564 96.89406860351562 21961
1648790978452 97.60041900634765 22011
1648790991899 98.03656478881835 22061
1648791005871 97.9973811340332 22111
1648791020692 97.33655349731445 22161
1648791035136 97.72756652832031 22211
1648791049531 97.69656707763671 22261
1648791063479 98.00758193969726 22311
1648791076954 98.2674560546875 22361
1648791091662 97.79675262451173 22411
1648791106755 97.7853581237793 22461
1648791120547 97.36037002563477 22511
1648791134672 97.71212860107421 22561
1648791149261 98.22214614868165 22611
1648791161702 97.61265365600586 22661
1648791174670 97.73728668212891 22711
1648791188389 97.77661346435546 22761
1648791201562 97.4817691040039 22811
1648791216300 98.0678678894043 22861
1648791230771 97.7988102722168 22911
1648791244581 97.66543594360351 22961
1648791258842 97.81826599121094 23011
1648791271568 97.59242599487305 23061
1648791284442 98.201845703125 23111
1648791298911 97.3831655883789 23161
1648791313366 97.18349334716797 23211
1648791327332 97.74374877929688 23261
1648791339170 98.05477783203125 23311
1648791349473 97.59187545776368 23361
1648791359148 97.93046783447265 23411
