1648784450045 1.212092283964157 50
1648784463525 0.13755693022161722 100
1648784477792 0.13046543259173632 150
1648784491906 0.13613449685275555 200
1648784505787 0.16292065642774106 250
1648784520474 0.1838295943289995 300
1648784534544 0.17698291566222907 350
1648784548855 0.16529295459389687 400
1648784562200 0.1593539211153984 450
1648784576430 0.2024632339179516 500
1648784589925 0.14407728597521782 550
1648784603287 0.1400800296291709 600
1648784617923 0.1374741840362549 650
1648784629877 0.145707456022501 700
1648784643335 0.16677341166883708 750
1648784656919 0.18525439146906136 800
1648784670601 0.17245547980070114 850
1648784684559 0.1557279794290662 900
1648784698963 0.1837269002944231 950
1648784712791 0.1452475207298994 1000
1648784726065 0.17130955077707768 1050
1648784739903 0.1508511305600405 1100
1648784754451 0.12453977897763252 1150
1648784768453 0.17714984983205795 1200
1648784781699 0.147463361620903 1250
1648784796362 0.16199227299541236 1300
1648784810487 0.20234019733965397 1350
1648784824323 0.18765261642634867 1400
1648784837304 0.13544912595301867 1450
1648784850258 0.18115580622106792 1500
1648784864286 0.1443845782801509 1550
1648784878823 0.13188720230013132 1600
1648784892482 0.14093840699642896 1650
1648784906483 0.1608149416744709 1700
1648784920955 0.11536897622048854 1750
1648784935147 0.1537908735871315 1800
1648784949363 0.12450575768947601 1850
1648784959622 0.11226445192471146 1900
1648784969560 0.1349381023272872 1950
1648785033946 0.14144745659083127 2001
1648785041250 0.1486311260610819 2051
1648785047907 0.14090366538614035 2101
1648785054739 0.12370853632688522 2151
1648785061519 0.12321426630020142 2201
1648785068139 0.10945828583091498 2251
1648785076048 0.19406029373407363 2301
1648785083177 0.13788289859890937 2351
1648785090445 0.1434932455047965 2401
1648785097208 0.14939281687140465 2451
1648785104436 0.12383944496512413 2501
1648785111548 0.11892657551914454 2551
1648785118415 0.1546051550284028 2601
1648785125450 0.14522863633930683 2651
1648785132268 0.12154137462377548 2701
1648785139077 0.12227891517803073 2751
1648785146121 0.1401481881737709 2801
1648785152898 0.13379178646951914 2851
1648785159722 0.13764156371355057 2901
1648785166560 0.11353334840387105 2951
1648785173434 0.12878681987524032 3001
1648785180626 0.15511173244565726 3051
1648785187484 0.141192041747272 3101
1648785194263 0.15034114975482227 3151
1648785201156 0.1525216931477189 3201
1648785208074 0.14845529213547706 3251
1648785214914 0.1333404328674078 3301
1648785221703 0.13255201127380134 3351
1648785228882 0.1269253359362483 3401
1648785235889 0.12570802394300698 3451
1648785244348 0.14483676251024008 3501
1648785255107 0.14541296914219856 3551
1648785265005 0.12393694464117289 3601
1648785276419 0.16111880917102098 3651
1648785288010 0.15843390086665748 3701
1648785298679 0.16306825060397387 3751
1648785308951 0.13440476093441248 3801
1648785319434 0.13263979487121105 3851
1648785330100 0.10467386096715928 3901
1648785416484 0.1232702673599124 3952
1648785434453 0.1294683625176549 4002
1648785452481 0.13881137371063232 4052
1648785469426 0.13350164983421564 4102
1648785486019 0.14620049193501472 4152
1648785502907 0.1321160400658846 4202
1648785520684 0.1233068610355258 4252
1648785537489 0.15794736228883266 4302
1648785554830 0.11709265600889922 4352
1648785571109 0.12370648097246885 4402
1648785589048 0.14438999310135842 4452
1648785607600 0.12663465779274702 4502
1648785621014 0.14180937074124814 4552
1648785635412 0.13229200523346663 4602
1648785648486 0.13058307837694882 4652
1648785662921 0.11205440800637007 4702
1648785676470 0.15743034243583678 4752
1648785690689 0.11491970270872116 4802
1648785704410 0.13367584813386202 4852
1648785717623 0.13096923559904097 4902
1648785731916 0.1336170007288456 4952
1648785745882 0.14340198148041963 5002
1648785760059 0.10656474273651838 5052
1648785774754 0.14125617377460004 5102
1648785788658 0.1183026273548603 5152
1648785802900 0.11974777020514012 5202
1648785818497 0.1402520576864481 5252
1648785833829 0.14233007337898015 5302
1648785848114 0.1125399225577712 5352
1648785862213 0.1466792199574411 5402
1648785876639 0.1309930695220828 5452
1648785890665 0.13475197587162258 5502
1648785905640 0.12593036960810422 5552
1648785920164 0.11983678296208382 5602
1648785934886 0.15991643473505973 5652
1648785947910 0.14508692633360623 5702
1648785959671 0.13575050380080939 5752
1648785969965 0.13169234286993742 5802
1648785980179 0.13778535164892675 5852
1648786052244 0.129751634337008 5903
1648786066381 0.15124774448573589 5953
1648786080191 0.11726295668631792 6003
1648786094526 0.12630716536194087 6053
1648786109040 0.12435209399089217 6103
1648786122569 0.12511254832148552 6153
1648786136467 0.11179642010480166 6203
1648786150404 0.1279222122579813 6253
1648786163063 0.12173426017165184 6303
1648786177248 0.14189399097114802 6353
1648786192575 0.1197774387523532 6403
1648786206403 0.1071740486100316 6453
1648786219624 0.10186236307024955 6503
1648786233627 0.11222194217145443 6553
1648786247757 0.13891928140074014 6603
1648786261681 0.15066305331885815 6653
1648786275950 0.13936832770705224 6703
1648786290027 0.1500519798696041 6753
1648786304757 0.1447521312907338 6803
1648786319574 0.13992175245657562 6853
1648786333262 0.15254970345646143 6903
1648786346681 0.1258639607578516 6953
1648786360893 0.11955733127892017 7003
1648786376486 0.13136358875781298 7053
1648786390711 0.09852745164185762 7103
1648786404827 0.12236383721232415 7153
1648786418640 0.1078012303635478 7203
1648786433354 0.11710913337767125 7253
1648786447428 0.12431322839111089 7303
1648786461265 0.12947507783770562 7353
1648786475011 0.13077426460571587 7403
1648786490595 0.13631574910134078 7453
1648786504875 0.1285343149676919 7503
1648786518971 0.12668742422014476 7553
1648786532302 0.0943596182204783 7603
1648786546159 0.1127926329523325 7653
1648786556712 0.1149199141189456 7703
1648786565833 0.12413374364376067 7753
1648786575688 0.12447386316955089 7803
1648786649995 0.13844733152538538 7854
1648786663317 0.12627344826236367 7904
1648786679574 0.11983397599309682 7954
1648786692801 0.12325041452422739 8004
1648786707249 0.14033941626548768 8054
1648786721799 0.12527710184454918 8104
1648786735639 0.14281684186309576 8154
1648786749428 0.12489101741462946 8204
1648786763507 0.11190957106649875 8254
1648786777905 0.09495431058108807 8304
1648786791936 0.12570614725351334 8354
1648786806796 0.11192795984447003 8404
1648786820772 0.11088918248191476 8454
1648786834793 0.0979873887076974 8504
1648786850566 0.0971519466675818 8554
1648786864811 0.12034384626895189 8604
1648786879001 0.12298517540097237 8654
1648786892046 0.12220618024468421 8704
1648786906183 0.10664081122726202 8754
1648786920224 0.12728792184963822 8804
1648786933887 0.11353099219501019 8854
1648786948246 0.1515787511691451 8904
1648786962108 0.11553788276389242 8954
1648786977171 0.1527075332403183 9004
1648786992072 0.09970803935080767 9054
1648787006367 0.11060876240953803 9104
1648787019592 0.11380025951191783 9154
1648787033999 0.1676900414377451 9204
1648787048446 0.10434701286256313 9254
1648787062324 0.1162571645155549 9304
1648787077455 0.1414437282830477 9354
1648787091014 0.11330299612134695 9404
1648787105317 0.12228321086615324 9454
1648787119498 0.11638050021603703 9504
1648787133610 0.14550475411117078 9554
1648787145747 0.10667186554521323 9604
1648787157441 0.1277241652831435 9654
1648787168106 0.11644201837480068 9704
1648787178992 0.1142862286604941 9754
1648787258219 0.10235108774155378 9805
1648787271104 0.12741717644035816 9855
1648787286516 0.11394671261310578 9905
1648787301128 0.1182944412715733 9955
1648787314962 0.1296708264388144 10005
1648787329228 0.12925687476992606 10055
1648787343729 0.12061469674110413 10105
1648787358213 0.12721603836864234 10155
1648787370296 0.11773575752973557 10205
1648787383705 0.12235727220773697 10255
1648787397785 0.12743401352316142 10305
1648787412257 0.10317481972277165 10355
1648787426732 0.12118576662614941 10405
1648787441740 0.10098395679146051 10455
1648787455644 0.1253788623213768 10505
1648787470193 0.10382719442248345 10555
1648787483662 0.10745383325964213 10605
1648787497422 0.10120605070143938 10655
1648787511271 0.11262933587655426 10705
1648787525099 0.11869874525815248 10755
1648787539560 0.12576631147414447 10805
1648787553153 0.13496523544192315 10855
1648787567444 0.11460268929600716 10905
1648787581179 0.10667723353952169 10955
1648787595463 0.13722733745351434 11005
1648787608652 0.1190766223333776 11055
1648787622612 0.11346284637227655 11105
1648787636047 0.10158021457493305 11155
1648787650618 0.1182237520813942 11205
1648787665080 0.10768368726596236 11255
1648787679819 0.09771489724516869 11305
1648787694355 0.12027284998446702 11355
1648787708747 0.1238504202477634 11405
1648787723263 0.1409187201038003 11455
1648787735292 0.11318521151319146 11505
1648787745440 0.12863157443702222 11555
1648787756080 0.13371885277330875 11605
1648787767488 0.10483490496873855 11655
1648787777964 0.13885173171758652 11705
1648787858040 0.1361121792346239 11756
1648787872120 0.11829438295215368 11806
1648787886033 0.11169116178527475 11856
1648787899296 0.13508081413805484 11906
1648787912815 0.12081109035760164 11956
1648787926955 0.09514040846377611 12006
1648787940982 0.10983136393129826 12056
1648787954072 0.10034075496718288 12106
1648787967940 0.09052826423197985 12156
1648787982837 0.10011320956051349 12206
1648787996925 0.13121757686138152 12256
1648788009996 0.10957874771207571 12306
1648788023769 0.1069058994948864 12356
1648788037636 0.101935567073524 12406
1648788051896 0.1055216788314283 12456
1648788066179 0.09228351339697838 12506
1648788079883 0.11025204427540303 12556
1648788093786 0.1495720561593771 12606
1648788108181 0.1283618865534663 12656
1648788122009 0.09633361572399736 12706
1648788136368 0.13928436961025 12756
1648788150711 0.11165453784167767 12806
1648788164180 0.12947939606383443 12856
1648788178879 0.13196840172633528 12906
1648788192902 0.09544731987640262 12956
1648788206132 0.12120314665138722 13006
1648788219360 0.11197725430130959 13056
1648788232947 0.11201729672029614 13106
1648788245945 0.1326961182244122 13156
1648788259706 0.10415006902068853 13206
1648788272619 0.11413314612582326 13256
1648788287194 0.1219137104600668 13306
1648788301052 0.0987356823310256 13356
1648788315337 0.08856600048020483 13406
1648788329152 0.1072025584615767 13456
1648788338916 0.10743295144289731 13506
1648788349579 0.12889396380633117 13556
1648788359553 0.13324171561747788 13606
1648788368664 0.09661206612363457 13656
1648788447324 0.11364034390076995 13707
1648788461420 0.11770573738962412 13757
1648788476133 0.09457819819450379 13807
1648788490212 0.10268023889511824 13857
1648788504484 0.1213694067299366 13907
1648788518931 0.1203187003917992 13957
1648788534113 0.10041893862187862 14007
1648788548405 0.13208839766681194 14057
1648788561718 0.11698089756071567 14107
1648788576072 0.12769344223663212 14157
1648788590071 0.11420246986672282 14207
1648788604556 0.11474627158604563 14257
1648788617592 0.12118424516171217 14307
1648788632150 0.10157460924237967 14357
1648788645846 0.12501495879143476 14407
1648788659755 0.113526471555233 14457
1648788673379 0.08814246229827404 14507
1648788688345 0.10915748301893473 14557
1648788702875 0.10315229577943683 14607
1648788717524 0.1184339507110417 14657
1648788731909 0.12075600259006024 14707
1648788745734 0.1123767345957458 14757
1648788759763 0.0905294631794095 14807
1648788772626 0.12498976230621338 14857
1648788787459 0.10054924366995692 14907
1648788801096 0.11470286341384053 14957
1648788814437 0.12669040504842996 15007
1648788828119 0.09941367516294122 15057
1648788842297 0.1141577310860157 15107
1648788855595 0.09165432270616293 15157
1648788870595 0.08876800091937184 15207
1648788883907 0.1113521184399724 15257
1648788896931 0.11237262832000852 15307
1648788910701 0.1123513351008296 15357
1648788923921 0.1405611435510218 15407
1648788935528 0.1039973583817482 15457
1648788945343 0.10583678726106882 15507
1648788955311 0.10957005068659782 15557
1648788965051 0.11970914639532566 15607
1648789041062 0.12352578097954392 15658
1648789054480 0.08144117683172226 15708
1648789067468 0.11198517652228475 15758
1648789081877 0.09633146932348609 15808
1648789095989 0.10616430645808578 15858
1648789109646 0.09474705403670669 15908
1648789123409 0.07884677952155471 15958
1648789137622 0.10131913704797625 16008
1648789152406 0.08238116869702936 16058
1648789167311 0.08895310018211604 16108
1648789182622 0.08267708009108901 16158
1648789196887 0.06648721795529128 16208
1648789211692 0.08178070039488375 16258
1648789226535 0.09751640219241381 16308
1648789241266 0.08995299043133854 16358
1648789255114 0.09835376475006342 16408
1648789269911 0.08528509872034191 16458
1648789283432 0.1009250837750733 16508
1648789297859 0.10411516647785903 16558
1648789312183 0.09703005090355873 16608
1648789325678 0.09721869517117739 16658
1648789340660 0.07730967154726386 16708
1648789354345 0.09095270978286862 16758
1648789369426 0.09228414136916399 16808
1648789384324 0.08793829552829266 16858
1648789399320 0.0804182708915323 16908
1648789413017 0.08337908033281564 16958
1648789427122 0.09588460836559534 17008
1648789440310 0.0854683374799788 17058
1648789453948 0.09420040253549815 17108
1648789466794 0.07921236012130976 17158
1648789480750 0.09376804873347283 17208
1648789494974 0.08300477607175707 17258
1648789508542 0.09318358447402715 17308
1648789523082 0.08991128808818757 17358
1648789534398 0.09972674110904337 17408
1648789545608 0.10179274247959257 17458
1648789557037 0.09044568477198482 17508
1648789566666 0.08358811713755131 17558
1648789646617 0.09635994292795658 17609
1648789661053 0.09073895705863834 17659
1648789674726 0.11753335786983371 17709
1648789689862 0.09431202931329608 17759
1648789703528 0.08709425682201982 17809
1648789716712 0.0726808368600905 17859
1648789731514 0.07943433733657003 17909
1648789745438 0.08877364542335271 17959
1648789760303 0.06656078331172466 18009
1648789774581 0.09998777385801078 18059
1648789789065 0.09409662525169551 18109
1648789803322 0.08289240514859557 18159
1648789818187 0.08280959658324719 18209
1648789833568 0.10870838655158878 18259
1648789847956 0.10642333827912807 18309
1648789862280 0.06598781391978265 18359
1648789876166 0.07294908380135894 18409
1648789891248 0.09133893900550902 18459
1648789905218 0.06941119568422437 18509
1648789918973 0.0802764256671071 18559
1648789932199 0.09118867763318121 18609
1648789946093 0.08461426204070449 18659
1648789959940 0.06807944467291235 18709
1648789973076 0.08719085285440087 18759
1648789987672 0.07868488270789385 18809
1648790000856 0.0740367991104722 18859
1648790014638 0.0996986145619303 18909
1648790029184 0.09529610302299261 18959
1648790043346 0.08508011570200325 19009
1648790058360 0.10176251834258437 19059
1648790072882 0.07604810182005167 19109
1648790086850 0.09289582531899214 19159
1648790101555 0.09683126442134381 19209
1648790116129 0.08546673100441694 19259
1648790129260 0.08621396128088236 19309
1648790139674 0.08642209371551872 19359
1648790150030 0.10307602046057582 19409
1648790159773 0.06935145575553178 19459
1648790169196 0.07126357045955956 19509
1648790249070 0.08533885153010487 19560
1648790263930 0.08493653355166315 19610
1648790278932 0.07713631635531783 19660
1648790292985 0.0847693645954132 19710
1648790306631 0.0862415585666895 19760
1648790319324 0.09072794006206095 19810
1648790333318 0.07325984310358763 19860
1648790346777 0.07311552433297037 19910
1648790361142 0.08956358434632421 19960
1648790375107 0.0746588945016265 20010
1648790389023 0.07361070526763797 20060
1648790403905 0.08085854617878795 20110
1648790416026 0.08704743560403586 20160
1648790430616 0.08602522132918239 20210
1648790444776 0.08627096362411976 20260
1648790459599 0.07947850541211665 20310
1648790472492 0.07778909682296216 20360
1648790485855 0.0845321793667972 20410
1648790499567 0.07613010181114077 20460
1648790513922 0.08137200557626784 20510
1648790527723 0.08337760948576033 20560
1648790540993 0.07781243987381459 20610
1648790553734 0.06428962908685207 20660
1648790568532 0.06554153705947101 20710
1648790582316 0.07390578592196106 20760
1648790596620 0.08932778017595411 20810
1648790610475 0.08970304233953356 20860
1648790625171 0.09821806162595749 20910
1648790638700 0.08630728783085942 20960
1648790653104 0.09869679119437932 21010
1648790667946 0.08545229127630591 21060
1648790681596 0.09493173533119262 21110
1648790695416 0.10095411136746407 21160
1648790708993 0.09638211622834206 21210
1648790724034 0.0911648503318429 21260
1648790736240 0.08163619693368673 21310
1648790746029 0.09192733755335211 21360
1648790756281 0.10144038867205381 21410
1648790766904 0.07409492447972298 21460
1648790842556 0.10573144178837537 21511
1648790856161 0.07566454793326556 21561
1648790870727 0.10870580220595003 21611
1648790882843 0.09310145644471049 21661
1648790896873 0.07075885607860982 21711
1648790910905 0.087164362128824 21761
1648790923943 0.06997040740214289 21811
1648790937478 0.09277140671387314 21861
1648790950847 0.08575057413429021 21911
1648790964564 0.11052462972700595 21961
1648790978452 0.08241184014827013 22011
1648790991899 0.06862518365494907 22061
1648791005871 0.0659207464568317 22111
1648791020692 0.09274717141874135 22161
1648791035136 0.07789492025971413 22211
1648791049531 0.08038520239293576 22261
1648791063479 0.06989981120452285 22311
1648791076954 0.060031685177236796 22361
1648791091662 0.07485444290563464 22411
1648791106755 0.07766283752396702 22461
1648791120547 0.08978659959509969 22511
1648791134672 0.07530010974034668 22561
1648791149261 0.06229838137514889 22611
1648791161702 0.08316741546615958 22661
1648791174670 0.0790146510489285 22711
1648791188389 0.07646171424537897 22761
1648791201562 0.08407933275680989 22811
1648791216300 0.06345666212029755 22861
1648791230771 0.0769896544702351 22911
1648791244581 0.07923684697598218 22961
1648791258842 0.07658756076358259 23011
1648791271568 0.08324509541504085 23061
1648791284442 0.06312940206378698 23111
1648791298911 0.08981154803186656 23161
1648791313366 0.09650797855108977 23211
1648791327332 0.07687304573133588 23261
1648791339170 0.0660217086598277 23311
1648791349473 0.0838219091668725 23361
1648791359148 0.07141923177987337 23411
