1648784450045 0.03799055743787903 50
1648784463525 0.04704664424993098 100
1648784477792 0.04716803204268217 150
1648784491906 0.05974072850309312 200
1648784505787 0.07026975499466062 250
1648784520474 0.08327155450358986 300
1648784534544 0.08424535267055035 350
1648784548855 0.07808390013989992 400
1648784562200 0.07560217846184969 450
1648784576430 0.09663834562525153 500
1648784589925 0.07006121940910816 550
1648784603287 0.07249390348792076 600
1648784617923 0.07306816011667251 650
1648784629877 0.08160662515088916 700
1648784643335 0.07564525492489338 750
1648784656919 0.08988165127113462 800
1648784670601 0.0948807080835104 850
1648784684559 0.08833367643877864 900
1648784698963 0.10381482888013124 950
1648784712791 0.08257896782830358 1000
1648784726065 0.09362208800390363 1050
1648784739903 0.08322758492082358 1100
1648784754451 0.07224605238065124 1150
1648784768453 0.08793418144807219 1200
1648784781699 0.07737534994259476 1250
1648784796362 0.08827714581042528 1300
1648784810487 0.10941175209358335 1350
1648784824323 0.10910531301051378 1400
1648784837304 0.08296376505866647 1450
1648784850258 0.08706595242023468 1500
1648784864286 0.09027842799201607 1550
1648784878823 0.07801694331690669 1600
1648784892482 0.0839079475030303 1650
1648784906483 0.09450123228132724 1700
1648784920955 0.06674623033031821 1750
1648784935147 0.08846925660967826 1800
1648784949363 0.06299458339810371 1850
1648784959622 0.06386986980214715 1900
1648784969560 0.08443484946154058 1950
1648785033946 0.08686287641525268 2001
1648785041250 0.08844767091795802 2051
1648785047907 0.07967149788513779 2101
1648785054739 0.06903178090229631 2151
1648785061519 0.07385897127911449 2201
1648785068139 0.06119627243839204 2251
1648785076048 0.11497028907760978 2301
1648785083177 0.07883276537060738 2351
1648785090445 0.08941160863265395 2401
1648785097208 0.08553895332850515 2451
1648785104436 0.07165455909445882 2501
1648785111548 0.06833013884723187 2551
1648785118415 0.0858572722133249 2601
1648785125450 0.08011603899300099 2651
1648785132268 0.07127218145877123 2701
1648785139077 0.07339565925300122 2751
1648785146121 0.08830234399065376 2801
1648785152898 0.07601879883557558 2851
1648785159722 0.0806468485109508 2901
1648785166560 0.06408016044646501 2951
1648785173434 0.07434230352751911 3001
1648785180626 0.08935547169297933 3051
1648785187484 0.08223172332160175 3101
1648785194263 0.07928411142900586 3151
1648785201156 0.08456703959032894 3201
1648785208074 0.0847483969014138 3251
1648785214914 0.0740229144692421 3301
1648785221703 0.0788911367766559 3351
1648785228882 0.06991567384451627 3401
1648785235889 0.07377387749031186 3451
1648785244348 0.08581181261688471 3501
1648785255107 0.08504296997562051 3551
1648785265005 0.06254029393661767 3601
1648785276419 0.08591421170160174 3651
1648785288010 0.09812024986371398 3701
1648785298679 0.0867986080236733 3751
1648785308951 0.0782556008733809 3801
1648785319434 0.06987972704693675 3851
1648785330100 0.06042127875611186 3901
1648785416484 0.07319425339810551 3952
1648785434453 0.07581762941554189 4002
1648785452481 0.08122400868684053 4052
1648785469426 0.07094789690338076 4102
1648785486019 0.0909843834862113 4152
1648785502907 0.08104261238127947 4202
1648785520684 0.07110771723091602 4252
1648785537489 0.09450842136517167 4302
1648785554830 0.06699964372441172 4352
1648785571109 0.07212518749758601 4402
1648785589048 0.0825350574683398 4452
1648785607600 0.07202304273843765 4502
1648785621014 0.08339723254553974 4552
1648785635412 0.07056204648688436 4602
1648785648486 0.07978730775415897 4652
1648785662921 0.06098104739561677 4702
1648785676470 0.08854739918373525 4752
1648785690689 0.06645391614176333 4802
1648785704410 0.08153511019423604 4852
1648785717623 0.07564733016304671 4902
1648785731916 0.07768557731062174 4952
1648785745882 0.08379991667345166 5002
1648785760059 0.062029516845941546 5052
1648785774754 0.0812144435197115 5102
1648785788658 0.068374785752967 5152
1648785802900 0.06714531489647925 5202
1648785818497 0.08358331034891307 5252
1648785833829 0.08552898591384292 5302
1648785848114 0.0664498868957162 5352
1648785862213 0.08552097067236901 5402
1648785876639 0.08198681032285095 5452
1648785890665 0.07436381174251437 5502
1648785905640 0.06608740529045462 5552
1648785920164 0.0682004973385483 5602
1648785934886 0.09164125230163336 5652
1648785947910 0.08410221876576543 5702
1648785959671 0.0758260375726968 5752
1648785969965 0.0734811778832227 5802
1648785980179 0.07092170708812773 5852
1648786052244 0.07772940123453737 5903
1648786066381 0.09211599555797875 5953
1648786080191 0.06994724908843636 6003
1648786094526 0.07613511224277318 6053
1648786109040 0.07804568398743868 6103
1648786122569 0.07644388400018215 6153
1648786136467 0.06840360664762557 6203
1648786150404 0.07573690179735422 6253
1648786163063 0.06832288775593043 6303
1648786177248 0.0761572675127536 6353
1648786192575 0.0641966971103102 6403
1648786206403 0.058945410838350656 6453
1648786219624 0.06094888035207987 6503
1648786233627 0.06330180263146758 6553
1648786247757 0.08682495867833495 6603
1648786261681 0.0877580526843667 6653
1648786275950 0.08580594391096383 6703
1648786290027 0.084322843933478 6753
1648786304757 0.08316653766669332 6803
1648786319574 0.08097527179401368 6853
1648786333262 0.09516144298017025 6903
1648786346681 0.07003743043635041 6953
1648786360893 0.06940205313730985 7003
1648786376486 0.07634012520313263 7053
1648786390711 0.05821013376116753 7103
1648786404827 0.06828493959736079 7153
1648786418640 0.063012276571244 7203
1648786433354 0.06663943039719016 7253
1648786447428 0.08050207396037877 7303
1648786461265 0.07645952402614058 7353
1648786475011 0.07058466965332627 7403
1648786490595 0.07680198948830366 7453
1648786504875 0.073394087664783 7503
1648786518971 0.06934038382023573 7553
1648786532302 0.051288468400016426 7603
1648786546159 0.06548967586830258 7653
1648786556712 0.06958285154774785 7703
1648786565833 0.06750328709371388 7753
1648786575688 0.0756784635502845 7803
1648786649995 0.07969827385619283 7854
1648786663317 0.06994328895583748 7904
1648786679574 0.0691434101574123 7954
1648786692801 0.07988133491948247 8004
1648786707249 0.08260688667185605 8054
1648786721799 0.07844892162829638 8104
1648786735639 0.0905593737680465 8154
1648786749428 0.07533555082976819 8204
1648786763507 0.06671764332801104 8254
1648786777905 0.05397287489846349 8304
1648786791936 0.07452063185162842 8354
1648786806796 0.06257598335389047 8404
1648786820772 0.06437615260481834 8454
1648786834793 0.05612196380272508 8504
1648786850566 0.05275434236973524 8554
1648786864811 0.06735563296126201 8604
1648786879001 0.07594030687585474 8654
1648786892046 0.07516983807086945 8704
1648786906183 0.06637818722985685 8754
1648786920224 0.0774362931586802 8804
1648786933887 0.0625088809337467 8854
1648786948246 0.09102169880643488 8904
1648786962108 0.06889050152152777 8954
1648786977171 0.08913724659010767 9004
1648786992072 0.059592839097604156 9054
1648787006367 0.06843002153094858 9104
1648787019592 0.06744824971072376 9154
1648787033999 0.09033230029977858 9204
1648787048446 0.058949121795594694 9254
1648787062324 0.0696898845769465 9304
1648787077455 0.0878654769435525 9354
1648787091014 0.058408925961703065 9404
1648787105317 0.0764515640353784 9454
1648787119498 0.06792429330758751 9504
1648787133610 0.07978955519385636 9554
1648787145747 0.06406302819028496 9604
1648787157441 0.07484644427895545 9654
1648787168106 0.06367594148032367 9704
1648787178992 0.06773083614185453 9754
1648787258219 0.06378137627616524 9805
1648787271104 0.0697276097163558 9855
1648787286516 0.07624257530085743 9905
1648787301128 0.06079619301483035 9955
1648787314962 0.0837867986690253 10005
1648787329228 0.0816244248021394 10055
1648787343729 0.0745713547244668 10105
1648787358213 0.07614532187581062 10155
1648787370296 0.07051479357294738 10205
1648787383705 0.06905130519531667 10255
1648787397785 0.07573353732936085 10305
1648787412257 0.058236044710502026 10355
1648787426732 0.06829844214953482 10405
1648787441740 0.0572210534196347 10455
1648787455644 0.06930594315752386 10505
1648787470193 0.055354940937832 10555
1648787483662 0.06220494631677866 10605
1648787497422 0.0628750245179981 10655
1648787511271 0.06662497339304536 10705
1648787525099 0.07241224062163383 10755
1648787539560 0.07359996434301137 10805
1648787553153 0.07562294759321958 10855
1648787567444 0.06603696115314961 10905
1648787581179 0.06252255748026073 10955
1648787595463 0.0762905789911747 11005
1648787608652 0.06542693202383816 11055
1648787622612 0.06688485413789749 11105
1648787636047 0.06177842856384814 11155
1648787650618 0.06868684993125498 11205
1648787665080 0.0626559547521174 11255
1648787679819 0.06257042427081615 11305
1648787694355 0.07715893417596817 11355
1648787708747 0.07319562114775181 11405
1648787723263 0.08849096293561161 11455
1648787735292 0.06908235251903534 11505
1648787745440 0.07023010740056634 11555
1648787756080 0.08402239898219704 11605
1648787767488 0.0656627818569541 11655
1648787777964 0.0794076899625361 11705
1648787858040 0.0785777601134032 11756
1648787872120 0.07415055527351797 11806
1648787886033 0.06763186004944145 11856
1648787899296 0.08224160362966358 11906
1648787912815 0.07065440033562481 11956
1648787926955 0.05215149952098727 12006
1648787940982 0.059844246562570334 12056
1648787954072 0.06064981747418642 12106
1648787967940 0.05350956740789115 12156
1648787982837 0.05788634005934 12206
1648787996925 0.08344239289872349 12256
1648788009996 0.06672536773607135 12306
1648788023769 0.062170949932187795 12356
1648788037636 0.05847261404618621 12406
1648788051896 0.06457973566837609 12456
1648788066179 0.05261882623657584 12506
1648788079883 0.0674356846883893 12556
1648788093786 0.093882717192173 12606
1648788108181 0.08540329137817025 12656
1648788122009 0.0579368956014514 12706
1648788136368 0.08615723547525704 12756
1648788150711 0.06488816257566214 12806
1648788164180 0.07598828420042991 12856
1648788178879 0.08781531849876047 12906
1648788192902 0.055658098692074415 12956
1648788206132 0.07411519165616483 13006
1648788219360 0.06709970922209323 13056
1648788232947 0.07063156657852232 13106
1648788245945 0.07831858621677384 13156
1648788259706 0.06062050262466073 13206
1648788272619 0.07491521192714572 13256
1648788287194 0.07688068154267967 13306
1648788301052 0.05998615142889321 13356
1648788315337 0.050449132770299915 13406
1648788329152 0.06371135452296585 13456
1648788338916 0.06601551641710103 13506
1648788349579 0.07328473781235516 13556
1648788359553 0.08498561388812959 13606
1648788368664 0.05755655862856656 13656
1648788447324 0.06883507142774761 13707
1648788461420 0.07290391406044364 13757
1648788476133 0.05861522538587451 13807
1648788490212 0.062219229163601994 13857
1648788504484 0.0728317991271615 13907
1648788518931 0.07070609651505948 13957
1648788534113 0.05550869859755039 14007
1648788548405 0.0827691725641489 14057
1648788561718 0.07366129179485142 14107
1648788576072 0.078077153111808 14157
1648788590071 0.06699233968742192 14207
1648788604556 0.07560061009600759 14257
1648788617592 0.07057498077861965 14307
1648788632150 0.0638802885543555 14357
1648788645846 0.07676580421626568 14407
1648788659755 0.07301228201948107 14457
1648788673379 0.050115482965484265 14507
1648788688345 0.07163217854686081 14557
1648788702875 0.06327985771931707 14607
1648788717524 0.07248334201052785 14657
1648788731909 0.06842250317335129 14707
1648788745734 0.06568758537527174 14757
1648788759763 0.05240306413732469 14807
1648788772626 0.07629765393212437 14857
1648788787459 0.06025038762018085 14907
1648788801096 0.06226539961993694 14957
1648788814437 0.07547138107940554 15007
1648788828119 0.05458408322185278 15057
1648788842297 0.06730867552570999 15107
1648788855595 0.05406774460338056 15157
1648788870595 0.05500746538862586 15207
1648788883907 0.06828940758481622 15257
1648788896931 0.06624200057704002 15307
1648788910701 0.0666736314073205 15357
1648788923921 0.08447616304270923 15407
1648788935528 0.05968620510771871 15457
1648788945343 0.06622914743609726 15507
1648788955311 0.06685083370655776 15557
1648788965051 0.07405072416178882 15607
1648789041062 0.07997098680585622 15658
1648789054480 0.055191703750751914 15708
1648789067468 0.0715875152964145 15758
1648789081877 0.059313641963526606 15808
1648789095989 0.07157691793516278 15858
1648789109646 0.058790337145328525 15908
1648789123409 0.04904469572007656 15958
1648789137622 0.06458075241651386 16008
1648789152406 0.0596435136301443 16058
1648789167311 0.05769540417473763 16108
1648789182622 0.057019547284580765 16158
1648789196887 0.04619427304714918 16208
1648789211692 0.0507909003412351 16258
1648789226535 0.07029645337257534 16308
1648789241266 0.0540958966081962 16358
1648789255114 0.06816199645632878 16408
1648789269911 0.05747825354337692 16458
1648789283432 0.06753600374329835 16508
1648789297859 0.06900287541560829 16558
1648789312183 0.0683901403285563 16608
1648789325678 0.0630001981370151 16658
1648789340660 0.04810122346505523 16708
1648789354345 0.05571652058977634 16758
1648789369426 0.060302464128471914 16808
1648789384324 0.060368628669530154 16858
1648789399320 0.05086097493302077 16908
1648789413017 0.05566247082548216 16958
1648789427122 0.06329000202473253 17008
1648789440310 0.05338958375155926 17058
1648789453948 0.0661184717155993 17108
1648789466794 0.05160619524307549 17158
1648789480750 0.06136471029371023 17208
1648789494974 0.052284662025049326 17258
1648789508542 0.06478852656669915 17308
1648789523082 0.05883007005322725 17358
1648789534398 0.06635844335891307 17408
1648789545608 0.06370729513932019 17458
1648789557037 0.061405942947603764 17508
1648789566666 0.06015884711872786 17558
1648789646617 0.06523344818968325 17609
1648789661053 0.06165904595050961 17659
1648789674726 0.07463809325825423 17709
1648789689862 0.06433745784685016 17759
1648789703528 0.054577286271378395 17809
1648789716712 0.04807509748265147 17859
1648789731514 0.05257724694907665 17909
1648789745438 0.057085711774416265 17959
1648789760303 0.04375620241742581 18009
1648789774581 0.06691446302924305 18059
1648789789065 0.06094640450552106 18109
1648789803322 0.05780300198122859 18159
1648789818187 0.05661105411592871 18209
1648789833568 0.07825143637135624 18259
1648789847956 0.06948922608047724 18309
1648789862280 0.0429035814339295 18359
1648789876166 0.04894241790752858 18409
1648789891248 0.05830847409088165 18459
1648789905218 0.04481774165527895 18509
1648789918973 0.05639599845279008 18559
1648789932199 0.05774898041971028 18609
1648789946093 0.057665692493319515 18659
1648789959940 0.04403060486074537 18709
1648789973076 0.06010517479851842 18759
1648789987672 0.053109343736432495 18809
1648790000856 0.046967638656497 18859
1648790014638 0.07085292717441917 18909
1648790029184 0.06586961607448756 18959
1648790043346 0.05195428087143227 19009
1648790058360 0.06584150832146406 19059
1648790072882 0.05047505262307823 19109
1648790086850 0.06495370559860021 19159
1648790101555 0.06667114817537367 19209
1648790116129 0.057285511479713024 19259
1648790129260 0.06169717274140567 19309
1648790139674 0.061184166162274775 19359
1648790150030 0.06508506530895829 19409
1648790159773 0.04555945249740034 19459
1648790169196 0.04754907026421279 19509
1648790249070 0.05307538317516446 19560
1648790263930 0.05708381871227175 19610
1648790278932 0.051763920951634644 19660
1648790292985 0.056869056643918156 19710
1648790306631 0.061219817148521545 19760
1648790319324 0.060093927886337044 19810
1648790333318 0.04339685105718672 19860
1648790346777 0.04892369280569255 19910
1648790361142 0.057800706969574095 19960
1648790375107 0.04763241198146716 20010
1648790389023 0.0506066005397588 20060
1648790403905 0.05593797660432756 20110
1648790416026 0.059114988781511786 20160
1648790430616 0.057645198870450255 20210
1648790444776 0.056847634511068466 20260
1648790459599 0.048794559771195053 20310
1648790472492 0.0536907404800877 20360
1648790485855 0.0543487514462322 20410
1648790499567 0.0509308510273695 20460
1648790513922 0.05555845628492534 20510
1648790527723 0.06070591575698927 20560
1648790540993 0.056532842838205394 20610
1648790553734 0.04541721876244992 20660
1648790568532 0.0430525083723478 20710
1648790582316 0.046020486471243204 20760
1648790596620 0.06203677368350327 20810
1648790610475 0.06794306010939181 20860
1648790625171 0.06452990376390516 20910
1648790638700 0.054639789760112766 20960
1648790653104 0.07038559325039387 21010
1648790667946 0.05865342884790152 21060
1648790681596 0.06527070649666712 21110
1648790695416 0.06846826240420341 21160
1648790708993 0.062074122950434685 21210
1648790724034 0.061291690594516696 21260
1648790736240 0.05158596191555262 21310
1648790746029 0.06824556630570441 21360
1648790756281 0.0677836153190583 21410
1648790766904 0.05167419766075909 21460
1648790842556 0.07187250524293631 21511
1648790856161 0.05009301689453423 21561
1648790870727 0.0760838416684419 21611
1648790882843 0.06587190644117072 21661
1648790896873 0.04993629327975214 21711
1648790910905 0.06612131958827376 21761
1648790923943 0.04632217069622129 21811
1648790937478 0.0606695406511426 21861
1648790950847 0.05291810151655227 21911
1648790964564 0.07332038384862244 21961
1648790978452 0.056837629961082714 22011
1648790991899 0.04162226490676403 22061
1648791005871 0.04339651444461197 22111
1648791020692 0.06501939450623467 22161
1648791035136 0.053679639957845214 22211
1648791049531 0.05566284478176385 22261
1648791063479 0.04353086484130472 22311
1648791076954 0.03623807289171964 22361
1648791091662 0.055715746460482475 22411
1648791106755 0.050951945572160186 22461
1648791120547 0.06360177883412689 22511
1648791134672 0.05410830721259117 22561
1648791149261 0.0460322023415938 22611
1648791161702 0.05607219106517732 22661
1648791174670 0.05211823929101229 22711
1648791188389 0.05010401898063719 22761
1648791201562 0.059281080154469236 22811
1648791216300 0.04486680220812559 22861
1648791230771 0.052257164749316874 22911
1648791244581 0.05704871916444972 22961
1648791258842 0.04894582861568779 23011
1648791271568 0.05896084955427796 23061
1648791284442 0.04472881600726396 23111
1648791298911 0.06443425520323216 23161
1648791313366 0.072744052791968 23211
1648791327332 0.05904151862021536 23261
1648791339170 0.04577398189809173 23311
1648791349473 0.061696041678078475 23361
1648791359148 0.0516226694220677 23411
