1648784450045 0.1719943681359291 50
1648784463525 0.175175816193223 100
1648784477792 0.17066830582916737 150
1648784491906 0.15866014674305917 200
1648784505787 0.1848064199090004 250
1648784520474 0.18754149328917266 300
1648784534544 0.18062099263072015 350
1648784548855 0.16176281936466694 400
1648784562200 0.16358474157750608 450
1648784576430 0.17610798627138138 500
1648784589925 0.15232327722012998 550
1648784603287 0.14736033789813519 600
1648784617923 0.1398348508030176 650
1648784629877 0.139358142092824 700
1648784643335 0.1369105229526758 750
1648784656919 0.15105631794780494 800
1648784670601 0.15330040799453853 850
1648784684559 0.14369598619639873 900
1648784698963 0.15518499340862035 950
1648784712791 0.126099558994174 1000
1648784726065 0.12581936452537776 1050
1648784739903 0.13524029579013586 1100
1648784754451 0.12182481795549392 1150
1648784768453 0.13597784124314785 1200
1648784781699 0.12792593032121657 1250
1648784796362 0.1332780233025551 1300
1648784810487 0.14086874056607485 1350
1648784824323 0.15116198007017373 1400
1648784837304 0.12520450253039597 1450
1648784850258 0.12322958774864673 1500
1648784864286 0.1308055917173624 1550
1648784878823 0.13269354559481145 1600
1648784892482 0.13238732904195785 1650
1648784906483 0.12699891068041325 1700
1648784920955 0.11506623651832343 1750
1648784935147 0.1248492093384266 1800
1648784949363 0.11422310318797826 1850
1648784959622 0.10978259958326816 1900
1648784969560 0.12238394251093268 1950
1648785033946 0.11308623291552067 2001
1648785041250 0.11749673597514629 2051
1648785047907 0.11292281780391931 2101
1648785054739 0.10903378419578075 2151
1648785061519 0.11032013442367315 2201
1648785068139 0.10270304508507251 2251
1648785076048 0.1438122083991766 2301
1648785083177 0.11631532590836287 2351
1648785090445 0.12669099394232033 2401
1648785097208 0.11811594607308507 2451
1648785104436 0.11889309041202069 2501
1648785111548 0.11164221651852131 2551
1648785118415 0.1261604617163539 2601
1648785125450 0.13251697670668364 2651
1648785132268 0.10380378440022468 2701
1648785139077 0.11663954924792051 2751
1648785146121 0.12174910053610802 2801
1648785152898 0.12058106839656829 2851
1648785159722 0.1135022285953164 2901
1648785166560 0.12061392460018397 2951
1648785173434 0.10911662548780442 3001
1648785180626 0.12035445772111415 3051
1648785187484 0.12335990399122237 3101
1648785194263 0.11977526057511569 3151
1648785201156 0.12157864335924387 3201
1648785208074 0.1174528942629695 3251
1648785214914 0.1110313370078802 3301
1648785221703 0.11531408682465553 3351
1648785228882 0.11090945180505514 3401
1648785235889 0.10798264093697071 3451
1648785244348 0.11615414414554834 3501
1648785255107 0.11938992530107498 3551
1648785265005 0.08895187888294459 3601
1648785276419 0.11933912262320519 3651
1648785288010 0.11470495522022248 3701
1648785298679 0.11442882221192122 3751
1648785308951 0.09577815491706133 3801
1648785319434 0.10078432302922011 3851
1648785330100 0.0967683032900095 3901
1648785416484 0.10261000301688909 3952
1648785434453 0.1064957969635725 4002
1648785452481 0.11765719361603261 4052
1648785469426 0.11484927061945199 4102
1648785486019 0.11955630533397198 4152
1648785502907 0.11090280106291175 4202
1648785520684 0.10185032615438104 4252
1648785537489 0.12066923588514328 4302
1648785554830 0.10696428135037422 4352
1648785571109 0.10214647807180882 4402
1648785589048 0.11246579648926854 4452
1648785607600 0.09717786267399788 4502
1648785621014 0.1092118039354682 4552
1648785635412 0.10290799226611852 4602
1648785648486 0.10434887319803238 4652
1648785662921 0.09520757000893354 4702
1648785676470 0.11085905570536853 4752
1648785690689 0.10062611125409603 4802
1648785704410 0.11287356518208981 4852
1648785717623 0.0942051718570292 4902
1648785731916 0.10170777396298945 4952
1648785745882 0.10535689000040292 5002
1648785760059 0.09626967113465071 5052
1648785774754 0.10652767423540353 5102
1648785788658 0.10629624020308256 5152
1648785802900 0.10551327392458916 5202
1648785818497 0.11178321838378906 5252
1648785833829 0.11608173321932554 5302
1648785848114 0.10059150993824005 5352
1648785862213 0.11358030382543802 5402
1648785876639 0.10383479189127684 5452
1648785890665 0.1038228794746101 5502
1648785905640 0.09413230575621129 5552
1648785920164 0.09439281642436981 5602
1648785934886 0.118543731123209 5652
1648785947910 0.1069885853677988 5702
1648785959671 0.10573292393237352 5752
1648785969965 0.0964158359915018 5802
1648785980179 0.1070464226603508 5852
1648786052244 0.10435739398002625 5903
1648786066381 0.10617994887754321 5953
1648786080191 0.10119540728628636 6003
1648786094526 0.10776057235896587 6053
1648786109040 0.09871080365031958 6103
1648786122569 0.10549884382635355 6153
1648786136467 0.09460489369928837 6203
1648786150404 0.10259127587080002 6253
1648786163063 0.0938795306906104 6303
1648786177248 0.10348464479669929 6353
1648786192575 0.10167118035256863 6403
1648786206403 0.09518366310745478 6453
1648786219624 0.09340483698993922 6503
1648786233627 0.09848962683230639 6553
1648786247757 0.09879775930196047 6603
1648786261681 0.1208910471946001 6653
1648786275950 0.10431389600038528 6703
1648786290027 0.11534308083355427 6753
1648786304757 0.10659506991505623 6803
1648786319574 0.1060700362175703 6853
1648786333262 0.11065543433651329 6903
1648786346681 0.09363516921177506 6953
1648786360893 0.09509174920618534 7003
1648786376486 0.10892044510692359 7053
1648786390711 0.08945445315912366 7103
1648786404827 0.09270660683512688 7153
1648786418640 0.10006133656948805 7203
1648786433354 0.09786094816401601 7253
1648786447428 0.10054280072450637 7303
1648786461265 0.10059708734974265 7353
1648786475011 0.10758408542722464 7403
1648786490595 0.09018641129136086 7453
1648786504875 0.09508602920919657 7503
1648786518971 0.09777645457535983 7553
1648786532302 0.07737693743780255 7603
1648786546159 0.1025911595672369 7653
1648786556712 0.09003145750612021 7703
1648786565833 0.09299828182905913 7753
1648786575688 0.10707061298191548 7803
1648786649995 0.1036220346018672 7854
1648786663317 0.09449011361226439 7904
1648786679574 0.09943129919469357 7954
1648786692801 0.09893935777246952 8004
1648786707249 0.1065291477367282 8054
1648786721799 0.09746478522196413 8104
1648786735639 0.1066982102394104 8154
1648786749428 0.09405258057639003 8204
1648786763507 0.10303760524839163 8254
1648786777905 0.07797045730054379 8304
1648786791936 0.10084850877523423 8354
1648786806796 0.09738977190107106 8404
1648786820772 0.10264034233987332 8454
1648786834793 0.0858717755973339 8504
1648786850566 0.0795482443459332 8554
1648786864811 0.09861717676743866 8604
1648786879001 0.08708038926124573 8654
1648786892046 0.09497324462980032 8704
1648786906183 0.08797471854835749 8754
1648786920224 0.09761547889560461 8804
1648786933887 0.09047900099307299 8854
1648786948246 0.10833572514355183 8904
1648786962108 0.09737266041338444 8954
1648786977171 0.10949517920613289 9004
1648786992072 0.08560398027300835 9054
1648787006367 0.08992571637965739 9104
1648787019592 0.09380847819149495 9154
1648787033999 0.10925083745270968 9204
1648787048446 0.09477248787879944 9254
1648787062324 0.09929093718528748 9304
1648787077455 0.1036946663632989 9354
1648787091014 0.09097270380705595 9404
1648787105317 0.1082501350902021 9454
1648787119498 0.09277146950364112 9504
1648787133610 0.10625417996197939 9554
1648787145747 0.08255170341581106 9604
1648787157441 0.09608006790280342 9654
1648787168106 0.08713021537289023 9704
1648787178992 0.10093211688101292 9754
1648787258219 0.08325273619964718 9805
1648787271104 0.09676678184419871 9855
1648787286516 0.10357869263738394 9905
1648787301128 0.0814987369813025 9955
1648787314962 0.09910340495407581 10005
1648787329228 0.10126681581139564 10055
1648787343729 0.10304201189428568 10105
1648787358213 0.10063333794474602 10155
1648787370296 0.08784849820658565 10205
1648787383705 0.09117330621927977 10255
1648787397785 0.10510021544992924 10305
1648787412257 0.08457207445055247 10355
1648787426732 0.09522517912089824 10405
1648787441740 0.07970625033602119 10455
1648787455644 0.10128647353500128 10505
1648787470193 0.08717526830732822 10555
1648787483662 0.08734259432181717 10605
1648787497422 0.0898120305687189 10655
1648787511271 0.09466621594503521 10705
1648787525099 0.09109969727694989 10755
1648787539560 0.09071557492017746 10805
1648787553153 0.10209369461983442 10855
1648787567444 0.09114656422287226 10905
1648787581179 0.0923231790959835 10955
1648787595463 0.09684439482167363 11005
1648787608652 0.09654452595859767 11055
1648787622612 0.08892198741436004 11105
1648787636047 0.0878955652564764 11155
1648787650618 0.08876087740063668 11205
1648787665080 0.09162826538085937 11255
1648787679819 0.0871857764199376 11305
1648787694355 0.08655153371393681 11355
1648787708747 0.09687621656805277 11405
1648787723263 0.10660710532218218 11455
1648787735292 0.08347160717472434 11505
1648787745440 0.0938116012327373 11555
1648787756080 0.09773346750065684 11605
1648787767488 0.0858037688024342 11655
1648787777964 0.09974068507552147 11705
1648787858040 0.09971791736781598 11756
1648787872120 0.09157528694719076 11806
1648787886033 0.07746673282235861 11856
1648787899296 0.10744608879089355 11906
1648787912815 0.08524205239489674 11956
1648787926955 0.08310975026339293 12006
1648787940982 0.079781484734267 12056
1648787954072 0.08569546677172184 12106
1648787967940 0.08198198668658734 12156
1648787982837 0.08780594633892179 12206
1648787996925 0.10718242891132831 12256
1648788009996 0.0981484374217689 12306
1648788023769 0.08595543876290321 12356
1648788037636 0.08554229727014899 12406
1648788051896 0.08177633542567492 12456
1648788066179 0.07262404762208462 12506
1648788079883 0.08815085809677839 12556
1648788093786 0.11457235801964999 12606
1648788108181 0.09043020442128182 12656
1648788122009 0.07944166569039225 12706
1648788136368 0.09256305849179626 12756
1648788150711 0.08875860966742039 12806
1648788164180 0.08899352315813303 12856
1648788178879 0.10080827934667468 12906
1648788192902 0.08042873032391071 12956
1648788206132 0.09521179750561715 13006
1648788219360 0.09220804959535599 13056
1648788232947 0.09029179323464633 13106
1648788245945 0.09063108455389739 13156
1648788259706 0.08177626125514507 13206
1648788272619 0.09309533406049013 13256
1648788287194 0.10352888932451605 13306
1648788301052 0.09168099865317345 13356
1648788315337 0.08354236429557205 13406
1648788329152 0.08016710576601327 13456
1648788338916 0.1003573925048113 13506
1648788349579 0.09439556706696749 13556
1648788359553 0.10376275705173611 13606
1648788368664 0.08146747579798103 13656
1648788447324 0.08642724212259054 13707
1648788461420 0.0909986511990428 13757
1648788476133 0.08496455702930689 13807
1648788490212 0.08035467347130179 13857
1648788504484 0.08744753336533904 13907
1648788518931 0.09124163577333093 13957
1648788534113 0.08365990919992328 14007
1648788548405 0.10198751425370574 14057
1648788561718 0.09930679079145194 14107
1648788576072 0.09368451189249755 14157
1648788590071 0.08826105177402496 14207
1648788604556 0.09102965652942657 14257
1648788617592 0.08477807976305485 14307
1648788632150 0.08195803601294756 14357
1648788645846 0.09161535019055009 14407
1648788659755 0.09186515964567661 14457
1648788673379 0.07832991367205977 14507
1648788688345 0.09036711256951094 14557
1648788702875 0.08600951880216598 14607
1648788717524 0.09808629106730223 14657
1648788731909 0.10433793853968382 14707
1648788745734 0.08046813368797302 14757
1648788759763 0.07077098434790968 14807
1648788772626 0.1014319358766079 14857
1648788787459 0.08711091846227646 14907
1648788801096 0.08843483744189143 14957
1648788814437 0.09190380439162255 15007
1648788828119 0.08019089816138149 15057
1648788842297 0.08222834983840585 15107
1648788855595 0.07344865644350648 15157
1648788870595 0.0805221409164369 15207
1648788883907 0.08684527561068535 15257
1648788896931 0.08955027669668197 15307
1648788910701 0.08916723817586898 15357
1648788923921 0.0955454558879137 15407
1648788935528 0.08764418052509428 15457
1648788945343 0.08740688292309642 15507
1648788955311 0.0927265515550971 15557
1648788965051 0.09782905153930187 15607
1648789041062 0.09550014901906252 15658
1648789054480 0.07021650800481438 15708
1648789067468 0.09698850451037287 15758
1648789081877 0.08246884625405074 15808
1648789095989 0.08691574107855558 15858
1648789109646 0.08054022217169404 15908
1648789123409 0.07567928627133369 15958
1648789137622 0.07978911536280066 16008
1648789152406 0.07616652382537722 16058
1648789167311 0.07135032925754786 16108
1648789182622 0.06955770740285516 16158
1648789196887 0.06043346337974072 16208
1648789211692 0.06860512563958764 16258
1648789226535 0.0805703673698008 16308
1648789241266 0.07324556855484843 16358
1648789255114 0.08193584262393415 16408
1648789269911 0.0756890201754868 16458
1648789283432 0.0759635860286653 16508
1648789297859 0.08161959111690521 16558
1648789312183 0.07358085010200739 16608
1648789325678 0.0773434004187584 16658
1648789340660 0.06588780056685209 16708
1648789354345 0.07504717594943941 16758
1648789369426 0.0699627461284399 16808
1648789384324 0.07504204822704195 16858
1648789399320 0.06585611497983336 16908
1648789413017 0.06930887540802359 16958
1648789427122 0.07196269879117607 17008
1648789440310 0.06935983050614596 17058
1648789453948 0.06973962936550379 17108
1648789466794 0.0614634230453521 17158
1648789480750 0.07664413743652404 17208
1648789494974 0.06766651291400194 17258
1648789508542 0.07580294448882341 17308
1648789523082 0.07468968316912651 17358
1648789534398 0.07310610314831138 17408
1648789545608 0.07681452002376318 17458
1648789557037 0.0782236429862678 17508
1648789566666 0.07167493404820562 17558
1648789646617 0.08535818031057715 17609
1648789661053 0.07194329967722296 17659
1648789674726 0.08219919867813587 17709
1648789689862 0.07621343160048127 17759
1648789703528 0.06799004968255758 17809
1648789716712 0.06905748821794987 17859
1648789731514 0.06954216917976737 17909
1648789745438 0.0669125115312636 17959
1648789760303 0.06378091722726822 18009
1648789774581 0.07973602715879678 18059
1648789789065 0.07809214776381851 18109
1648789803322 0.06779993208125233 18159
1648789818187 0.06666126923635601 18209
1648789833568 0.08260018154978752 18259
1648789847956 0.07172891138121486 18309
1648789862280 0.060626763692125676 18359
1648789876166 0.06430551811121404 18409
1648789891248 0.07106616934761405 18459
1648789905218 0.06398129342123866 18509
1648789918973 0.07218342909589409 18559
1648789932199 0.07115010289475322 18609
1648789946093 0.07521674303337932 18659
1648789959940 0.06310184134170413 18709
1648789973076 0.06917716112919152 18759
1648789987672 0.0672248019836843 18809
1648790000856 0.06236052602529526 18859
1648790014638 0.07114141047000885 18909
1648790029184 0.07745043002068996 18959
1648790043346 0.0663237562775612 19009
1648790058360 0.07586228176951408 19059
1648790072882 0.06643339548259973 19109
1648790086850 0.0829010371863842 19159
1648790101555 0.08171884221956134 19209
1648790116129 0.078189499322325 19259
1648790129260 0.0653468218445778 19309
1648790139674 0.07274978838860989 19359
1648790150030 0.06523562923073768 19409
1648790159773 0.05929265992715955 19459
1648790169196 0.06344786774367094 19509
1648790249070 0.0639096995536238 19560
1648790263930 0.06342680050060152 19610
1648790278932 0.06686933458782733 19660
1648790292985 0.0684481817856431 19710
1648790306631 0.07007477892562747 19760
1648790319324 0.07673762660473585 19810
1648790333318 0.06323628378100693 19860
1648790346777 0.07190348703414201 19910
1648790361142 0.07296918025240302 19960
1648790375107 0.06143071450293064 20010
1648790389023 0.06223975297063589 20060
1648790403905 0.06789593696594239 20110
1648790416026 0.07762195128947497 20160
1648790430616 0.06952032019384205 20210
1648790444776 0.07142104391008615 20260
1648790459599 0.059628041554242374 20310
1648790472492 0.07320318160578608 20360
1648790485855 0.0658025468327105 20410
1648790499567 0.07186139609664678 20460
1648790513922 0.06816542631946504 20510
1648790527723 0.06669137954711914 20560
1648790540993 0.0664703048299998 20610
1648790553734 0.060592942237854004 20660
1648790568532 0.06238079693168402 20710
1648790582316 0.0623835015296936 20760
1648790596620 0.07619551233947278 20810
1648790610475 0.08279637489467859 20860
1648790625171 0.07252331113442778 20910
1648790638700 0.07179833383299411 20960
1648790653104 0.07254610499367117 21010
1648790667946 0.06799590192735196 21060
1648790681596 0.07118514690548182 21110
1648790695416 0.07261292688548565 21160
1648790708993 0.07398570378310979 21210
1648790724034 0.0698674806021154 21260
1648790736240 0.06102647390216589 21310
1648790746029 0.07265130279585719 21360
1648790756281 0.07916606679558753 21410
1648790766904 0.06400662958621979 21460
1648790842556 0.07676003077998757 21511
1648790856161 0.05969980724155903 21561
1648790870727 0.08519503256306052 21611
1648790882843 0.07207702517509461 21661
1648790896873 0.06067947062663734 21711
1648790910905 0.07194976083934307 21761
1648790923943 0.06359614147804678 21811
1648790937478 0.06832554735243321 21861
1648790950847 0.06065485434606671 21911
1648790964564 0.07985454891808332 21961
1648790978452 0.06641588320955634 22011
1648790991899 0.05341010864824056 22061
1648791005871 0.05834911775775254 22111
1648791020692 0.07204985942691565 22161
1648791035136 0.06961029727011919 22211
1648791049531 0.06235012788325548 22261
1648791063479 0.061625212002545594 22311
1648791076954 0.052163706114515665 22361
1648791091662 0.06625658242031932 22411
1648791106755 0.06747491594403981 22461
1648791120547 0.07306165562942624 22511
1648791134672 0.062380513567477466 22561
1648791149261 0.051539112702012065 22611
1648791161702 0.07442604141309857 22661
1648791174670 0.06757819719612598 22711
1648791188389 0.06354341097176075 22761
1648791201562 0.07487746254540979 22811
1648791216300 0.05326108042150736 22861
1648791230771 0.06538976192474365 22911
1648791244581 0.06256666732951999 22961
1648791258842 0.06787770421244205 23011
1648791271568 0.07338740488514305 23061
1648791284442 0.0596474083326757 23111
1648791298911 0.07749764397740364 23161
1648791313366 0.07994390711188316 23211
1648791327332 0.061872488874942067 23261
1648791339170 0.062142774416133764 23311
1648791349473 0.07351103621535003 23361
1648791359148 0.05819726794958115 23411
