1648784450045 0.6563607150316239 50
1648784463525 0.3770637083053589 100
1648784477792 0.28392748534679413 150
1648784491906 0.2036901593953371 200
1648784505787 0.2655274896323681 250
1648784520474 0.22583270289003848 300
1648784534544 0.21499226108193398 350
1648784548855 0.17145431086421012 400
1648784562200 0.2272759086638689 450
1648784576430 0.2364455506205559 500
1648784589925 0.18355554416775705 550
1648784603287 0.1711254530400038 600
1648784617923 0.1359695790708065 650
1648784629877 0.1402453751116991 700
1648784643335 0.17077116847038268 750
1648784656919 0.18309568852186203 800
1648784670601 0.171943489164114 850
1648784684559 0.15638667829334735 900
1648784698963 0.145534116178751 950
1648784712791 0.1567677304148674 1000
1648784726065 0.12851804055273533 1050
1648784739903 0.1491179370880127 1100
1648784754451 0.11838800555095076 1150
1648784768453 0.14901683704927562 1200
1648784781699 0.16244037117809057 1250
1648784796362 0.15875481916591525 1300
1648784810487 0.16296466939151288 1350
1648784824323 0.14435718461871147 1400
1648784837304 0.12563561890274286 1450
1648784850258 0.1598904888704419 1500
1648784864286 0.12927279569208622 1550
1648784878823 0.12382189445197582 1600
1648784892482 0.1524266367778182 1650
1648784906483 0.14742434166371823 1700
1648784920955 0.12043900443241 1750
1648784935147 0.11650356758385896 1800
1648784949363 0.14983471708372234 1850
1648784959622 0.11829042518511415 1900
1648784969560 0.11335397588089108 1950
1648785033946 0.10292793855071068 2001
1648785041250 0.11680220335721969 2051
1648785047907 0.09624310091137886 2101
1648785054739 0.11462897773832083 2151
1648785061519 0.10459752555936574 2201
1648785068139 0.1065719480253756 2251
1648785076048 0.1434899515286088 2301
1648785083177 0.11421369418501853 2351
1648785090445 0.09620289959013462 2401
1648785097208 0.11009946404024959 2451
1648785104436 0.11990904361009598 2501
1648785111548 0.12812130542472006 2551
1648785118415 0.13440897032618523 2601
1648785125450 0.1318072210252285 2651
1648785132268 0.08408480141311885 2701
1648785139077 0.08367045652121305 2751
1648785146121 0.09658822736237198 2801
1648785152898 0.10456408243626356 2851
1648785159722 0.10818377390503883 2901
1648785166560 0.1160046125948429 2951
1648785173434 0.10635459220036864 3001
1648785180626 0.11172993518412114 3051
1648785187484 0.11063183921854942 3101
1648785194263 0.12511567743495106 3151
1648785201156 0.12432207252830267 3201
1648785208074 0.10508529096841812 3251
1648785214914 0.11637077087536454 3301
1648785221703 0.10665107056498528 3351
1648785228882 0.11884402379393577 3401
1648785235889 0.09030404748395085 3451
1648785244348 0.11505339922383427 3501
1648785255107 0.12805382035672663 3551
1648785265005 0.09355622544884681 3601
1648785276419 0.1055354781448841 3651
1648785288010 0.08894496375694871 3701
1648785298679 0.1221087344083935 3751
1648785308951 0.09873244060203433 3801
1648785319434 0.12661118175834418 3851
1648785330100 0.08560261307284237 3901
1648785416484 0.09110647456720472 3952
1648785434453 0.0772469599172473 4002
1648785452481 0.10429329439997673 4052
1648785469426 0.09607026124373079 4102
1648785486019 0.10850419450551271 4152
1648785502907 0.0973716845177114 4202
1648785520684 0.11114556783810257 4252
1648785537489 0.11891547851264476 4302
1648785554830 0.08653269235044718 4352
1648785571109 0.08667408112436532 4402
1648785589048 0.09914905684068799 4452
1648785607600 0.07383639436215163 4502
1648785621014 0.08992884115315974 4552
1648785635412 0.11233012398704886 4602
1648785648486 0.08991684354841709 4652
1648785662921 0.08509267890825868 4702
1648785676470 0.10721691831946373 4752
1648785690689 0.0934125586412847 4802
1648785704410 0.08445042440667748 4852
1648785717623 0.08035540857352316 4902
1648785731916 0.0915452067181468 4952
1648785745882 0.07752997435629368 5002
1648785760059 0.08319495055824518 5052
1648785774754 0.0982897550240159 5102
1648785788658 0.11642524905502796 5152
1648785802900 0.1009031761996448 5202
1648785818497 0.10817213168367744 5252
1648785833829 0.10093513736501336 5302
1648785848114 0.08282990664243699 5352
1648785862213 0.08469413202255964 5402
1648785876639 0.10087817247956991 5452
1648785890665 0.0951029721274972 5502
1648785905640 0.09165425412356853 5552
1648785920164 0.07302586833015084 5602
1648785934886 0.12018061472102999 5652
1648785947910 0.09972260754555463 5702
1648785959671 0.10675635000690818 5752
1648785969965 0.08132503580767661 5802
1648785980179 0.09267243430018425 5852
1648786052244 0.0864913472905755 5903
1648786066381 0.08189984291791916 5953
1648786080191 0.07988166986033321 6003
1648786094526 0.07324552193284034 6053
1648786109040 0.07244737124070526 6103
1648786122569 0.07115544693544507 6153
1648786136467 0.08328627314418555 6203
1648786150404 0.09037755945697427 6253
1648786163063 0.08333832808770239 6303
1648786177248 0.08426056297495961 6353
1648786192575 0.0837263919878751 6403
1648786206403 0.08051932698115706 6453
1648786219624 0.06561810616403818 6503
1648786233627 0.07513613812625408 6553
1648786247757 0.07839228585362434 6603
1648786261681 0.08312954165041447 6653
1648786275950 0.08863526244647801 6703
1648786290027 0.09306317124515771 6753
1648786304757 0.08398209843784571 6803
1648786319574 0.0975152524933219 6853
1648786333262 0.09762217450886965 6903
1648786346681 0.08632438804022968 6953
1648786360893 0.07180569157004356 7003
1648786376486 0.08162636585533618 7053
1648786390711 0.07533431623131037 7103
1648786404827 0.08725339921191334 7153
1648786418640 0.07491565018892288 7203
1648786433354 0.07560766369104385 7253
1648786447428 0.07681198954582215 7303
1648786461265 0.08768469445407391 7353
1648786475011 0.07990014050155878 7403
1648786490595 0.0826461168937385 7453
1648786504875 0.07899420656263828 7503
1648786518971 0.08232498343102634 7553
1648786532302 0.06864411498419941 7603
1648786546159 0.07554847121238709 7653
1648786556712 0.0644613897614181 7703
1648786565833 0.10865384072065354 7753
1648786575688 0.07622658371925355 7803
1648786649995 0.08540273650549352 7854
1648786663317 0.07072611483745277 7904
1648786679574 0.07711615501902998 7954
1648786692801 0.06665414636489003 8004
1648786707249 0.07410448471084237 8054
1648786721799 0.076236389297992 8104
1648786735639 0.08382077272981406 8154
1648786749428 0.06563038738910108 8204
1648786763507 0.0622599755693227 8254
1648786777905 0.055195515919476745 8304
1648786791936 0.08676576722413301 8354
1648786806796 0.07904428972862661 8404
1648786820772 0.07932291124947369 8454
1648786834793 0.07333688111044466 8504
1648786850566 0.06982828630134463 8554
1648786864811 0.08120915987528861 8604
1648786879001 0.06380632736720145 8654
1648786892046 0.06925123278051615 8704
1648786906183 0.052406918313354256 8754
1648786920224 0.07625699900090695 8804
1648786933887 0.0730297620780766 8854
1648786948246 0.10586237048730254 8904
1648786962108 0.07121444443240761 8954
1648786977171 0.09049994884058833 9004
1648786992072 0.06632639079354703 9054
1648787006367 0.05828799825161696 9104
1648787019592 0.07954155244864523 9154
1648787033999 0.10296734679490328 9204
1648787048446 0.060743996091187 9254
1648787062324 0.07020793855190277 9304
1648787077455 0.09277436813339592 9354
1648787091014 0.09454679952003062 9404
1648787105317 0.0818093846552074 9454
1648787119498 0.0731515745818615 9504
1648787133610 0.08786509741097688 9554
1648787145747 0.07201564279384912 9604
1648787157441 0.09360893194563687 9654
1648787168106 0.07292171273380518 9704
1648787178992 0.0783854673244059 9754
1648787258219 0.05879497979767621 9805
1648787271104 0.07333165407180786 9855
1648787286516 0.061297882851213216 9905
1648787301128 0.0742320280149579 9955
1648787314962 0.06252717049326748 10005
1648787329228 0.07462307984009385 10055
1648787343729 0.06617524826899171 10105
1648787358213 0.062266476573422554 10155
1648787370296 0.06433575470931828 10205
1648787383705 0.07862277688458562 10255
1648787397785 0.07819327840581536 10305
1648787412257 0.06349447536282242 10355
1648787426732 0.07823454692959786 10405
1648787441740 0.0491744828550145 10455
1648787455644 0.10453705281019211 10505
1648787470193 0.07928848329000175 10555
1648787483662 0.06924351774621755 10605
1648787497422 0.06126450954005122 10655
1648787511271 0.06981777993030847 10705
1648787525099 0.06418993411585688 10755
1648787539560 0.07231124587357045 10805
1648787553153 0.08671255081892014 10855
1648787567444 0.07039114135783166 10905
1648787581179 0.06667441448196769 10955
1648787595463 0.08918458553962409 11005
1648787608652 0.0758238572627306 11055
1648787622612 0.0630066607426852 11105
1648787636047 0.06992773921694606 11155
1648787650618 0.05958148216828704 11205
1648787665080 0.05007783625274897 11255
1648787679819 0.048550176175776866 11305
1648787694355 0.06715720375534147 11355
1648787708747 0.07003237619996071 11405
1648787723263 0.07250651211012155 11455
1648787735292 0.059578876439481974 11505
1648787745440 0.07031723871827125 11555
1648787756080 0.07537816825322807 11605
1648787767488 0.06832573088118807 11655
1648787777964 0.07767860096879303 11705
1648787858040 0.06462330920621753 11756
1648787872120 0.0591639764001593 11806
1648787886033 0.06014808852225542 11856
1648787899296 0.06267314038705081 11906
1648787912815 0.04780525519978255 11956
1648787926955 0.06730985097121447 12006
1648787940982 0.04791756883729249 12056
1648787954072 0.053157652355730535 12106
1648787967940 0.04621415724977851 12156
1648787982837 0.05889940845780075 12206
1648787996925 0.06975340437144041 12256
1648788009996 0.07635217361152172 12306
1648788023769 0.06497039679437876 12356
1648788037636 0.05978943098336458 12406
1648788051896 0.06345188232138753 12456
1648788066179 0.05619127918034792 12506
1648788079883 0.06755316569004208 12556
1648788093786 0.06578499361872674 12606
1648788108181 0.06534591958858073 12656
1648788122009 0.04732388193719089 12706
1648788136368 0.06002942374907434 12756
1648788150711 0.05917655979283154 12806
1648788164180 0.06563904022797942 12856
1648788178879 0.06648156903218477 12906
1648788192902 0.052604968883097174 12956
1648788206132 0.07067245243117214 13006
1648788219360 0.06227827833965421 13056
1648788232947 0.05985871100798249 13106
1648788245945 0.06892292111646384 13156
1648788259706 0.05821906914934516 13206
1648788272619 0.06072166117373854 13256
1648788287194 0.06396828509867192 13306
1648788301052 0.0799768478050828 13356
1648788315337 0.05527522181160748 13406
1648788329152 0.04995205924846232 13456
1648788338916 0.0637394939083606 13506
1648788349579 0.0705818825494498 13556
1648788359553 0.06889668070245535 13606
1648788368664 0.05040989454835653 13656
1648788447324 0.05232276218477636 13707
1648788461420 0.0559616007655859 13757
1648788476133 0.05021187677513808 13807
1648788490212 0.04919896306935698 13857
1648788504484 0.061334880273789166 13907
1648788518931 0.05838648479897529 13957
1648788534113 0.047836049096658825 14007
1648788548405 0.07426364506594836 14057
1648788561718 0.07391518451273442 14107
1648788576072 0.08560607314109803 14157
1648788590071 0.06649381214752793 14207
1648788604556 0.051633909846423194 14257
1648788617592 0.048116113957948986 14307
1648788632150 0.04894614918390289 14357
1648788645846 0.05710353944916278 14407
1648788659755 0.0672163360286504 14457
1648788673379 0.059818105241283774 14507
1648788688345 0.05427654217928648 14557
1648788702875 0.054091215576045217 14607
1648788717524 0.07051850076764822 14657
1648788731909 0.07254596900194883 14707
1648788745734 0.06374738914659246 14757
1648788759763 0.05374716960825026 14807
1648788772626 0.06087228148244321 14857
1648788787459 0.06507098529487848 14907
1648788801096 0.0674007512605749 14957
1648788814437 0.05652058379724622 15007
1648788828119 0.04519337237812579 15057
1648788842297 0.046696018108632414 15107
1648788855595 0.042499545185128225 15157
1648788870595 0.0490712154423818 15207
1648788883907 0.0636484829057008 15257
1648788896931 0.061839295332320035 15307
1648788910701 0.05481578421778977 15357
1648788923921 0.057451860709115864 15407
1648788935528 0.06318172779865563 15457
1648788945343 0.056943422788754104 15507
1648788955311 0.07362803713884204 15557
1648788965051 0.06319149354472757 15607
1648789041062 0.05913727042265236 15658
1648789054480 0.03683612132910639 15708
1648789067468 0.0466534382943064 15758
1648789081877 0.04462170615326613 15808
1648789095989 0.049056278774514794 15858
1648789109646 0.03766316057182848 15908
1648789123409 0.0373651252547279 15958
1648789137622 0.04721613335888833 16008
1648789152406 0.03626813816605136 16058
1648789167311 0.03763301594182849 16108
1648789182622 0.028248005378991366 16158
1648789196887 0.02588651163969189 16208
1648789211692 0.033749416605569425 16258
1648789226535 0.036216905214823784 16308
1648789241266 0.0482049457821995 16358
1648789255114 0.03468190074898302 16408
1648789269911 0.048610117863863704 16458
1648789283432 0.04205998086370528 16508
1648789297859 0.037541068925056605 16558
1648789312183 0.03583646513754502 16608
1648789325678 0.03902511436142959 16658
1648789340660 0.03390934854745865 16708
1648789354345 0.03297589867608622 16758
1648789369426 0.03078709763009101 16808
1648789384324 0.03200833083712496 16858
1648789399320 0.030122928549535574 16908
1648789413017 0.031223248606547713 16958
1648789427122 0.03176266571041197 17008
1648789440310 0.04002566504525021 17058
1648789453948 0.03398158732801676 17108
1648789466794 0.02996455512708053 17158
1648789480750 0.03151134246960283 17208
1648789494974 0.03476242438424379 17258
1648789508542 0.03374212338589132 17308
1648789523082 0.028562379663344472 17358
1648789534398 0.030844061432871966 17408
1648789545608 0.03942134082317352 17458
1648789557037 0.043051515095867215 17508
1648789566666 0.03098713876097463 17558
1648789646617 0.03390694272238761 17609
1648789661053 0.04762845814228058 17659
1648789674726 0.04125494888983667 17709
1648789689862 0.03310916788177565 17759
1648789703528 0.031543250371469184 17809
1648789716712 0.02732982865534723 17859
1648789731514 0.02910350662190467 17909
1648789745438 0.02924976429203525 17959
1648789760303 0.02609828775981441 18009
1648789774581 0.03447444455698132 18059
1648789789065 0.030716078968252986 18109
1648789803322 0.028088505091145636 18159
1648789818187 0.02424520515371114 18209
1648789833568 0.038501180183375255 18259
1648789847956 0.03726318927714601 18309
1648789862280 0.02607300120173022 18359
1648789876166 0.024004702180973253 18409
1648789891248 0.03076853430829942 18459
1648789905218 0.028407072767149658 18509
1648789918973 0.028439257331192493 18559
1648789932199 0.03212042298167944 18609
1648789946093 0.02556898270151578 18659
1648789959940 0.018729923072969543 18709
1648789973076 0.03127824216615409 18759
1648789987672 0.024470886451890692 18809
1648790000856 0.024663445223122835 18859
1648790014638 0.03681734483223408 18909
1648790029184 0.032593959390651434 18959
1648790043346 0.03952302766381763 19009
1648790058360 0.03773978148121387 19059
1648790072882 0.02526868207147345 19109
1648790086850 0.03302348572993651 19159
1648790101555 0.031685302215628326 19209
1648790116129 0.030533579695038497 19259
1648790129260 0.027920850096270444 19309
1648790139674 0.03024840356549248 19359
1648790150030 0.031782065178267656 19409
1648790159773 0.021465123204980046 19459
1648790169196 0.026905100614530966 19509
1648790249070 0.0296828364697285 19560
1648790263930 0.026044429275207222 19610
1648790278932 0.02649111702805385 19660
1648790292985 0.034339428197126834 19710
1648790306631 0.029704326374921947 19760
1648790319324 0.02585129079176113 19810
1648790333318 0.02048903992632404 19860
1648790346777 0.025418857845943423 19910
1648790361142 0.029678132338449358 19960
1648790375107 0.022370934301288798 20010
1648790389023 0.026781691923970355 20060
1648790403905 0.02721380539238453 20110
1648790416026 0.028176362420199438 20160
1648790430616 0.02658833689056337 20210
1648790444776 0.03035532703390345 20260
1648790459599 0.02226090570213273 20310
1648790472492 0.024215998037252575 20360
1648790485855 0.024110862595262007 20410
1648790499567 0.026377677749842406 20460
1648790513922 0.026412821216508744 20510
1648790527723 0.03451233862433582 20560
1648790540993 0.027195563722634687 20610
1648790553734 0.022024005042621867 20660
1648790568532 0.02564363242476247 20710
1648790582316 0.02604003077605739 20760
1648790596620 0.024623427683836782 20810
1648790610475 0.0354726410843432 20860
1648790625171 0.03329100127797574 20910
1648790638700 0.029647351548774167 20960
1648790653104 0.029390578187885694 21010
1648790667946 0.02627104991581291 21060
1648790681596 0.0280447559338063 21110
1648790695416 0.03135942377848551 21160
1648790708993 0.026807676507160066 21210
1648790724034 0.02530987868318334 21260
1648790736240 0.024355688858777286 21310
1648790746029 0.027956972665851936 21360
1648790756281 0.0326669095410034 21410
1648790766904 0.026874023338314144 21460
1648790842556 0.026292177397408523 21511
1648790856161 0.027377598399762063 21561
1648790870727 0.041387526451144366 21611
1648790882843 0.029413572462508454 21661
1648790896873 0.022270130296237766 21711
1648790910905 0.030199433093657718 21761
1648790923943 0.01807431302848272 21811
1648790937478 0.02713941572816111 21861
1648790950847 0.03157692260632757 21911
1648790964564 0.029991688260342927 21961
1648790978452 0.024178124546306207 22011
1648790991899 0.019309832842554896 22061
1648791005871 0.01901335399132222 22111
1648791020692 0.026540452234912665 22161
1648791035136 0.021860905331559478 22211
1648791049531 0.026164345219731332 22261
1648791063479 0.022073518322140443 22311
1648791076954 0.01632825256092474 22361
1648791091662 0.0206366205541417 22411
1648791106755 0.02313319834298454 22461
1648791120547 0.02471142230555415 22511
1648791134672 0.019986420506611466 22561
1648791149261 0.016881056510610507 22611
1648791161702 0.026767193289706483 22661
1648791174670 0.021707046356168574 22711
1648791188389 0.022140677942661568 22761
1648791201562 0.02708160585258156 22811
1648791216300 0.019254361157072707 22861
1648791230771 0.02078407532302663 22911
1648791244581 0.019442071022931485 22961
1648791258842 0.01964094895636663 23011
1648791271568 0.021768566087994257 23061
1648791284442 0.018021652496536263 23111
1648791298911 0.029786249894532376 23161
1648791313366 0.02963226151710842 23211
1648791327332 0.019756127968430518 23261
1648791339170 0.02053717914270237 23311
1648791349473 0.024599132213625127 23361
1648791359148 0.02242204961134121 23411
