1648784450045 2.0784379303455354 50
1648784463525 0.7368431013822555 100
1648784477792 0.6322292551398278 150
1648784491906 0.5582255321741104 200
1648784505787 0.6835243168473244 250
1648784520474 0.6804753509163857 300
1648784534544 0.6568415248394013 350
1648784548855 0.5765939794480801 400
1648784562200 0.6258167466521263 450
1648784576430 0.7116551181674003 500
1648784589925 0.5500173303484917 550
1648784603287 0.5310597255825996 600
1648784617923 0.4863467714190483 650
1648784629877 0.5069176004827023 700
1648784643335 0.5501003563404083 750
1648784656919 0.609288050532341 800
1648784670601 0.5925800836086274 850
1648784684559 0.5441443181037903 900
1648784698963 0.5882608416676521 950
1648784712791 0.5106937794387341 1000
1648784726065 0.5192690359055996 1050
1648784739903 0.518436948210001 1100
1648784754451 0.43699865847826 1150
1648784768453 0.5500787092745304 1200
1648784781699 0.5152050112187863 1250
1648784796362 0.542302264124155 1300
1648784810487 0.6155853569507599 1350
1648784824323 0.5922770953178406 1400
1648784837304 0.46925301119685175 1450
1648784850258 0.5513418357074261 1500
1648784864286 0.4947413949668407 1550
1648784878823 0.46641958743333817 1600
1648784892482 0.5096603229641914 1650
1648784906483 0.5297394226491451 1700
1648784920955 0.41762045174837115 1750
1648784935147 0.4836129055917263 1800
1648784949363 0.45155816406011584 1850
1648784959622 0.40420735023915766 1900
1648784969560 0.4551108698546886 1950
1648785033946 0.4443244993686676 2001
1648785041250 0.47137773618102075 2051
1648785047907 0.42974108129739763 2101
1648785054739 0.41640307649970054 2151
1648785061519 0.41199089750647544 2201
1648785068139 0.3799295547604561 2251
1648785076048 0.5963327471911907 2301
1648785083177 0.44724468141794205 2351
1648785090445 0.45579874619841576 2401
1648785097208 0.4631471826136112 2451
1648785104436 0.43429613471031187 2501
1648785111548 0.4270202343165874 2551
1648785118415 0.5010318565368652 2601
1648785125450 0.4896688741445541 2651
1648785132268 0.380702143907547 2701
1648785139077 0.3959845779836178 2751
1648785146121 0.4467878617346287 2801
1648785152898 0.434955733269453 2851
1648785159722 0.4399744123220444 2901
1648785166560 0.41423203945159914 2951
1648785173434 0.4186003416776657 3001
1648785180626 0.47655160099267957 3051
1648785187484 0.4574155117571354 3101
1648785194263 0.4745162005722523 3151
1648785201156 0.48298944979906083 3201
1648785208074 0.45574187248945236 3251
1648785214914 0.4347654576599598 3301
1648785221703 0.43340831115841866 3351
1648785228882 0.4265944877266884 3401
1648785235889 0.3977685857564211 3451
1648785244348 0.46185611419379713 3501
1648785255107 0.4778996875882149 3551
1648785265005 0.3689853454381227 3601
1648785276419 0.47190761521458624 3651
1648785288010 0.46020407244563105 3701
1648785298679 0.48640441909432414 3751
1648785308951 0.4071709536015987 3801
1648785319434 0.4299150301516056 3851
1648785330100 0.3474660573899746 3901
1648785416484 0.39018100023269653 3952
1648785434453 0.38902874767780304 4002
1648785452481 0.44198586538434026 4052
1648785469426 0.4153690800070763 4102
1648785486019 0.4652453722059727 4152
1648785502907 0.42143313720822334 4202
1648785520684 0.40741047233343125 4252
1648785537489 0.4920404997467995 4302
1648785554830 0.37758927077054977 4352
1648785571109 0.3846522269397974 4402
1648785589048 0.4385399043560028 4452
1648785607600 0.36967195346951487 4502
1648785621014 0.4243472435325384 4552
1648785635412 0.4180921669304371 4602
1648785648486 0.4046361020952463 4652
1648785662921 0.3533357065916061 4702
1648785676470 0.4640537141263485 4752
1648785690689 0.3754122896492481 4802
1648785704410 0.41253495186567307 4852
1648785717623 0.3811771445721388 4902
1648785731916 0.4045555617660284 4952
1648785745882 0.4100887604057789 5002
1648785760059 0.34805888071656227 5052
1648785774754 0.4272880443930626 5102
1648785788658 0.40939890168607235 5152
1648785802900 0.3933095332235098 5202
1648785818497 0.4437907201051712 5252
1648785833829 0.44487592712044716 5302
1648785848114 0.3624112291634083 5352
1648785862213 0.43047462940216064 5402
1648785876639 0.417692846134305 5452
1648785890665 0.4080416387319565 5502
1648785905640 0.37780433624982834 5552
1648785920164 0.35545596331357954 5602
1648785934886 0.4902820309996605 5652
1648785947910 0.4359003375470638 5702
1648785959671 0.424065818041563 5752
1648785969965 0.3829143948107958 5802
1648785980179 0.40842591285705565 5852
1648786052244 0.3983297774195671 5903
1648786066381 0.4314435301721096 5953
1648786080191 0.36828728407621386 6003
1648786094526 0.38344836726784703 6053
1648786109040 0.3735559528321028 6103
1648786122569 0.3782107236981392 6153
1648786136467 0.35809119254350663 6203
1648786150404 0.3966279512643814 6253
1648786163063 0.3672750061750412 6303
1648786177248 0.4057964657247066 6353
1648786192575 0.3693717017024756 6403
1648786206403 0.34182245045900345 6453
1648786219624 0.3218341837823391 6503
1648786233627 0.3491495084762573 6553
1648786247757 0.40293428257107733 6603
1648786261681 0.4424416932463646 6653
1648786275950 0.41812343388795853 6703
1648786290027 0.442781078517437 6753
1648786304757 0.41849583953619 6803
1648786319574 0.4244823158532381 6853
1648786333262 0.4559887516498566 6903
1648786346681 0.37586094498634337 6953
1648786360893 0.3558568297326565 7003
1648786376486 0.39825052917003634 7053
1648786390711 0.3215263570100069 7103
1648786404827 0.370608784109354 7153
1648786418640 0.3457904925197363 7203
1648786433354 0.3572171767055988 7253
1648786447428 0.3821700920909643 7303
1648786461265 0.39421638660132885 7353
1648786475011 0.3888431625068188 7403
1648786490595 0.38595026910305025 7453
1648786504875 0.37600863933563233 7503
1648786518971 0.3761292430758476 7553
1648786532302 0.2916691444814205 7603
1648786546159 0.3564219370484352 7653
1648786556712 0.3389956137537956 7703
1648786565833 0.39328915655612945 7753
1648786575688 0.3834495238959789 7803
1648786649995 0.4071703739464283 7854
1648786663317 0.3614329670369625 7904
1648786679574 0.3655248422920704 7954
1648786692801 0.3687252517044544 8004
1648786707249 0.40357993364334105 8054
1648786721799 0.37742719665169716 8104
1648786735639 0.42389520339667797 8154
1648786749428 0.35990953601896764 8204
1648786763507 0.3439247952401638 8254
1648786777905 0.28209315970540044 8304
1648786791936 0.3878410578519106 8354
1648786806796 0.35093800283968446 8404
1648786820772 0.35722858786582945 8454
1648786834793 0.31331801012158395 8504
1648786850566 0.2992828194051981 8554
1648786864811 0.36752581790089606 8604
1648786879001 0.34981219835579397 8654
1648786892046 0.3616004963219166 8704
1648786906183 0.31340063489973546 8754
1648786920224 0.3785966926813126 8804
1648786933887 0.33954863630235194 8854
1648786948246 0.45679854676127435 8904
1648786962108 0.3530154871940613 8954
1648786977171 0.4418399138748646 9004
1648786992072 0.3112312529981136 9054
1648787006367 0.3272524980455637 9104
1648787019592 0.3545985425263643 9154
1648787033999 0.4702405313402414 9204
1648787048446 0.3188126181066036 9254
1648787062324 0.3554459258913994 9304
1648787077455 0.42577824234962464 9354
1648787091014 0.3572314219921827 9404
1648787105317 0.3887942912429571 9454
1648787119498 0.3502278371155262 9504
1648787133610 0.41941358998417855 9554
1648787145747 0.32530223824083804 9604
1648787157441 0.3922596073150635 9654
1648787168106 0.34016988694667816 9704
1648787178992 0.36133464857935904 9754
1648787258219 0.3081801803410053 9805
1648787271104 0.36724322125315667 9855
1648787286516 0.35506586126983164 9905
1648787301128 0.3348213996738195 9955
1648787314962 0.375088200122118 10005
1648787329228 0.3867711918056011 10055
1648787343729 0.36440331406891346 10105
1648787358213 0.3662611772865057 10155
1648787370296 0.3404348033666611 10205
1648787383705 0.36120466008782387 10255
1648787397785 0.38646104842424395 10305
1648787412257 0.30947741620242597 10355
1648787426732 0.3629439340531826 10405
1648787441740 0.2870857430249453 10455
1648787455644 0.40050833240151407 10505
1648787470193 0.3256458839029074 10555
1648787483662 0.326244892552495 10605
1648787497422 0.3151576201617718 10655
1648787511271 0.34373830452561377 10705
1648787525099 0.3464006172865629 10755
1648787539560 0.3623930923640728 10805
1648787553153 0.39939443036913874 10855
1648787567444 0.34217735677957534 10905
1648787581179 0.328197383582592 10955
1648787595463 0.39954689487814904 11005
1648787608652 0.3568719343841076 11055
1648787622612 0.33227634958922864 11105
1648787636047 0.3211819478869438 11155
1648787650618 0.33525295816361905 11205
1648787665080 0.3120457451045513 11255
1648787679819 0.2960212741047144 11305
1648787694355 0.35114052101969717 11355
1648787708747 0.363954633846879 11405
1648787723263 0.40852329440414903 11455
1648787735292 0.3253180493414402 11505
1648787745440 0.36299051955342293 11555
1648787756080 0.39085288763046266 11605
1648787767488 0.3246271860599518 11655
1648787777964 0.3956787070631981 11705
1648787858040 0.3790311702340841 11756
1648787872120 0.3431842011958361 11806
1648787886033 0.31693784177303314 11856
1648787899296 0.3874416520446539 11906
1648787912815 0.32451279744505884 11956
1648787926955 0.2977115099132061 12006
1648787940982 0.29737466275691987 12056
1648787954072 0.29984369076788425 12106
1648787967940 0.27223397739231586 12156
1648787982837 0.30470490753650664 12206
1648787996925 0.39159580051898957 12256
1648788009996 0.35080472759902476 12306
1648788023769 0.3200026858597994 12356
1648788037636 0.3057399117201567 12406
1648788051896 0.3153296335786581 12456
1648788066179 0.2737176665663719 12506
1648788079883 0.33339175149798395 12556
1648788093786 0.4238121245801449 12606
1648788108181 0.3695413073152304 12656
1648788122009 0.28103606291115285 12706
1648788136368 0.37803408831357954 12756
1648788150711 0.3244778718054295 12806
1648788164180 0.36010024674236774 12856
1648788178879 0.3870735653489828 12906
1648788192902 0.2841391159594059 12956
1648788206132 0.361202589571476 13006
1648788219360 0.3335632907599211 13056
1648788232947 0.3327993669360876 13106
1648788245945 0.3705687136203051 13156
1648788259706 0.30476590007543564 13206
1648788272619 0.34286535285413267 13256
1648788287194 0.3662915653735399 13306
1648788301052 0.3303796804696322 13356
1648788315337 0.27783271580934527 13406
1648788329152 0.30103307954967023 13456
1648788338916 0.3375453545153141 13506
1648788349579 0.3671561498194933 13556
1648788359553 0.39088676407933237 13606
1648788368664 0.2860459920018911 13656
1648788447324 0.3212254224717617 13707
1648788461420 0.33756990373134615 13757
1648788476133 0.2883698555827141 13807
1648788490212 0.29445310302078725 13857
1648788504484 0.3429836141318083 13907
1648788518931 0.3406529162824154 13957
1648788534113 0.2874235936254263 14007
1648788548405 0.3911087319254875 14057
1648788561718 0.3638641682267189 14107
1648788576072 0.38506118081510066 14157
1648788590071 0.3359496720135212 14207
1648788604556 0.3330104483664036 14257
1648788617592 0.32465342223644256 14307
1648788632150 0.29635908335447314 14357
1648788645846 0.3504996520280838 14407
1648788659755 0.34562025107443334 14457
1648788673379 0.27640596725046634 14507
1648788688345 0.3254333157092333 14557
1648788702875 0.30653288900852205 14607
1648788717524 0.3595220847427845 14657
1648788731909 0.3660624124109745 14707
1648788745734 0.32227984704077245 14757
1648788759763 0.2674506822228432 14807
1648788772626 0.36359163403511047 14857
1648788787459 0.3129815340787172 14907
1648788801096 0.332803852930665 14957
1648788814437 0.3505861735343933 15007
1648788828119 0.2793820299208164 15057
1648788842297 0.31039077691733835 15107
1648788855595 0.2616702671349049 15157
1648788870595 0.27336882531642914 15207
1648788883907 0.33013528198003766 15257
1648788896931 0.3300042010843754 15307
1648788910701 0.32300798982381823 15357
1648788923921 0.37803462728857995 15407
1648788935528 0.31450947433710097 15457
1648788945343 0.31641623698174953 15507
1648788955311 0.3427754718065262 15557
1648788965051 0.3547804182767868 15607
1648789041062 0.35813418969511984 15658
1648789054480 0.2436855134367943 15708
1648789067468 0.32721463419497016 15758
1648789081877 0.28273566454648974 15808
1648789095989 0.31371324852108956 15858
1648789109646 0.27174077726900575 15908
1648789123409 0.24093588814139366 15958
1648789137622 0.2929051398485899 16008
1648789152406 0.2544593444466591 16058
1648789167311 0.25563185270875693 16108
1648789182622 0.23750233985483646 16158
1648789196887 0.1990014658868313 16208
1648789211692 0.23492614164948464 16258
1648789226535 0.2846001311019063 16308
1648789241266 0.2654994028434157 16358
1648789255114 0.283133499994874 16408
1648789269911 0.2670624886453152 16458
1648789283432 0.2864846543967724 16508
1648789297859 0.29227870352566243 16558
1648789312183 0.2748375076055527 16608
1648789325678 0.27658740665763615 16658
1648789340660 0.22520804457366467 16708
1648789354345 0.2546923052147031 16758
1648789369426 0.2533364491164684 16808
1648789384324 0.2553573020547628 16858
1648789399320 0.2272582883387804 16908
1648789413017 0.23957367300987242 16958
1648789427122 0.26289997551590205 17008
1648789440310 0.24824341528117658 17058
1648789453948 0.26404009193181993 17108
1648789466794 0.22224653106182812 17158
1648789480750 0.2632882433012128 17208
1648789494974 0.23771837733685972 17258
1648789508542 0.2675171759724617 17308
1648789523082 0.25199342336505653 17358
1648789534398 0.27003535114228727 17408
1648789545608 0.2817358969897032 17458
1648789557037 0.2731267863512039 17508
1648789566666 0.24640903823077678 17558
1648789646617 0.28085851565003395 17609
1648789661053 0.27196976326406 17659
1648789674726 0.3156255985796452 17709
1648789689862 0.26797208763659003 17759
1648789703528 0.24120484232902528 17809
1648789716712 0.2171432515978813 17859
1648789731514 0.23065726049244403 17909
1648789745438 0.24202163249254227 17959
1648789760303 0.20019619014114143 18009
1648789774581 0.28111270766705276 18059
1648789789065 0.263851259239018 18109
1648789803322 0.23658384546637534 18159
1648789818187 0.23032712344080208 18209
1648789833568 0.3080611878633499 18259
1648789847956 0.28490466348826887 18309
1648789862280 0.19559115793555976 18359
1648789876166 0.21020172223448752 18409
1648789891248 0.25148211777210233 18459
1648789905218 0.20661730341613294 18509
1648789918973 0.23729510933160783 18559
1648789932199 0.2522081819549203 18609
1648789946093 0.243065680898726 18659
1648789959940 0.19394181344658137 18709
1648789973076 0.24775143221020698 18759
1648789987672 0.22348991803824902 18809
1648790000856 0.20802840933203698 18859
1648790014638 0.2785102977231145 18909
1648790029184 0.2712101098150015 18959
1648790043346 0.24288117952644825 19009
1648790058360 0.2812060884386301 19059
1648790072882 0.2182252325117588 19109
1648790086850 0.2737740557640791 19159
1648790101555 0.2769065601378679 19209
1648790116129 0.2514753225445747 19259
1648790129260 0.24117880266159772 19309
1648790139674 0.25060445167124273 19359
1648790150030 0.26517878044396637 19409
1648790159773 0.19566869013011456 19459
1648790169196 0.20916560903191567 19509
1648790249070 0.23200677044689655 19560
1648790263930 0.23149158202111722 19610
1648790278932 0.2222606885805726 19660
1648790292985 0.24442603219300507 19710
1648790306631 0.24724048167467116 19760
1648790319324 0.2534107831120491 19810
1648790333318 0.20038202196359634 19860
1648790346777 0.2193615633249283 19910
1648790361142 0.25001160345971585 19960
1648790375107 0.2060929562151432 20010
1648790389023 0.21323874969035386 20060
1648790403905 0.23190626583993434 20110
1648790416026 0.2519607375562191 20160
1648790430616 0.23977907918393612 20210
1648790444776 0.24489496909081937 20260
1648790459599 0.21016201321035624 20310
1648790472492 0.22889901511371136 20360
1648790485855 0.2287943425029516 20410
1648790499567 0.2253000282868743 20460
1648790513922 0.23150870900601148 20510
1648790527723 0.245287243463099 20560
1648790540993 0.2280111500620842 20610
1648790553734 0.19232379384338855 20660
1648790568532 0.1966184725984931 20710
1648790582316 0.20834980569779873 20760
1648790596620 0.25218349605798723 20810
1648790610475 0.2759151168912649 20860
1648790625171 0.26856227666139604 20910
1648790638700 0.24239276327192782 20960
1648790653104 0.2710190676897764 21010
1648790667946 0.23837267138063908 21060
1648790681596 0.2594323444738984 21110
1648790695416 0.2733947239816189 21160
1648790708993 0.25924962043762206 21210
1648790724034 0.24763390094041823 21260
1648790736240 0.21860432155430318 21310
1648790746029 0.2607811789959669 21360
1648790756281 0.28105698511004445 21410
1648790766904 0.21664977569133043 21460
1648790842556 0.2806561505049467 21511
1648790856161 0.21283497013151645 21561
1648790870727 0.31137220524251463 21611
1648790882843 0.26046395909041165 21661
1648790896873 0.20364475090056658 21711
1648790910905 0.2554348737373948 21761
1648790923943 0.197963034696877 21811
1648790937478 0.24890591342002152 21861
1648790950847 0.23090045377612115 21911
1648790964564 0.293691251501441 21961
1648790978452 0.22984347634017468 22011
1648790991899 0.18296738848090172 22061
1648791005871 0.18667973283678294 22111
1648791020692 0.2563568777963519 22161
1648791035136 0.22304576341062785 22211
1648791049531 0.22456252064555884 22261
1648791063479 0.19712940879166127 22311
1648791076954 0.16476171426475048 22361
1648791091662 0.21746339350938798 22411
1648791106755 0.21922289788722993 22461
1648791120547 0.2511614538356662 22511
1648791134672 0.21177535269409417 22561
1648791149261 0.17675075203180313 22611
1648791161702 0.24043284066021442 22661
1648791174670 0.2204181334003806 22711
1648791188389 0.21224982287734748 22761
1648791201562 0.24531947955489158 22811
1648791216300 0.18083890680223702 22861
1648791230771 0.21542065873742103 22911
1648791244581 0.21829430796205998 22961
1648791258842 0.2130520436912775 23011
1648791271568 0.23736191708594562 23061
1648791284442 0.18552727792412044 23111
1648791298911 0.2615296974778175 23161
1648791313366 0.2788281976431608 23211
1648791327332 0.21754318166524172 23261
1648791339170 0.19447564482688903 23311
1648791349473 0.24362811826169492 23361
1648791359148 0.20366121746599675 23411
