1649146490942 7.92148286819458 50
1649146680213 10.988281669616699 100
1649146869817 9.835094738006593 150
1649147059420 9.580545539855956 200
1649147598230 10.410848560333251 294
1649147788687 11.072561168670655 344
1649147978913 10.310277261734008 394
1649148169230 9.736771993637085 444
1649148704810 9.6573113822937 538
1649148895701 9.972735233306885 588
1649149087025 9.90695019721985 638
1649149278383 8.656520824432373 688
1649149816507 8.512479314804077 782
1649150007610 8.432254266738891 832
1649150198947 8.05098427772522 882
1649150390597 7.811887512207031 932
1649150926486 7.846174402236938 1026
1649151117849 7.982913331985474 1076
1649151309438 7.856242389678955 1126
1649151501517 7.216588106155395 1176
1649152038276 7.2537993144989015 1270
1649152230088 7.119884595870972 1320
1649152421721 7.325086030960083 1370
1649152613594 7.211472482681274 1420
1649153149538 7.144821939468383 1514
1649153341423 7.554260969161987 1564
1649153533204 7.319167003631592 1614
1649153725165 6.986111898422241 1664
1649154264552 7.242934398651123 1758
1649154457063 7.414275770187378 1808
1649154649097 7.343892335891724 1858
1649154841420 7.386220121383667 1908
1649155378514 7.283524093627929 2002
1649155570851 7.558107881546021 2052
1649155763216 7.214126615524292 2102
1649155955519 7.406398553848266 2152
1649156492996 7.369139881134033 2246
1649156685445 7.157878017425537 2296
1649156877715 8.140437412261964 2346
1649157070030 7.450795583724975 2396
1649157607701 7.235980243682861 2490
1649157800062 7.610289516448975 2540
1649157992370 7.194223461151123 2590
1649158184910 7.834821147918701 2640
1649158723062 7.451253862380981 2734
1649158915988 7.615522346496582 2784
1649159108632 7.478563394546509 2834
1649159301167 7.931574993133545 2884
1649159842007 7.334178524017334 2978
1649160035044 8.082056312561035 3028
1649160228112 7.6591817665100095 3078
1649160421014 7.756484413146973 3128
1649160962503 7.496470222473144 3222
1649161155613 8.208906059265138 3272
1649161348914 8.012434644699097 3322
1649161542185 7.593465719223023 3372
1649162084666 7.562574090957642 3466
1649162277976 7.451395664215088 3516
1649162471283 7.709038095474243 3566
1649162664551 8.098474617004394 3616
1649163206255 7.125937643051148 3710
1649163399534 7.895244579315186 3760
1649163592805 7.591931219100952 3810
1649163786481 7.602628526687622 3860
1649164328248 6.492914476394653 3954
1649164521556 6.333554201126098 4004
1649164714988 6.911227560043335 4054
1649164908481 6.207176122665405 4104
1649165449464 6.200754690170288 4198
1649165642808 6.179017400741577 4248
1649165836320 6.16182583808899 4298
1649166029905 6.145807561874389 4348
1649166569169 6.1287461948394775 4442
1649166762531 6.598009243011474 4492
1649166955983 6.2926216983795165 4542
1649167149620 6.332479200363159 4592
1649167690695 6.127533082962036 4686
1649167883908 6.32442461013794 4736
1649168077256 6.201057043075561 4786
1649168270905 5.749395427703857 4836
