1649146490942 0.21706874400377274 50
1649146680213 0.4376450073719025 100
1649146869817 0.43798706591129305 150
1649147059420 0.45651453971862793 200
1649147598230 0.48033256649971007 294
1649147788687 0.49810140192508695 344
1649147978913 0.5118286401033402 394
1649148169230 0.5245525610446929 444
1649148704810 0.5380883127450943 538
1649148895701 0.5779836297035217 588
1649149087025 0.5941804778575898 638
1649149278383 0.5661500662565231 688
1649149816507 0.5529248487949371 782
1649150007610 0.5453276526927948 832
1649150198947 0.5622710061073303 882
1649150390597 0.5600705820322037 932
1649150926486 0.5421343249082565 1026
1649151117849 0.54475237429142 1076
1649151309438 0.5523529636859894 1126
1649151501517 0.5261908322572708 1176
1649152038276 0.5174053013324738 1270
1649152230088 0.4922769844532013 1320
1649152421721 0.5012165236473084 1370
1649152613594 0.5003567415475846 1420
1649153149538 0.47110233426094056 1514
1649153341423 0.4793954181671143 1564
1649153533204 0.468451526761055 1614
1649153725165 0.4648290091753006 1664
1649154264552 0.44634193897247315 1758
1649154457063 0.45590042889118193 1808
1649154649097 0.44973840832710266 1858
1649154841420 0.44417034327983856 1908
1649155378514 0.4103230327367783 2002
1649155570851 0.43824208319187163 2052
1649155763216 0.43244862616062163 2102
1649155955519 0.4210020649433136 2152
1649156492996 0.3923117274045944 2246
1649156685445 0.3818593156337738 2296
1649156877715 0.4003250765800476 2346
1649157070030 0.40082244992256166 2396
1649157607701 0.3675089508295059 2490
1649157800062 0.35187871038913726 2540
1649157992370 0.3657963639497757 2590
1649158184910 0.375697146654129 2640
1649158723062 0.34217856138944625 2734
1649158915988 0.3460230681300163 2784
1649159108632 0.34648651599884034 2834
1649159301167 0.3589839506149292 2884
1649159842007 0.31489719212055206 2978
1649160035044 0.33388969987630845 3028
1649160228112 0.3240348941087723 3078
1649160421014 0.3280642807483673 3128
1649160962503 0.3100491988658905 3222
1649161155613 0.31303831815719607 3272
1649161348914 0.31829012006521223 3322
1649161542185 0.31586103498935697 3372
1649162084666 0.27950534611940386 3466
1649162277976 0.2813286048173904 3516
1649162471283 0.29239207148551943 3566
1649162664551 0.3015335300564766 3616
1649163206255 0.26390570133924485 3710
1649163399534 0.27526651561260224 3760
1649163592805 0.2839269182085991 3810
1649163786481 0.27546783834695815 3860
1649164328248 0.2393515032529831 3954
1649164521556 0.23017874717712403 4004
1649164714988 0.22478536382317543 4054
1649164908481 0.22830900877714158 4104
1649165449464 0.20866696953773498 4198
1649165642808 0.21510516479611397 4248
1649165836320 0.20680512249469757 4298
1649166029905 0.21112602144479753 4348
1649166569169 0.2077811698615551 4442
1649166762531 0.20257068306207657 4492
1649166955983 0.19964536905288696 4542
1649167149620 0.20390045404434204 4592
1649167690695 0.19205916851758956 4686
1649167883908 0.2031404173374176 4736
1649168077256 0.19694925114512443 4786
1649168270905 0.19341832146048546 4836
