1649146490942 0.7049045860767365 50
1649146680213 0.5534996891021728 100
1649146869817 0.5127261996269226 150
1649147059420 0.5008992713689804 200
1649147598230 0.4761945241689682 294
1649147788687 0.4655763781070709 344
1649147978913 0.45371993362903595 394
1649148169230 0.4300761729478836 444
1649148704810 0.39158230543136596 538
1649148895701 0.3710096275806427 588
1649149087025 0.3476874679327011 638
1649149278383 0.34309687197208405 688
1649149816507 0.32293706476688383 782
1649150007610 0.31375093579292296 832
1649150198947 0.31396154761314393 882
1649150390597 0.30256686568260194 932
1649150926486 0.29325199097394944 1026
1649151117849 0.28605050057172776 1076
1649151309438 0.2875901037454605 1126
1649151501517 0.2862530842423439 1176
1649152038276 0.27082939952611923 1270
1649152230088 0.27099606543779375 1320
1649152421721 0.2693228766322136 1370
1649152613594 0.26766018390655516 1420
1649153149538 0.25763465523719786 1514
1649153341423 0.25447465360164645 1564
1649153533204 0.2564630344510078 1614
1649153725165 0.2542081615328789 1664
1649154264552 0.2457399907708168 1758
1649154457063 0.24976375430822373 1808
1649154649097 0.24526790410280228 1858
1649154841420 0.2454562869668007 1908
1649155378514 0.23420751005411147 2002
1649155570851 0.23675925225019456 2052
1649155763216 0.2374276414513588 2102
1649155955519 0.2349720659852028 2152
1649156492996 0.2304682171344757 2246
1649156685445 0.22919385641813278 2296
1649156877715 0.22257041543722153 2346
1649157070030 0.23476322382688522 2396
1649157607701 0.22705623775720596 2490
1649157800062 0.2220519244670868 2540
1649157992370 0.22155718952417375 2590
1649158184910 0.2236245909333229 2640
1649158723062 0.21969353199005126 2734
1649158915988 0.21993983000516892 2784
1649159108632 0.2159326383471489 2834
1649159301167 0.21495312631130217 2884
1649159842007 0.21291185557842254 2978
1649160035044 0.21271416515111924 3028
1649160228112 0.2137598243355751 3078
1649160421014 0.21266823649406433 3128
1649160962503 0.20921847432851792 3222
1649161155613 0.20504924654960632 3272
1649161348914 0.21100786834955215 3322
1649161542185 0.20976778447628022 3372
1649162084666 0.20209376990795136 3466
1649162277976 0.20506053626537324 3516
1649162471283 0.20394511967897416 3566
1649162664551 0.20710764348506927 3616
1649163206255 0.1977277609705925 3710
1649163399534 0.201211875975132 3760
1649163592805 0.2050135126709938 3810
1649163786481 0.2031935176253319 3860
1649164328248 0.19540892869234086 3954
1649164521556 0.19425287306308747 4004
1649164714988 0.1903383043408394 4054
1649164908481 0.19611158430576325 4104
1649165449464 0.18907921582460405 4198
1649165642808 0.1903725239634514 4248
1649165836320 0.18831391990184784 4298
1649166029905 0.19295289367437363 4348
1649166569169 0.1909019672870636 4442
1649166762531 0.18340861111879347 4492
1649166955983 0.18403782367706298 4542
1649167149620 0.18875446110963823 4592
1649167690695 0.18675715923309327 4686
1649167883908 0.18759118109941483 4736
1649168077256 0.18448216915130616 4786
1649168270905 0.1883501496911049 4836
