1649146490942 2.325512366294861 50
1649146680213 2.023586473464966 100
1649146869817 1.9506327962875367 150
1649147059420 1.9302399253845215 200
1649147598230 1.8677357006072999 294
1649147788687 1.8382472205162048 344
1649147978913 1.797326729297638 394
1649148169230 1.733231887817383 444
1649148704810 1.6033548212051392 538
1649148895701 1.5718277430534362 588
1649149087025 1.5072245979309082 638
1649149278383 1.4682095837593079 688
1649149816507 1.388313045501709 782
1649150007610 1.3500038480758667 832
1649150198947 1.3723942184448241 882
1649150390597 1.331237587928772 932
1649150926486 1.2817459392547608 1026
1649151117849 1.2658886218070984 1076
1649151309438 1.2751217699050903 1126
1649151501517 1.2472074794769288 1176
1649152038276 1.1845248079299926 1270
1649152230088 1.1620842218399048 1320
1649152421721 1.1681179738044738 1370
1649152613594 1.1601481521129609 1420
1649153149538 1.097684018611908 1514
1649153341423 1.096573691368103 1564
1649153533204 1.093701423406601 1614
1649153725165 1.078930950164795 1664
1649154264552 1.0319216692447661 1758
1649154457063 1.0598515808582305 1808
1649154649097 1.033634878396988 1858
1649154841420 1.032658703327179 1908
1649155378514 0.9611674666404724 2002
1649155570851 0.9970142877101899 2052
1649155763216 0.9937362515926361 2102
1649155955519 0.9760166418552398 2152
1649156492996 0.9333315646648407 2246
1649156685445 0.9191625106334687 2296
1649156877715 0.915004221200943 2346
1649157070030 0.9509215676784515 2396
1649157607701 0.8951623344421387 2490
1649157800062 0.8653599739074707 2540
1649157992370 0.8807922875881196 2590
1649158184910 0.890149610042572 2640
1649158723062 0.8474276804924011 2734
1649158915988 0.8545019125938416 2784
1649159108632 0.8409159851074218 2834
1649159301167 0.8453921341896057 2884
1649159842007 0.7942910635471344 2978
1649160035044 0.8152670180797577 3028
1649160228112 0.8093534147739411 3078
1649160421014 0.8114428830146789 3128
1649160962503 0.7814662253856659 3222
1649161155613 0.7685950827598572 3272
1649161348914 0.7920938658714295 3322
1649161542185 0.7888340449333191 3372
1649162084666 0.7256817889213562 3466
1649162277976 0.7368851602077484 3516
1649162471283 0.7471371269226075 3566
1649162664551 0.7646529662609101 3616
1649163206255 0.6980166268348694 3710
1649163399534 0.7170974588394166 3760
1649163592805 0.7398260915279389 3810
1649163786481 0.728478569984436 3860
1649164328248 0.6593649172782898 3954
1649164521556 0.6480945008993149 4004
1649164714988 0.6277148294448852 4054
1649164908481 0.6487364172935486 4104
1649165449464 0.6054313862323761 4198
1649165642808 0.6186581212282181 4248
1649165836320 0.6016150730848312 4298
1649166029905 0.622244508266449 4348
1649166569169 0.6098897790908814 4442
1649166762531 0.5796873474121094 4492
1649166955983 0.5792131698131562 4542
1649167149620 0.5997821527719498 4592
1649167690695 0.5804657548666 4686
1649167883908 0.595382130742073 4736
1649168077256 0.5793545472621918 4786
1649168270905 0.5871392464637757 4836
