1649146490942 1.4035390496253968 50
1649146680213 1.0324417996406554 100
1649146869817 0.999919536113739 150
1649147059420 0.9728261160850525 200
1649147598230 0.9112086200714111 294
1649147788687 0.8745694363117218 344
1649147978913 0.8317781543731689 394
1649148169230 0.7786031472682953 444
1649148704810 0.6736842048168182 538
1649148895701 0.6228344810009002 588
1649149087025 0.5653566497564316 638
1649149278383 0.5589626425504685 688
1649149816507 0.5124511456489563 782
1649150007610 0.4909252643585205 832
1649150198947 0.4961616688966751 882
1649150390597 0.468600133061409 932
1649150926486 0.4463596272468567 1026
1649151117849 0.43508574724197385 1076
1649151309438 0.43517870247364043 1126
1649151501517 0.43476355969905855 1176
1649152038276 0.39629010260105135 1270
1649152230088 0.3988111874461174 1320
1649152421721 0.39757857501506805 1370
1649152613594 0.39213123202323913 1420
1649153149538 0.36894702553749087 1514
1649153341423 0.3627036315202713 1564
1649153533204 0.3687868642807007 1614
1649153725165 0.3598937863111496 1664
1649154264552 0.3398397397994995 1758
1649154457063 0.35418739676475525 1808
1649154649097 0.33862857162952426 1858
1649154841420 0.3430320692062378 1908
1649155378514 0.3166369166970253 2002
1649155570851 0.3220129543542862 2052
1649155763216 0.3238599795103073 2102
1649155955519 0.3200425165891647 2152
1649156492996 0.3105516266822815 2246
1649156685445 0.3081093367934227 2296
1649156877715 0.29210872679948807 2346
1649157070030 0.31533589720726013 2396
1649157607701 0.30059714674949645 2490
1649157800062 0.291429340839386 2540
1649157992370 0.2934387385845184 2590
1649158184910 0.29082786321640014 2640
1649158723062 0.28555558443069456 2734
1649158915988 0.2885390084981918 2784
1649159108632 0.2784968239068985 2834
1649159301167 0.2714550590515137 2884
1649159842007 0.26648201555013656 2978
1649160035044 0.26866315126419066 3028
1649160228112 0.2715586921572685 3078
1649160421014 0.27071036756038663 3128
1649160962503 0.26219854682683946 3222
1649161155613 0.2505075204372406 3272
1649161348914 0.2627958717942238 3322
1649161542185 0.2632052281498909 3372
1649162084666 0.24408267974853515 3466
1649162277976 0.25049601882696154 3516
1649162471283 0.250799942612648 3566
1649162664551 0.2560117930173874 3616
1649163206255 0.23638316839933396 3710
1649163399534 0.24061906188726426 3760
1649163592805 0.2508856594562531 3810
1649163786481 0.2498172092437744 3860
1649164328248 0.22460448235273361 3954
1649164521556 0.22366288140416146 4004
1649164714988 0.21259116381406784 4054
1649164908481 0.22431582421064378 4104
1649165449464 0.2076851937174797 4198
1649165642808 0.21318043485283852 4248
1649165836320 0.20649603068828581 4298
1649166029905 0.21816558867692948 4348
1649166569169 0.21120664238929748 4442
1649166762531 0.19370804816484452 4492
1649166955983 0.1955299760401249 4542
1649167149620 0.2071272364258766 4592
1649167690695 0.20164942771196365 4686
1649167883908 0.20465053468942643 4736
1649168077256 0.19792312726378442 4786
1649168270905 0.2053707791864872 4836
