1648707899776 2.934539346694946 50
1648707913901 1.1481276965141296 100
1648707927340 0.9182602918148041 150
1648707940706 0.8583098948001862 200
1648707954161 0.8189823326468467 250
1648707967409 0.8200383323431015 300
1648707980768 0.706567799448967 350
1648707994215 0.7810657608509064 400
1648708007783 0.7537078443169594 450
1648708021245 0.8964015927910804 500
1648708034810 0.7903864255547524 550
1648708048362 0.798979797065258 600
1648708061800 0.7589352858066559 650
1648708075282 1.0059782576560974 700
1648708088753 0.9377086278796196 750
1648708102471 0.9627343970537185 800
1648708115972 0.9430830761790275 850
1648708128990 0.9735257175564765 900
1648708142280 0.9523270624876022 950
1648708155760 0.8631719213724136 1000
1648708169480 0.9660980632901192 1050
1648708182882 0.8868548941612243 1100
1648708196126 0.8710223177075386 1150
1648708209500 0.927219979763031 1200
1648708223202 1.0420768481492997 1250
1648708236504 0.843605465888977 1300
1648708249774 0.8508938078582287 1350
1648708262795 0.9640238285064697 1400
1648708276176 0.8260248956084252 1450
1648708289991 0.9618513932824135 1500
1648708303342 0.9571748530864715 1550
1648708316678 1.0629457852244377 1600
1648708330159 0.9649474480748177 1650
1648708343422 1.0363607117533684 1700
1648708356656 0.8929381620883942 1750
1648708370140 0.9025768116116524 1800
1648708383537 0.9193069493770599 1850
1648708396788 0.8600582483410836 1900
1648708410182 0.7997112780809402 1950
1648708499304 0.8253056356310844 2007
1648708513174 0.8720167195796966 2057
1648708526228 0.8507684761285782 2107
1648708539899 0.9180480754375457 2157
1648708553172 0.8646345314383507 2207
1648708566572 0.8668641003966332 2257
1648708580078 1.004136405289173 2307
1648708593457 1.080444759130478 2357
1648708606682 0.8194247764348984 2407
1648708619866 0.8075902745127678 2457
1648708633313 0.908136924803257 2507
1648708647115 0.8576982975006103 2557
1648708660344 0.9114620020985603 2607
1648708673894 0.9575806933641434 2657
1648708687538 0.864420841038227 2707
1648708701018 0.964353477358818 2757
1648708714373 0.9315770456194877 2807
1648708727788 0.7694099476933479 2857
1648708741156 0.8019904914498329 2907
1648708754377 0.9333164381980896 2957
1648708767677 0.8926160019636155 3007
1648708780960 0.8911357755959034 3057
1648708794430 0.9202803421020508 3107
1648708807448 0.7787388098239899 3157
1648708820910 0.8218817883729934 3207
1648708834516 0.9589590889215469 3257
1648708847891 0.8893327423930169 3307
1648708861539 0.7712177258729934 3357
1648708875659 0.8235253256559372 3407
1648708889189 0.8832680186629296 3457
1648708903083 0.8937115108966828 3507
1648708916555 0.8261495026946067 3557
1648708930013 0.7807312071323395 3607
1648708943603 0.8083882209658623 3657
1648708956908 0.9257198417186737 3707
1648708970477 0.8238527482748031 3757
1648708983827 0.8067571848630906 3807
1648708997206 0.8495467367768288 3857
1648709010792 0.9038611787557602 3907
1648709096582 1.0093091428279877 3964
1648709110109 0.9207908156514167 4014
1648709123531 0.7798348507285118 4064
1648709136978 1.007101854979992 4114
1648709150256 0.8299254965782166 4164
1648709163450 0.8542446835339069 4214
1648709176905 0.8896836429834366 4264
1648709190263 0.8060441070795059 4314
1648709203480 0.9463953268527985 4364
1648709216948 0.8825390407443047 4414
1648709230275 0.8212676364183426 4464
1648709243604 0.8216719907522202 4514
1648709256772 0.7245367273688317 4564
1648709270150 0.8123644539713859 4614
1648709283903 0.849072145819664 4664
1648709297275 0.8441190311312675 4714
1648709310675 0.8937157735228538 4764
1648709324110 0.7844980370998382 4814
1648709337682 0.8253103686869144 4864
1648709350957 0.9365418860316277 4914
1648709363921 0.8244390322268009 4964
1648709377202 0.8232249101996422 5014
1648709390570 0.802510045170784 5064
1648709404049 0.8368222442269325 5114
1648709417307 0.7953287225961685 5164
1648709430542 0.877404219508171 5214
1648709443655 0.7415443569421768 5264
1648709457021 1.0546089354157449 5314
1648709470459 0.7727129763364792 5364
1648709483894 0.8016103932261467 5414
1648709497256 0.7646977582573891 5464
1648709510677 0.7240504366159439 5514
1648709524690 0.8790196053683758 5564
1648709538849 0.7670942243933677 5614
1648709552219 0.9444328740239143 5664
1648709565438 0.8768859642744065 5714
1648709578990 0.7405316577851773 5764
1648709592405 0.9050526636838913 5814
1648709605436 0.8411473500728607 5864
1648709690995 0.791955123245716 5921
1648709704761 0.8319083453714847 5971
1648709718199 0.8487041169404983 6021
1648709731885 0.8395399031043053 6071
1648709745347 0.8076224562525749 6121
1648709758623 0.8043214657902718 6171
1648709771894 0.7912829560041428 6221
1648709785175 0.8834212777018547 6271
1648709798581 1.0464617562294007 6321
1648709811829 0.8978684660792351 6371
1648709825079 0.9697076803445817 6421
1648709838599 0.742371346950531 6471
1648709851975 0.762350597679615 6521
1648709865586 0.7962384715676307 6571
1648709879170 0.7763344815373421 6621
1648709892780 0.857263696193695 6671
1648709906057 0.885593478679657 6721
1648709919913 0.7174131229519844 6771
1648709933497 0.7144313615560531 6821
1648709947116 0.8464599192142487 6871
1648709960646 0.7022363817691804 6921
1648709974115 0.8978133696317673 6971
1648709987568 0.8755053277313709 7021
1648710000483 0.7690608391165733 7071
1648710013888 0.9106951084733009 7121
1648710027575 0.7423516844213008 7171
1648710040892 0.7305626739561558 7221
1648710054443 0.9077000378072262 7271
1648710067518 0.7578913098573685 7321
1648710080781 1.0223419106006622 7371
1648710093982 0.750061446428299 7421
1648710107550 0.8645486915111542 7471
1648710121079 0.8092816838622093 7521
1648710134555 0.8027670836448669 7571
1648710147945 0.8465535168349743 7621
1648710161367 0.7270416495203972 7671
1648710174932 0.7953194405138493 7721
1648710188787 0.9151875931024551 7771
1648710202643 0.76769163236022 7821
1648710288344 0.7401890954375268 7878
1648710301633 0.6789528767764569 7928
1648710315585 0.7299198535084724 7978
1648710328925 0.7988681629300117 8028
1648710342221 0.9346674108505248 8078
1648710355439 0.7193891856074334 8128
1648710368849 0.6542024436593056 8178
1648710382613 0.7855146285891533 8228
1648710396263 0.8544219323992729 8278
1648710409968 0.8270587030053139 8328
1648710423420 0.8485191649198532 8378
1648710437130 0.7643534347414971 8428
1648710450391 0.7309075225889683 8478
1648710463869 0.7348044121265411 8528
1648710477551 0.7137082409858704 8578
1648710490904 0.7707753893733025 8628
1648710504290 0.8444174654781819 8678
1648710517776 0.8497669021785259 8728
1648710530955 0.8505678349733352 8778
1648710544408 0.690693279504776 8828
1648710557612 0.9137282383441925 8878
1648710570839 0.8483646216988564 8928
1648710584377 0.8725364384055138 8978
1648710597683 0.8102504685521126 9028
1648710611358 0.8167259503901004 9078
1648710625209 0.9806493401527405 9128
1648710638895 0.955596176981926 9178
1648710652910 0.7318337365984917 9228
1648710666298 0.8768044129014015 9278
1648710679774 0.8188344895839691 9328
1648710693312 0.9090829338133335 9378
1648710706839 0.7601525247097015 9428
1648710720073 0.780528933107853 9478
1648710733305 0.8680506627261638 9528
1648710746977 0.7828731055557728 9578
1648710760154 0.8031639975309371 9628
1648710773242 0.6766386042535305 9678
1648710786819 0.8731452448666096 9728
1648710800319 0.8621670147776603 9778
1648710887549 0.7797574228048325 9835
1648710900724 0.6739961612224579 9885
1648710913834 0.681427561044693 9935
1648710926979 0.8087967664003373 9985
1648710939887 0.7566615504026413 10035
1648710953333 0.8195225325226784 10085
1648710967168 0.7170617155730724 10135
1648710980945 0.842647145986557 10185
1648710994648 0.8337894617021084 10235
1648711008254 0.7004096087813377 10285
1648711021475 0.6560617992281914 10335
1648711034940 0.7837998385727406 10385
1648711048405 0.911622019559145 10435
1648711061467 0.7648068310320377 10485
1648711074947 0.8467007638514041 10535
1648711088038 0.8469915577769279 10585
1648711101370 0.7206157967448235 10635
1648711114520 0.795185174793005 10685
1648711127603 0.777908674031496 10735
1648711141095 0.6818347276747226 10785
1648711154646 0.8079329085350037 10835
1648711168122 0.6846001705527306 10885
1648711181703 0.8179531916975975 10935
1648711195874 0.7932552050054074 10985
1648711208874 0.884046613574028 11035
1648711222301 0.6838876727223396 11085
1648711236197 0.7654303301870823 11135
1648711249294 0.6784285143017769 11185
1648711262728 0.8590456974506379 11235
1648711276037 0.8455202859640122 11285
1648711289464 0.828340380936861 11335
1648711302533 0.8941124594211578 11385
1648711315728 0.8027955552935601 11435
1648711329208 0.9021328374743461 11485
1648711342497 0.7018543879687786 11535
1648711356127 0.7116274908185005 11585
1648711370162 0.7487975758314133 11635
1648711383606 0.937830901145935 11685
1648711396940 0.7180604255199432 11735
1648711482989 0.8974491429328918 11792
1648711495987 0.6275235137343407 11842
1648711509041 0.6948855417966843 11892
1648711522605 0.7029549571871757 11942
1648711535939 0.8288983112573624 11992
1648711549680 0.8849169108271598 12042
1648711563146 0.7849464792013169 12092
1648711576798 0.7501621846854687 12142
1648711589883 0.8015432269871234 12192
1648711603024 0.8344463117420673 12242
1648711616268 0.8503932109475136 12292
1648711630134 0.6992917850613594 12342
1648711643781 0.6025638350844383 12392
1648711657102 0.7326394772529602 12442
1648711670667 0.7811533243954182 12492
1648711684390 0.790029552578926 12542
1648711697910 0.8920704934000969 12592
1648711711453 0.777377647459507 12642
1648711725168 0.7886860045790672 12692
1648711738876 0.7998923459649085 12742
1648711752152 0.7012761822342872 12792
1648711765525 0.6220488013327121 12842
1648711779266 0.7261126479506492 12892
1648711792699 0.7125017507374287 12942
1648711805965 0.8007129718363285 12992
1648711819201 0.7531427592039108 13042
1648711832777 0.694096928536892 13092
1648711846174 0.7473956021666527 13142
1648711859618 0.7603175446391106 13192
1648711873245 0.7327073295414448 13242
1648711886507 0.7179343616962433 13292
1648711899861 0.8134719511866569 13342
1648711913271 0.7733445896208286 13392
1648711926451 0.8074060794711113 13442
1648711939713 0.8391861082613468 13492
1648711953380 0.7273043693602085 13542
1648711966874 0.7579583784937859 13592
1648711980674 0.8250206649303437 13642
1648711993937 0.763861580491066 13692
1648712080791 0.7221735525131225 13749
1648712094439 0.718524367660284 13799
1648712107699 0.8386859527230263 13849
1648712121273 0.7771888409554958 13899
1648712134639 0.8971963749825954 13949
1648712147783 0.5539987286925316 13999
1648712160993 0.73181624725461 14049
1648712174222 0.5903697752952576 14099
1648712187476 0.758595641553402 14149
1648712200861 0.7251572321355343 14199
1648712214216 0.6935132601857186 14249
1648712227349 0.6981508477777243 14299
1648712240459 0.7094241334497928 14349
1648712253792 0.719699329584837 14399
1648712267371 0.6703978212177754 14449
1648712280778 0.7035783767700196 14499
1648712293907 0.634871673732996 14549
1648712307378 0.6658012394607067 14599
1648712320789 0.7987050120532513 14649
1648712333985 0.712042764723301 14699
1648712347353 0.8242674630880356 14749
1648712360547 0.7530544136464595 14799
1648712373932 0.7726600173115731 14849
1648712387367 0.7553880336880684 14899
1648712401067 0.7704024329781533 14949
1648712414785 0.8814238488674164 14999
1648712428397 0.7583274370431901 15049
1648712441946 0.8844377529621125 15099
1648712456005 0.817205174267292 15149
1648712469263 0.7794637309014797 15199
1648712482845 0.8153401187062264 15249
1648712496164 0.9300704136490822 15299
1648712509514 0.7589586469531059 15349
1648712523204 0.700031446814537 15399
1648712536674 0.7826817604899406 15449
1648712550339 0.8296671567857266 15499
1648712563827 0.6285287384688855 15549
1648712577193 0.7570326915383339 15599
1648712590586 0.686865609884262 15649
1648712677445 0.7016809152066708 15706
1648712691375 0.7174581180512906 15756
1648712704971 0.5838342547416687 15806
1648712718543 0.6766568356752396 15856
1648712731902 0.7112661057710647 15906
1648712745275 0.6539831955730915 15956
1648712758946 0.6760180577635765 16006
1648712772253 0.7065745492279529 16056
1648712785334 0.6906723825633526 16106
1648712798648 0.6692908047139645 16156
1648712811945 0.6733019053936005 16206
1648712825293 0.7557504406571388 16256
1648712838455 0.7804060189425945 16306
1648712851593 0.621812254935503 16356
1648712865118 0.6677286039292812 16406
1648712878086 0.6696543045341968 16456
1648712891756 0.6868989165127277 16506
1648712904983 0.6534445667266846 16556
1648712918041 0.6277883499860764 16606
1648712931723 0.7566498365998268 16656
1648712944954 0.6426654107868671 16706
1648712958483 0.7793735882639885 16756
1648712971811 0.5812196533381939 16806
1648712985152 0.642314043790102 16856
1648712998822 0.5722198306024074 16906
1648713012127 0.6543428973853588 16956
1648713025393 0.6404019443690777 17006
1648713038457 0.6341978837549687 17056
1648713051525 0.770083413273096 17106
1648713064954 0.6803021299839019 17156
1648713078910 0.6457668723165989 17206
1648713092188 0.6397567418962717 17256
1648713105802 0.6672336884588003 17306
1648713118976 0.666848072335124 17356
1648713132433 0.7372223369777202 17406
1648713145553 0.6905038830637932 17456
1648713159095 0.6452872934937477 17506
1648713172674 0.7154047687351703 17556
1648713185721 0.6747258055955172 17606
1648713271385 0.7698205170035363 17663
1648713284890 0.5916027517616749 17713
1648713298795 0.6497929726541042 17763
1648713312418 0.6468234249204398 17813
1648713326095 0.6051001629978419 17863
1648713339489 0.6902288003265857 17913
1648713353185 0.6423976708948612 17963
1648713367400 0.6308929280936718 18013
1648713380618 0.6886842009425164 18063
1648713393924 0.6966242114454508 18113
1648713407121 0.6273449568450451 18163
1648713420512 0.661180728301406 18213
1648713434128 0.7537296621501446 18263
1648713447583 0.5301178720593452 18313
1648713461008 0.49360300913453103 18363
1648713474221 0.5294478769600391 18413
1648713487736 0.6245113036036491 18463
1648713501272 0.6146591664105654 18513
1648713514762 0.5766763232648373 18563
1648713528260 0.6032366403937339 18613
1648713541569 0.6687618660181761 18663
1648713554628 0.6498755323141814 18713
1648713567696 0.5449771431833506 18763
1648713580902 0.6404477034509182 18813
1648713594225 0.769725551456213 18863
1648713607864 0.6572548042237759 18913
1648713621031 0.6762351447343826 18963
1648713634612 0.6383136159926653 19013
1648713647918 0.7284059815108777 19063
1648713661543 0.6274311476945877 19113
1648713675239 0.6887483704090118 19163
1648713688506 0.6954724798351526 19213
1648713701828 0.6898644971847534 19263
1648713715222 0.6742635051906108 19313
1648713728515 0.6422270332276822 19363
1648713742172 0.6382674857974052 19413
1648713755400 0.636382061690092 19463
1648713769099 0.6885259920358657 19513
1648713782341 0.6195228844881058 19563
1648713867315 0.6354527396708727 19620
1648713880407 0.5124986420571804 19670
1648713893433 0.5542073184996843 19720
1648713906371 0.5577461837977171 19770
1648713919976 0.6724835316836834 19820
1648713933025 0.6748299291729927 19870
1648713946102 0.6869151629507542 19920
1648713959628 0.5390873390436173 19970
1648713972626 0.5618628368526697 20020
1648713985862 0.6372112023830414 20070
1648713998853 0.5919457605481148 20120
1648714012446 0.7344025290012359 20170
1648714026145 0.6220062600821257 20220
1648714039433 0.6058251112699509 20270
1648714052667 0.5800229221582412 20320
1648714066149 0.5318747168034315 20370
1648714079302 0.6620856662839651 20420
1648714092397 0.6089848916232586 20470
1648714105533 0.6494818300008773 20520
1648714118497 0.6624569369852543 20570
1648714131452 0.5905252432823181 20620
1648714144756 0.6509879398345947 20670
1648714157774 0.6779940064251423 20720
1648714171075 0.6719043256342411 20770
1648714184431 0.7178396324813366 20820
1648714197579 0.750404052734375 20870
1648714210685 0.5833647438138724 20920
1648714223677 0.5309245799481869 20970
1648714237083 0.7063802817463875 21020
1648714250220 0.5528471909463406 21070
1648714263185 0.6321418455243111 21120
1648714276243 0.5871765346080065 21170
1648714289539 0.5878727060556411 21220
1648714302586 0.7447398768365383 21270
1648714315727 0.650971074551344 21320
1648714328837 0.5064175402373076 21370
1648714342064 0.7121241711080074 21420
1648714355245 0.6879885221272707 21470
1648714368120 0.6167774654924869 21520
1648714452398 0.5450996347516776 21577
1648714465394 0.650341740399599 21627
1648714478333 0.572428949251771 21677
1648714491359 0.6692959993332624 21727
1648714504511 0.5576084407418966 21777
1648714517859 0.6876614265143871 21827
1648714531094 0.5709620609134436 21877
1648714544282 0.7230514225363731 21927
1648714557381 0.6538382194936275 21977
1648714570779 0.5182418113946915 22027
1648714583932 0.706978767812252 22077
1648714597022 0.5925765523314476 22127
1648714610108 0.5803570481389762 22177
1648714623145 0.6184763626009225 22227
1648714636272 0.5489115625619888 22277
1648714649454 0.651706013828516 22327
1648714662791 0.5736855273693799 22377
1648714676596 0.6732345432788134 22427
1648714689804 0.5126048190891743 22477
1648714703836 0.6471559762954712 22527
1648714717103 0.5876962837576866 22577
1648714730458 0.7061055481433869 22627
1648714743787 0.6418255243450404 22677
1648714757169 0.6081727255135775 22727
1648714770443 0.5242377503216267 22777
1648714783518 0.723144515901804 22827
1648714796948 0.6455562883615493 22877
1648714810144 0.5557822046428919 22927
1648714823211 0.5188184202462435 22977
1648714836611 0.6666712637245655 23027
1648714849870 0.7042764937877655 23077
1648714862943 0.6800892378389836 23127
1648714876049 0.7226547339558601 23177
1648714889154 0.5337148873507976 23227
1648714902314 0.6435015268623829 23277
1648714915608 0.691618657335639 23327
1648714929043 0.5851608707755804 23377
1648714942307 0.49614560320973394 23427
1648714955574 0.6368533271551132 23477
