1648707899776 0.037357682092115284 50
1648707913901 0.0466506341798231 100
1648707927340 0.04407621826976538 150
1648707940706 0.03897473326418549 200
1648707954161 0.05248214022256434 250
1648707967409 0.0481164801120758 300
1648707980768 0.037855584202334286 350
1648707994215 0.04859903451288119 400
1648708007783 0.04407933010719717 450
1648708021245 0.03884297258220613 500
1648708034810 0.03828962493687868 550
1648708048362 0.04528042394667864 600
1648708061800 0.039988993615843356 650
1648708075282 0.04984547714237124 700
1648708088753 0.04455547211691737 750
1648708102471 0.04183705343864858 800
1648708115972 0.03840954219107516 850
1648708128990 0.046341319996863604 900
1648708142280 0.05044921070802957 950
1648708155760 0.03750860606902279 1000
1648708169480 0.04046630300581455 1050
1648708182882 0.041552243288606405 1100
1648708196126 0.04748497499618679 1150
1648708209500 0.047969047310762104 1200
1648708223202 0.034926729428116234 1250
1648708236504 0.031219260841608046 1300
1648708249774 0.035963003444485366 1350
1648708262795 0.033901231484487655 1400
1648708276176 0.038729096832685175 1450
1648708289991 0.04277895227773115 1500
1648708303342 0.035201046946458515 1550
1648708316678 0.0476790443257778 1600
1648708330159 0.051208949917927384 1650
1648708343422 0.05144548281561583 1700
1648708356656 0.0442514665517956 1750
1648708370140 0.03599631396587938 1800
1648708383537 0.04079956156667322 1850
1648708396788 0.03284110682783648 1900
1648708410182 0.03250355079304427 1950
1648708499304 0.03415862674824893 2007
1648708513174 0.038088605920784176 2057
1648708526228 0.03703825003001839 2107
1648708539899 0.0377163615624886 2157
1648708553172 0.035820725414669144 2207
1648708566572 0.03268498359946534 2257
1648708580078 0.038122940897010266 2307
1648708593457 0.041105215502902866 2357
1648708606682 0.037921841987408694 2407
1648708619866 0.0319376987486612 2457
1648708633313 0.031076930838171393 2507
1648708647115 0.032598849488422274 2557
1648708660344 0.04226778546581045 2607
1648708673894 0.03422964047174901 2657
1648708687538 0.03604081333614886 2707
1648708701018 0.045620268186321485 2757
1648708714373 0.035669472587760535 2807
1648708727788 0.03440097507555038 2857
1648708741156 0.04211708277231083 2907
1648708754377 0.043981052562594415 2957
1648708767677 0.04600723198615014 3007
1648708780960 0.04038220298243687 3057
1648708794430 0.033031501772347836 3107
1648708807448 0.035424005163367835 3157
1648708820910 0.030278793764300645 3207
1648708834516 0.032682243133895096 3257
1648708847891 0.04036569753661752 3307
1648708861539 0.028206571517512203 3357
1648708875659 0.03144164328929037 3407
1648708889189 0.03907486693933606 3457
1648708903083 0.04365887448657304 3507
1648708916555 0.035255907454993574 3557
1648708930013 0.02654089148854837 3607
1648708943603 0.029683922417461872 3657
1648708956908 0.03198800982907415 3707
1648708970477 0.030989720905199646 3757
1648708983827 0.029107565169688314 3807
1648708997206 0.035143567773047835 3857
1648709010792 0.038029397553764284 3907
1648709096582 0.038375231188256295 3964
1648709110109 0.03618260452756658 4014
1648709123531 0.029181872254703194 4064
1648709136978 0.03392146525904536 4114
1648709150256 0.0359978392382618 4164
1648709163450 0.036345869763754306 4214
1648709176905 0.039869287707842885 4264
1648709190263 0.0408881244857912 4314
1648709203480 0.039630241636186836 4364
1648709216948 0.037199790410231796 4414
1648709230275 0.02884745080897119 4464
1648709243604 0.029775568444747477 4514
1648709256772 0.02032757429871708 4564
1648709270150 0.02940446887019789 4614
1648709283903 0.0304007201641798 4664
1648709297275 0.02950618932256475 4714
1648709310675 0.04594364806544036 4764
1648709324110 0.03119302056846209 4814
1648709337682 0.0321360382810235 4864
1648709350957 0.04246791067067534 4914
1648709363921 0.02973328932188451 4964
1648709377202 0.031040013442980127 5014
1648709390570 0.030630720406770708 5064
1648709404049 0.03880019124597311 5114
1648709417307 0.03153847920591943 5164
1648709430542 0.03498925525695085 5214
1648709443655 0.023732912780251355 5264
1648709457021 0.038085008522029964 5314
1648709470459 0.03348468938434962 5364
1648709483894 0.028401827877387403 5414
1648709497256 0.027797330677276477 5464
1648709510677 0.02288791644386947 5514
1648709524690 0.033403279030462724 5564
1648709538849 0.02673042010050267 5614
1648709552219 0.0357008323102491 5664
1648709565438 0.03262441545492038 5714
1648709578990 0.025615641130134464 5764
1648709592405 0.036115884317550806 5814
1648709605436 0.03357698385196272 5864
1648709690995 0.028540105463471264 5921
1648709704761 0.02964205219759606 5971
1648709718199 0.0329564123856835 6021
1648709731885 0.02892268328461796 6071
1648709745347 0.02610074216267094 6121
1648709758623 0.028241740509402008 6171
1648709771894 0.03192047975026071 6221
1648709785175 0.027280601356178522 6271
1648709798581 0.03578953392803669 6321
1648709811829 0.03324744682526216 6371
1648709825079 0.04096124833449721 6421
1648709838599 0.028490137674380092 6471
1648709851975 0.025456227334216236 6521
1648709865586 0.030331542554777116 6571
1648709879170 0.033240233245305714 6621
1648709892780 0.02865447143558413 6671
1648709906057 0.03480047889519483 6721
1648709919913 0.030469935098662974 6771
1648709933497 0.0269785648828838 6821
1648709947116 0.03286735249683261 6871
1648709960646 0.02585366859100759 6921
1648709974115 0.03239401694387198 6971
1648709987568 0.03045867450069636 7021
1648710000483 0.029192600320093333 7071
1648710013888 0.04186824230011552 7121
1648710027575 0.027022059166338295 7171
1648710040892 0.02743250600877218 7221
1648710054443 0.03505609670653939 7271
1648710067518 0.02890850229654461 7321
1648710080781 0.040327855311334135 7371
1648710093982 0.023106555475387723 7421
1648710107550 0.03331599039258435 7471
1648710121079 0.026743581048212946 7521
1648710134555 0.026249452775809912 7571
1648710147945 0.03504183751065284 7621
1648710161367 0.02679252696922049 7671
1648710174932 0.024704352065455168 7721
1648710188787 0.03629633850418031 7771
1648710202643 0.030838547884486617 7821
1648710288344 0.022909568448085338 7878
1648710301633 0.028521123910322785 7928
1648710315585 0.024205587464384736 7978
1648710328925 0.030964523965958505 8028
1648710342221 0.03261279738973826 8078
1648710355439 0.033956027657259254 8128
1648710368849 0.026190653208177535 8178
1648710382613 0.02643535798881203 8228
1648710396263 0.029114539225120098 8278
1648710409968 0.030443187745986505 8328
1648710423420 0.031210037814453244 8378
1648710437130 0.026407038811594247 8428
1648710450391 0.025693702436983587 8478
1648710463869 0.02982341110240668 8528
1648710477551 0.02697141584358178 8578
1648710490904 0.027728794710710644 8628
1648710504290 0.030249404757050798 8678
1648710517776 0.03369805126916617 8728
1648710530955 0.034504880704917015 8778
1648710544408 0.02057020800653845 8828
1648710557612 0.033560251833405344 8878
1648710570839 0.03923484021797776 8928
1648710584377 0.033884651204571126 8978
1648710597683 0.033018469023518265 9028
1648710611358 0.032513180621899666 9078
1648710625209 0.03926800308283419 9128
1648710638895 0.03162722297478467 9178
1648710652910 0.023567590912571178 9228
1648710666298 0.04000300955260173 9278
1648710679774 0.030488520710496233 9328
1648710693312 0.03949641593964771 9378
1648710706839 0.026514266189187764 9428
1648710720073 0.03356859758030623 9478
1648710733305 0.0318975633289665 9528
1648710746977 0.028077243394218385 9578
1648710760154 0.026886971390340478 9628
1648710773242 0.027022856252733617 9678
1648710786819 0.0321823754790239 9728
1648710800319 0.03194259225158021 9778
1648710887549 0.02909119533607736 9835
1648710900724 0.024738736969884486 9885
1648710913834 0.023000978376949206 9935
1648710926979 0.031016482103150337 9985
1648710939887 0.02939547774964012 10035
1648710953333 0.030490227760747075 10085
1648710967168 0.029562103387434036 10135
1648710980945 0.028289157123072072 10185
1648710994648 0.0328791971784085 10235
1648711008254 0.023385132055263966 10285
1648711021475 0.02625202383380383 10335
1648711034940 0.0323649386773468 10385
1648711048405 0.03227477465989068 10435
1648711061467 0.028344119656831025 10485
1648711074947 0.03316651664848905 10535
1648711088038 0.031033945548115296 10585
1648711101370 0.02739120875718072 10635
1648711114520 0.03663273327751085 10685
1648711127603 0.032074498445726934 10735
1648711141095 0.026389488576678558 10785
1648711154646 0.027650899004656823 10835
1648711168122 0.019295190353877844 10885
1648711181703 0.02472693897783756 10935
1648711195874 0.019646426343824713 10985
1648711208874 0.032194205954438074 11035
1648711222301 0.02781251017469913 11085
1648711236197 0.024897829464171083 11135
1648711249294 0.02140401505981572 11185
1648711262728 0.03734348856494762 11235
1648711276037 0.037019679769873616 11285
1648711289464 0.028134427152108402 11335
1648711302533 0.03584168439963833 11385
1648711315728 0.02608588080154732 11435
1648711329208 0.03066948104184121 11485
1648711342497 0.02745106755755842 11535
1648711356127 0.02448573420289904 11585
1648711370162 0.028155383202247322 11635
1648711383606 0.037783075338229534 11685
1648711396940 0.03290884652466047 11735
1648711482989 0.0346312375809066 11792
1648711495987 0.02300691635813564 11842
1648711509041 0.02407484622206539 11892
1648711522605 0.026387021432165057 11942
1648711535939 0.025783255986170844 11992
1648711549680 0.02936857640161179 12042
1648711563146 0.02873445098521188 12092
1648711576798 0.03269983206409961 12142
1648711589883 0.029262827483471483 12192
1648711603024 0.03280589881469496 12242
1648711616268 0.03473685402888805 12292
1648711630134 0.02733189903665334 12342
1648711643781 0.022737421696074307 12392
1648711657102 0.03558147363713943 12442
1648711670667 0.030277885599061846 12492
1648711684390 0.028624221426434816 12542
1648711697910 0.03471262004692108 12592
1648711711453 0.029129390926100313 12642
1648711725168 0.02559625552035868 12692
1648711738876 0.0297887374390848 12742
1648711752152 0.026403283521067352 12792
1648711765525 0.02967313567409292 12842
1648711779266 0.02791609492036514 12892
1648711792699 0.022562017909949647 12942
1648711805965 0.030127074855845423 12992
1648711819201 0.029525430132634936 13042
1648711832777 0.02497221791301854 13092
1648711846174 0.03293213250581175 13142
1648711859618 0.02866615665028803 13192
1648711873245 0.02209276532754302 13242
1648711886507 0.02602156169246882 13292
1648711899861 0.02996593602001667 13342
1648711913271 0.029087527405936273 13392
1648711926451 0.03380355079192668 13442
1648711939713 0.030440609343349932 13492
1648711953380 0.026700339920353144 13542
1648711966874 0.030922498158179223 13592
1648711980674 0.03531958608829882 13642
1648711993937 0.029715329783502966 13692
1648712080791 0.024815804898971693 13749
1648712094439 0.02735271306242794 13799
1648712107699 0.026548839424503968 13849
1648712121273 0.030581237045116724 13899
1648712134639 0.03640072536189109 13949
1648712147783 0.02011198494117707 13999
1648712160993 0.03465284785721451 14049
1648712174222 0.024415948431706056 14099
1648712187476 0.031434741540579125 14149
1648712200861 0.026790196092333643 14199
1648712214216 0.028506916218902917 14249
1648712227349 0.025326757398433982 14299
1648712240459 0.029564316736068578 14349
1648712253792 0.03003047977341339 14399
1648712267371 0.032693637060001494 14449
1648712280778 0.023545215947087854 14499
1648712293907 0.02108884173212573 14549
1648712307378 0.021846169102936984 14599
1648712320789 0.030044130536261947 14649
1648712333985 0.02706777455518022 14699
1648712347353 0.032069492341252046 14749
1648712360547 0.027599238716065885 14799
1648712373932 0.02836314433487132 14849
1648712387367 0.028836100340122357 14899
1648712401067 0.031848433592822405 14949
1648712414785 0.03191341099794954 14999
1648712428397 0.025881010759621858 15049
1648712441946 0.03549311047652736 15099
1648712456005 0.032221037400886415 15149
1648712469263 0.03215695864520967 15199
1648712482845 0.02352708224672824 15249
1648712496164 0.03745207218453288 15299
1648712509514 0.024500857756938787 15349
1648712523204 0.02353778368444182 15399
1648712536674 0.022900773234432563 15449
1648712550339 0.03573765939567238 15499
1648712563827 0.020758338999003173 15549
1648712577193 0.02789058396127075 15599
1648712590586 0.025058760487590915 15649
1648712677445 0.02690906700328924 15706
1648712691375 0.03210523140849546 15756
1648712704971 0.01908281405339949 15806
1648712718543 0.022446220659185202 15856
1648712731902 0.030623051710426806 15906
1648712745275 0.02616621043649502 15956
1648712758946 0.025133751328103245 16006
1648712772253 0.022460939500597306 16056
1648712785334 0.025689256892073898 16106
1648712798648 0.01992276620469056 16156
1648712811945 0.02702025068923831 16206
1648712825293 0.028405032471055164 16256
1648712838455 0.035528733415994794 16306
1648712851593 0.022529474780894815 16356
1648712865118 0.020361204186338 16406
1648712878086 0.025520455791411222 16456
1648712891756 0.029895056008826942 16506
1648712904983 0.022993080251617358 16556
1648712918041 0.025604301346465946 16606
1648712931723 0.025598851159447805 16656
1648712944954 0.022585987949278206 16706
1648712958483 0.027364982508588584 16756
1648712971811 0.021849322449415922 16806
1648712985152 0.024946081289090215 16856
1648712998822 0.022441753367311322 16906
1648713012127 0.024404151876224203 16956
1648713025393 0.024193461863324047 17006
1648713038457 0.024858778899069876 17056
1648713051525 0.024545808443799614 17106
1648713064954 0.02877384506398812 17156
1648713078910 0.025562597346724943 17206
1648713092188 0.02651261929247994 17256
1648713105802 0.023278507341165097 17306
1648713118976 0.022013047765940427 17356
1648713132433 0.024976206021383406 17406
1648713145553 0.026470252703875305 17456
1648713159095 0.021319894373882563 17506
1648713172674 0.02297745983931236 17556
1648713185721 0.024173564497614278 17606
1648713271385 0.030042939253617076 17663
1648713284890 0.02044185187201947 17713
1648713298795 0.02112932345480658 17763
1648713312418 0.023545808118069545 17813
1648713326095 0.020496427478501573 17863
1648713339489 0.024138204056653192 17913
1648713353185 0.022271958517376334 17963
1648713367400 0.020736312082153745 18013
1648713380618 0.024307652765710373 18063
1648713393924 0.024197092453250663 18113
1648713407121 0.02175305478274822 18163
1648713420512 0.022960978669580072 18213
1648713434128 0.03248332662740722 18263
1648713447583 0.02142432296765037 18313
1648713461008 0.0175591199088376 18363
1648713474221 0.019340004979312653 18413
1648713487736 0.024424190752906725 18463
1648713501272 0.020478201906662434 18513
1648713514762 0.020250039524398744 18563
1648713528260 0.023852544000546913 18613
1648713541569 0.02424834230914712 18663
1648713554628 0.022810513389995322 18713
1648713567696 0.019065950319636614 18763
1648713580902 0.02364704319741577 18813
1648713594225 0.03064991107210517 18863
1648713607864 0.025808096936671063 18913
1648713621031 0.02530903578939615 18963
1648713634612 0.017712002079933883 19013
1648713647918 0.027593707408523186 19063
1648713661543 0.02205096205987502 19113
1648713675239 0.031305126864463094 19163
1648713688506 0.02648031595046632 19213
1648713701828 0.02996974024339579 19263
1648713715222 0.026293035282287748 19313
1648713728515 0.028520771565381436 19363
1648713742172 0.023103561194147915 19413
1648713755400 0.021712527928175403 19463
1648713769099 0.02051221651607193 19513
1648713782341 0.01943516173341777 19563
1648713867315 0.02108985225786455 19620
1648713880407 0.019537062597228216 19670
1648713893433 0.016557491131825374 19720
1648713906371 0.020011632952373473 19770
1648713919976 0.024819307330762968 19820
1648713933025 0.029621684958110562 19870
1648713946102 0.024864662794861943 19920
1648713959628 0.016653573364019392 19970
1648713972626 0.023178021241910755 20020
1648713985862 0.019663890942756553 20070
1648713998853 0.022902578611392527 20120
1648714012446 0.025796694993041457 20170
1648714026145 0.029126712367869914 20220
1648714039433 0.021293967380188406 20270
1648714052667 0.018670791617478245 20320
1648714066149 0.02035598857095465 20370
1648714079302 0.02436673716409132 20420
1648714092397 0.0236965687898919 20470
1648714105533 0.021364573076134548 20520
1648714118497 0.02280520072556101 20570
1648714131452 0.0227723022463033 20620
1648714144756 0.02815907131531276 20670
1648714157774 0.02353270782157779 20720
1648714171075 0.024675898852292447 20770
1648714184431 0.02511930253589526 20820
1648714197579 0.025916578598553314 20870
1648714210685 0.022104392622131853 20920
1648714223677 0.02147445932379924 20970
1648714237083 0.02720788876002189 21020
1648714250220 0.02055017612176016 21070
1648714263185 0.02528015340969432 21120
1648714276243 0.021382915426511318 21170
1648714289539 0.01923032746068202 21220
1648714302586 0.026363357222871853 21270
1648714315727 0.026394328587921335 21320
1648714328837 0.01644404692808166 21370
1648714342064 0.027283113143057564 21420
1648714355245 0.030335169475292786 21470
1648714368120 0.019013153694104404 21520
1648714452398 0.01935480202315375 21577
1648714465394 0.02351869843667373 21627
1648714478333 0.018283617956331 21677
1648714491359 0.027527693137526513 21727
1648714504511 0.024309602428693323 21777
1648714517859 0.022305239199195057 21827
1648714531094 0.017677290972787887 21877
1648714544282 0.02778234951547347 21927
1648714557381 0.025948814218281768 21977
1648714570779 0.018985553414095194 22027
1648714583932 0.024351512423017994 22077
1648714597022 0.026532212912570685 22127
1648714610108 0.019587896576849742 22177
1648714623145 0.01913879850646481 22227
1648714636272 0.02015407615050208 22277
1648714649454 0.028497121874243022 22327
1648714662791 0.022012296804459767 22377
1648714676596 0.028168117317836732 22427
1648714689804 0.020088499478297307 22477
1648714703836 0.024070177683606742 22527
1648714717103 0.01787931315950118 22577
1648714730458 0.021636608539847658 22627
1648714743787 0.022724709111498667 22677
1648714757169 0.020034627933055164 22727
1648714770443 0.01949940627091564 22777
1648714783518 0.029310777676291765 22827
1648714796948 0.02176956230250653 22877
1648714810144 0.016546718735480682 22927
1648714823211 0.01799111639498733 22977
1648714836611 0.020817905400181188 23027
1648714849870 0.02871560656931251 23077
1648714862943 0.027761695061344654 23127
1648714876049 0.028436251236125826 23177
1648714889154 0.01750558997038752 23227
1648714902314 0.02445456720524817 23277
1648714915608 0.026618185333209112 23327
1648714929043 0.020836768363369628 23377
1648714942307 0.02018965723225847 23427
1648714955574 0.02589777867309749 23477
