1648707899776 0.6908567380905152 50
1648707913901 0.49015484035015106 100
1648707927340 0.2514121663570404 150
1648707940706 0.14806036099791528 200
1648707954161 0.13859539456665515 250
1648707967409 0.11518805012106896 300
1648707980768 0.09383083324879408 350
1648707994215 0.09381123367697 400
1648708007783 0.08841917973011731 450
1648708021245 0.08611686304211616 500
1648708034810 0.08206655576825142 550
1648708048362 0.07723324442282319 600
1648708061800 0.0754358341358602 650
1648708075282 0.10497303690761328 700
1648708088753 0.09530838632956147 750
1648708102471 0.08391215279698372 800
1648708115972 0.09193703329190611 850
1648708128990 0.0868366377428174 900
1648708142280 0.10286713298410177 950
1648708155760 0.08091614126227796 1000
1648708169480 0.0845372624322772 1050
1648708182882 0.06675217004492878 1100
1648708196126 0.07715653674677014 1150
1648708209500 0.07823346545919777 1200
1648708223202 0.07687041553668678 1250
1648708236504 0.05729513805359602 1300
1648708249774 0.06009505142574199 1350
1648708262795 0.07197829803451895 1400
1648708276176 0.07575324520468713 1450
1648708289991 0.08563026515766978 1500
1648708303342 0.06516760976985098 1550
1648708316678 0.09846087325364351 1600
1648708330159 0.07770194896496832 1650
1648708343422 0.09302093282341957 1700
1648708356656 0.07195397628471255 1750
1648708370140 0.07243844974786043 1800
1648708383537 0.07505595323629677 1850
1648708396788 0.055286120120435954 1900
1648708410182 0.04869324850849807 1950
1648708499304 0.05117127859033644 2007
1648708513174 0.06061372893396765 2057
1648708526228 0.07554273722227663 2107
1648708539899 0.0714757817145437 2157
1648708553172 0.05343528754077852 2207
1648708566572 0.049575060531497 2257
1648708580078 0.06455729738809168 2307
1648708593457 0.09255939548835158 2357
1648708606682 0.05415302919223905 2407
1648708619866 0.06045626289211214 2457
1648708633313 0.05932232647202909 2507
1648708647115 0.050246283318847416 2557
1648708660344 0.070727035170421 2607
1648708673894 0.07987527908757329 2657
1648708687538 0.06620245625264942 2707
1648708701018 0.07493507728446275 2757
1648708714373 0.05751416901592165 2807
1648708727788 0.06109197393991053 2857
1648708741156 0.061816024286672475 2907
1648708754377 0.06596205826848746 2957
1648708767677 0.06245511536952108 3007
1648708780960 0.06042433196213096 3057
1648708794430 0.0635639385972172 3107
1648708807448 0.062991558839567 3157
1648708820910 0.06064642068464309 3207
1648708834516 0.0733783240057528 3257
1648708847891 0.07027504274155945 3307
1648708861539 0.05674100059084594 3357
1648708875659 0.057987690567970276 3407
1648708889189 0.06444585761986672 3457
1648708903083 0.06819099327549338 3507
1648708916555 0.05814688310958445 3557
1648708930013 0.04777783274650574 3607
1648708943603 0.05365347536280751 3657
1648708956908 0.0766773176472634 3707
1648708970477 0.05786811565514654 3757
1648708983827 0.06022748880088329 3807
1648708997206 0.06861477403435856 3857
1648709010792 0.08411538489162922 3907
1648709096582 0.0733336916938424 3964
1648709110109 0.06017306638415903 4014
1648709123531 0.04780795856378973 4064
1648709136978 0.06435424983967096 4114
1648709150256 0.05580079108243808 4164
1648709163450 0.06094347842503339 4214
1648709176905 0.06954822127241642 4264
1648709190263 0.04387648744275793 4314
1648709203480 0.06685135522391647 4364
1648709216948 0.06546205792576075 4414
1648709230275 0.06121026592329144 4464
1648709243604 0.05014861630275846 4514
1648709256772 0.045437729251570996 4564
1648709270150 0.06253845322877169 4614
1648709283903 0.05813430360984057 4664
1648709297275 0.054972018022090195 4714
1648709310675 0.06373596517369151 4764
1648709324110 0.05105495919007808 4814
1648709337682 0.05729191384278238 4864
1648709350957 0.08308018447831272 4914
1648709363921 0.07176218322478235 4964
1648709377202 0.056546038528904316 5014
1648709390570 0.057101230283733456 5064
1648709404049 0.06718503615818917 5114
1648709417307 0.054210424181073906 5164
1648709430542 0.06323484160704539 5214
1648709443655 0.047707212653476744 5264
1648709457021 0.06868302843067794 5314
1648709470459 0.04930088738445192 5364
1648709483894 0.05318056393880397 5414
1648709497256 0.048910508845001456 5464
1648709510677 0.03968293056823313 5514
1648709524690 0.0619640523288399 5564
1648709538849 0.04250649259891361 5614
1648709552219 0.06197556187864393 5664
1648709565438 0.05831802561646327 5714
1648709578990 0.048282507844269275 5764
1648709592405 0.05894989532418549 5814
1648709605436 0.0645102046453394 5864
1648709690995 0.04861667205928825 5921
1648709704761 0.05005916802678257 5971
1648709718199 0.05736888467567042 6021
1648709731885 0.06123269233386964 6071
1648709745347 0.04741218033712357 6121
1648709758623 0.050130962366238235 6171
1648709771894 0.048001108942553404 6221
1648709785175 0.05922442794311791 6271
1648709798581 0.0680530966236256 6321
1648709811829 0.058806937378831206 6371
1648709825079 0.07058767250739038 6421
1648709838599 0.05495605566073209 6471
1648709851975 0.043060013647191225 6521
1648709865586 0.054214638057164845 6571
1648709879170 0.05188358818879351 6621
1648709892780 0.0482950406242162 6671
1648709906057 0.06841580738546327 6721
1648709919913 0.03962836964521557 6771
1648709933497 0.04841554024256766 6821
1648709947116 0.05589842304587364 6871
1648709960646 0.0451603968674317 6921
1648709974115 0.05045965549070388 6971
1648709987568 0.0531042094482109 7021
1648710000483 0.05455230453982949 7071
1648710013888 0.06267720301868394 7121
1648710027575 0.051363596508745106 7171
1648710040892 0.05201246289652772 7221
1648710054443 0.059296819157898424 7271
1648710067518 0.06240250828908756 7321
1648710080781 0.06738581702113151 7371
1648710093982 0.05194969179807231 7421
1648710107550 0.05119715538341552 7471
1648710121079 0.05354227837175131 7521
1648710134555 0.04868102141655981 7571
1648710147945 0.056058999709784986 7621
1648710161367 0.049548901156522336 7671
1648710174932 0.041946075414307414 7721
1648710188787 0.05912266621133313 7771
1648710202643 0.05759210460120812 7821
1648710288344 0.03814890786306933 7878
1648710301633 0.03573678123764694 7928
1648710315585 0.046003629942424594 7978
1648710328925 0.05256918892962858 8028
1648710342221 0.06333372617140412 8078
1648710355439 0.03947228740667924 8128
1648710368849 0.04386624798411504 8178
1648710382613 0.04701416863361373 8228
1648710396263 0.05252581322100013 8278
1648710409968 0.0536504190787673 8328
1648710423420 0.0612215521465987 8378
1648710437130 0.046443790066987276 8428
1648710450391 0.04285107924370095 8478
1648710463869 0.0472827566228807 8528
1648710477551 0.04679579499177635 8578
1648710490904 0.04741554900072515 8628
1648710504290 0.04786301521351561 8678
1648710517776 0.058150456016883255 8728
1648710530955 0.05987315805163235 8778
1648710544408 0.03926320504397154 8828
1648710557612 0.058371606818400326 8878
1648710570839 0.05639558635652065 8928
1648710584377 0.0636081710178405 8978
1648710597683 0.04935791310155764 9028
1648710611358 0.056261982289142906 9078
1648710625209 0.05646961316931993 9128
1648710638895 0.06117820416111499 9178
1648710652910 0.042569157895632086 9228
1648710666298 0.06413015437312425 9278
1648710679774 0.05777108920738101 9328
1648710693312 0.05833245702087879 9378
1648710706839 0.048979619317688045 9428
1648710720073 0.04667185147292912 9478
1648710733305 0.07098694244399667 9528
1648710746977 0.04660970102529973 9578
1648710760154 0.05959390071220696 9628
1648710773242 0.041686118114739656 9678
1648710786819 0.05207033494953066 9728
1648710800319 0.05801721565425396 9778
1648710887549 0.043274621721357105 9835
1648710900724 0.039035759922117 9885
1648710913834 0.03978536935057491 9935
1648710926979 0.04978122545871884 9985
1648710939887 0.04958268599584699 10035
1648710953333 0.060723075387068094 10085
1648710967168 0.038633585539646444 10135
1648710980945 0.047902888986282054 10185
1648710994648 0.043021820050198584 10235
1648711008254 0.041348071002867075 10285
1648711021475 0.037180587272159754 10335
1648711034940 0.04253019098192454 10385
1648711048405 0.061463365922681985 10435
1648711061467 0.04323615935863927 10485
1648711074947 0.05779676674399525 10535
1648711088038 0.05358431711792946 10585
1648711101370 0.041831599205033855 10635
1648711114520 0.055414314607623964 10685
1648711127603 0.0512197712645866 10735
1648711141095 0.047492763614282014 10785
1648711154646 0.04573690555756912 10835
1648711168122 0.03878558225580491 10885
1648711181703 0.045167655027471484 10935
1648711195874 0.039991757213138045 10985
1648711208874 0.05179379294160753 11035
1648711222301 0.038160631242208184 11085
1648711236197 0.04443626469001174 11135
1648711249294 0.03998243269044906 11185
1648711262728 0.05284794398990925 11235
1648711276037 0.05412513529881835 11285
1648711289464 0.049893262200057506 11335
1648711302533 0.06650374552235007 11385
1648711315728 0.04867900224868208 11435
1648711329208 0.06262801782693714 11485
1648711342497 0.04316864949185401 11535
1648711356127 0.04871812608442269 11585
1648711370162 0.0451134865405038 11635
1648711383606 0.07002763656899333 11685
1648711396940 0.053970789250452074 11735
1648711482989 0.058096341383643446 11792
1648711495987 0.03712106267921626 11842
1648711509041 0.03107303059194237 11892
1648711522605 0.04376573791494593 11942
1648711535939 0.05119532897835597 11992
1648711549680 0.053541045477613805 12042
1648711563146 0.053092277449322864 12092
1648711576798 0.04209944147150964 12142
1648711589883 0.04729311240487732 12192
1648711603024 0.05600813151104376 12242
1648711616268 0.05489004272967577 12292
1648711630134 0.04152713916264474 12342
1648711643781 0.03646807750454172 12392
1648711657102 0.03893917479785159 12442
1648711670667 0.043944027139805254 12492
1648711684390 0.05393018240109086 12542
1648711697910 0.058762583479983733 12592
1648711711453 0.03690187611617148 12642
1648711725168 0.04968309951247647 12692
1648711738876 0.04583676077658311 12742
1648711752152 0.04019306718371809 12792
1648711765525 0.04922090610023588 12842
1648711779266 0.03767472266918048 12892
1648711792699 0.03587059825891629 12942
1648711805965 0.05461966162547469 12992
1648711819201 0.04430489876773208 13042
1648711832777 0.04401919867726974 13092
1648711846174 0.04234716546721756 13142
1648711859618 0.05023373203119263 13192
1648711873245 0.039015623845625666 13242
1648711886507 0.04670216330792755 13292
1648711899861 0.053293851856142285 13342
1648711913271 0.04853110297117382 13392
1648711926451 0.05331928258296102 13442
1648711939713 0.053107601783704016 13492
1648711953380 0.043131594107835555 13542
1648711966874 0.052550759098958226 13592
1648711980674 0.05440444538369775 13642
1648711993937 0.041930972336558625 13692
1648712080791 0.04362842729315162 13749
1648712094439 0.03996410922380164 13799
1648712107699 0.045167370045091956 13849
1648712121273 0.05037389864213765 13899
1648712134639 0.07142747486941517 13949
1648712147783 0.0310688146809116 13999
1648712160993 0.042990368520841 14049
1648712174222 0.031946100185159594 14099
1648712187476 0.045879041804000736 14149
1648712200861 0.0413929566234583 14199
1648712214216 0.047017283569439315 14249
1648712227349 0.0511391196702607 14299
1648712240459 0.041476687011308966 14349
1648712253792 0.04296744673512876 14399
1648712267371 0.04483189818798564 14449
1648712280778 0.03674375414964743 14499
1648712293907 0.036235628064023334 14549
1648712307378 0.038757661008276045 14599
1648712320789 0.04173607584089041 14649
1648712333985 0.03652118666912429 14699
1648712347353 0.051181881385855374 14749
1648712360547 0.04117431192775257 14799
1648712373932 0.043711362465983256 14849
1648712387367 0.04875641884515062 14899
1648712401067 0.03896088164066896 14949
1648712414785 0.05718554003397003 14999
1648712428397 0.0424667496024631 15049
1648712441946 0.05504925752349663 15099
1648712456005 0.04779772481881082 15149
1648712469263 0.05415821996983141 15199
1648712482845 0.03948395979125053 15249
1648712496164 0.05369145950069651 15299
1648712509514 0.03908931881189346 15349
1648712523204 0.04130945393117145 15399
1648712536674 0.047291753955068995 15449
1648712550339 0.05125726751983166 15499
1648712563827 0.04076923756627366 15549
1648712577193 0.05500873537734151 15599
1648712590586 0.03589258067775518 15649
1648712677445 0.040093176618684084 15706
1648712691375 0.04312353584449738 15756
1648712704971 0.03321714988909662 15806
1648712718543 0.04171547600068152 15856
1648712731902 0.037772345491684976 15906
1648712745275 0.03560530208051205 15956
1648712758946 0.04094953594962135 16006
1648712772253 0.03416638429276645 16056
1648712785334 0.03575655205873773 16106
1648712798648 0.030797651060856877 16156
1648712811945 0.043350092724431306 16206
1648712825293 0.04487828330136836 16256
1648712838455 0.04778607803862542 16306
1648712851593 0.03469705044175498 16356
1648712865118 0.03590913743712008 16406
1648712878086 0.042878066792618484 16456
1648712891756 0.03851348832948134 16506
1648712904983 0.03827148560201749 16556
1648712918041 0.03750569600146264 16606
1648712931723 0.03762509083142504 16656
1648712944954 0.030940140585880727 16706
1648712958483 0.04178511370439082 16756
1648712971811 0.031823752983473244 16806
1648712985152 0.03780846398789436 16856
1648712998822 0.03345269559067674 16906
1648713012127 0.041525166167411955 16956
1648713025393 0.03605514271417633 17006
1648713038457 0.03701231042010477 17056
1648713051525 0.03887202151701786 17106
1648713064954 0.052431320385076106 17156
1648713078910 0.0349787970201578 17206
1648713092188 0.03980403854977339 17256
1648713105802 0.03522655233740807 17306
1648713118976 0.03183083288138732 17356
1648713132433 0.0405645159794949 17406
1648713145553 0.039963551489636304 17456
1648713159095 0.03156772275629919 17506
1648713172674 0.04488386893644929 17556
1648713185721 0.03423328797915019 17606
1648713271385 0.043648786667035894 17663
1648713284890 0.02855405271111522 17713
1648713298795 0.04063549392973073 17763
1648713312418 0.03421543375501642 17813
1648713326095 0.029900463337544352 17863
1648713339489 0.036363793329801414 17913
1648713353185 0.04221014827257022 17963
1648713367400 0.028130530253984033 18013
1648713380618 0.03869221564382315 18063
1648713393924 0.05141880774521269 18113
1648713407121 0.03680998836876825 18163
1648713420512 0.028394153812550938 18213
1648713434128 0.04425419481005519 18263
1648713447583 0.029669670436996965 18313
1648713461008 0.027333061245735736 18363
1648713474221 0.027416038641240446 18413
1648713487736 0.035739845260977746 18463
1648713501272 0.032350540205370634 18513
1648713514762 0.029788952013477685 18563
1648713528260 0.03361507423920557 18613
1648713541569 0.04079683166230098 18663
1648713554628 0.03266142070293426 18713
1648713567696 0.02632237339857966 18763
1648713580902 0.034080135254189375 18813
1648713594225 0.05045603826642037 18863
1648713607864 0.03582855277520139 18913
1648713621031 0.04127471676794812 18963
1648713634612 0.034023585700197145 19013
1648713647918 0.043496406907215714 19063
1648713661543 0.03703603710746393 19113
1648713675239 0.04730540694668889 19163
1648713688506 0.03968525328557007 19213
1648713701828 0.036683740231674165 19263
1648713715222 0.04020001684315502 19313
1648713728515 0.038459088515955954 19363
1648713742172 0.031825810328591615 19413
1648713755400 0.03591578506631777 19463
1648713769099 0.035895819661673156 19513
1648713782341 0.0276019940408878 19563
1648713867315 0.03080377018835861 19620
1648713880407 0.024784499203087763 19670
1648713893433 0.026747251513879747 19720
1648713906371 0.0284919600316789 19770
1648713919976 0.0379124778858386 19820
1648713933025 0.04176223452552222 19870
1648713946102 0.04244344987440854 19920
1648713959628 0.027998838768107815 19970
1648713972626 0.03460919090779498 20020
1648713985862 0.028586662411689757 20070
1648713998853 0.033035506303422155 20120
1648714012446 0.04006073955446482 20170
1648714026145 0.030478494220878928 20220
1648714039433 0.028293060692958533 20270
1648714052667 0.030928492667153477 20320
1648714066149 0.02674613915674854 20370
1648714079302 0.03614484559511766 20420
1648714092397 0.02838614331325516 20470
1648714105533 0.036261406801640986 20520
1648714118497 0.03521655418095179 20570
1648714131452 0.03636967456550337 20620
1648714144756 0.033726185851264745 20670
1648714157774 0.03701201431686059 20720
1648714171075 0.03392163195530884 20770
1648714184431 0.04031419270322658 20820
1648714197579 0.04093450665939599 20870
1648714210685 0.03009856294840574 20920
1648714223677 0.023547730779391714 20970
1648714237083 0.03817136855446734 21020
1648714250220 0.02698562357632909 21070
1648714263185 0.037907872449141 21120
1648714276243 0.026990995724336244 21170
1648714289539 0.03999385401839391 21220
1648714302586 0.04008637261576951 21270
1648714315727 0.030378724418114872 21320
1648714328837 0.0246814684686251 21370
1648714342064 0.04489809693419375 21420
1648714355245 0.03225476751802489 21470
1648714368120 0.03196702142711729 21520
1648714452398 0.029086073432699776 21577
1648714465394 0.03370674990466796 21627
1648714478333 0.030364256898756138 21677
1648714491359 0.038234372751321646 21727
1648714504511 0.03667509351158515 21777
1648714517859 0.029475338793126866 21827
1648714531094 0.025609277058392763 21877
1648714544282 0.04038037433871068 21927
1648714557381 0.04292601937078871 21977
1648714570779 0.027318252886179836 22027
1648714583932 0.03784649962559342 22077
1648714597022 0.029669080579187723 22127
1648714610108 0.031058616586378776 22177
1648714623145 0.027596976570785046 22227
1648714636272 0.02948376491200179 22277
1648714649454 0.04228519343654625 22327
1648714662791 0.03203140773344785 22377
1648714676596 0.032912535087671134 22427
1648714689804 0.025856084004044533 22477
1648714703836 0.032578920481028034 22527
1648714717103 0.02520844295155257 22577
1648714730458 0.03196707600262016 22627
1648714743787 0.037759855794720354 22677
1648714757169 0.02763773364946246 22727
1648714770443 0.022425281336763872 22777
1648714783518 0.044647330748848614 22827
1648714796948 0.03131123909377493 22877
1648714810144 0.02459233356639743 22927
1648714823211 0.032069236407405693 22977
1648714836611 0.03538574205944314 23027
1648714849870 0.035004627494199664 23077
1648714862943 0.03426728477701545 23127
1648714876049 0.03452294034999795 23177
1648714889154 0.0268775730318157 23227
1648714902314 0.03745573165360838 23277
1648714915608 0.04082382532360498 23327
1648714929043 0.03125987384235487 23377
1648714942307 0.02504752671928145 23427
1648714955574 0.0354320341127459 23477
