1649050366023 4.995100000000008e-06 50
1649050391238 9.990100000000003e-06 100
1649050416888 1.4985100000000007e-05 150
1649050441889 1.9980100000000012e-05 200
1649050467486 2.4975099999999994e-05 250
1649050493326 2.997009999999999e-05 300
1649050519096 3.4965099999999995e-05 350
1649050545325 3.99601e-05 400
1649050570981 4.4955100000000006e-05 450
1649050597191 4.99501e-05 500
1649050623453 5.4945100000000004e-05 550
1649050648739 5.99401e-05 600
1649050674975 6.493510000000001e-05 650
1649050700791 6.99301e-05 700
1649050726901 7.49251e-05 750
1649050752248 7.992010000000001e-05 800
1649050777807 8.49151e-05 850
1649050803149 8.99101e-05 900
1649050829226 9.490510000000001e-05 950
1649050854995 9.990010000000001e-05 1000
1649050881279 0.0001 1050
1649050906962 0.0001 1100
1649050932361 0.0001 1150
1649050958422 0.0001 1200
1649050984363 0.0001 1250
1649051009947 0.0001 1300
1649051036360 0.0001 1350
1649051062362 0.0001 1400
1649051088594 0.0001 1450
1649051113966 0.0001 1500
1649051140075 0.0001 1550
1649051165850 0.0001 1600
1649051191279 0.0001 1650
1649051217573 0.0001 1700
1649051242777 0.0001 1750
1649051268246 0.0001 1800
1649051293980 0.0001 1850
1649051319929 0.0001 1900
1649051345577 0.0001 1950
1649051440576 0.0001 1954
1649051468954 0.0001 2003
1649051495148 0.0001 2053
1649051520843 0.0001 2103
1649051546361 0.0001 2153
1649051572897 0.0001 2203
1649051598607 0.0001 2253
1649051623942 0.0001 2303
1649051649773 0.0001 2353
1649051675662 0.0001 2403
1649051701354 0.0001 2453
1649051727681 0.0001 2503
1649051753514 0.0001 2553
1649051779416 0.0001 2603
1649051805415 0.0001 2653
1649051831455 0.0001 2703
1649051857309 0.0001 2753
1649051883056 0.0001 2803
1649051908842 0.0001 2853
1649051934747 0.0001 2903
1649051961041 0.0001 2953
1649051986523 0.0001 3003
1649052012078 0.0001 3053
1649052037238 0.0001 3103
1649052062387 0.0001 3153
1649052087693 0.0001 3203
1649052113440 0.0001 3253
1649052138926 0.0001 3303
1649052164590 0.0001 3353
1649052190334 0.0001 3403
1649052216215 0.0001 3453
1649052242030 0.0001 3503
1649052267934 0.0001 3553
1649052293384 0.0001 3603
1649052319009 0.0001 3653
1649052344608 0.0001 3703
1649052370401 0.0001 3753
1649052396065 0.0001 3803
1649052421922 0.0001 3853
1649052447617 0.0001 3903
1649052544353 0.0001 3907
1649052572797 0.0001 3956
1649052599094 0.0001 4006
1649052624624 0.0001 4056
1649052650531 0.0001 4106
1649052676657 0.0001 4156
1649052702088 0.0001 4206
1649052727716 0.0001 4256
1649052753726 0.0001 4306
1649052779101 0.0001 4356
1649052804711 0.0001 4406
1649052829865 0.0001 4456
1649052855430 0.0001 4506
1649052880814 0.0001 4556
1649052906829 0.0001 4606
1649052932159 0.0001 4656
1649052958120 0.0001 4706
1649052984230 0.0001 4756
1649053009849 0.0001 4806
1649053035595 0.0001 4856
1649053061172 0.0001 4906
1649053087252 0.0001 4956
1649053112856 0.0001 5006
1649053139054 0.0001 5056
1649053164300 0.0001 5106
1649053190029 0.0001 5156
1649053215858 0.0001 5206
1649053241631 0.0001 5256
1649053267196 0.0001 5306
1649053292663 0.0001 5356
1649053317962 0.0001 5406
1649053343547 0.0001 5456
1649053369324 0.0001 5506
1649053394535 0.0001 5556
1649053420716 0.0001 5606
1649053447096 0.0001 5656
1649053473337 0.0001 5706
1649053498849 0.0001 5756
1649053524348 0.0001 5806
1649053549886 0.0001 5856
1649053645772 0.0001 5860
1649053674126 0.0001 5909
1649053699391 0.0001 5959
1649053725332 0.0001 6009
1649053750449 0.0001 6059
1649053775831 0.0001 6109
1649053801468 0.0001 6159
1649053827852 0.0001 6209
1649053853506 0.0001 6259
1649053878779 0.0001 6309
1649053904299 0.0001 6359
1649053929950 0.0001 6409
1649053955876 0.0001 6459
1649053981300 0.0001 6509
1649054007081 0.0001 6559
1649054033375 0.0001 6609
1649054059673 0.0001 6659
1649054085253 0.0001 6709
1649054110847 0.0001 6759
1649054136100 0.0001 6809
1649054161774 0.0001 6859
1649054187897 0.0001 6909
1649054214012 0.0001 6959
1649054240115 0.0001 7009
1649054265634 0.0001 7059
1649054291360 0.0001 7109
1649054316560 0.0001 7159
1649054342338 0.0001 7209
1649054367589 0.0001 7259
1649054393690 0.0001 7309
1649054418853 0.0001 7359
1649054445060 0.0001 7409
1649054470352 0.0001 7459
1649054495327 0.0001 7509
1649054520821 0.0001 7559
1649054546696 0.0001 7609
1649054572409 0.0001 7659
1649054598246 0.0001 7709
1649054624109 0.0001 7759
1649054649804 0.0001 7809
1649054747150 0.0001 7813
1649054775493 0.0001 7862
1649054800955 0.0001 7912
1649054826509 0.0001 7962
1649054852104 0.0001 8012
1649054877693 0.0001 8062
1649054903070 0.0001 8112
1649054929191 0.0001 8162
1649054954592 0.0001 8212
1649054980755 0.0001 8262
1649055007107 0.0001 8312
1649055032796 0.0001 8362
1649055058455 0.0001 8412
1649055083625 0.0001 8462
1649055108809 0.0001 8512
1649055135251 0.0001 8562
1649055161269 0.0001 8612
1649055186608 0.0001 8662
1649055212087 0.0001 8712
1649055238076 0.0001 8762
1649055263809 0.0001 8812
1649055289568 0.0001 8862
1649055315304 0.0001 8912
1649055341521 0.0001 8962
1649055366944 0.0001 9012
1649055392301 0.0001 9062
1649055418286 0.0001 9112
1649055444375 0.0001 9162
1649055470133 0.0001 9212
1649055496232 0.0001 9262
1649055521563 0.0001 9312
1649055547344 0.0001 9362
1649055574474 0.0001 9412
1649055600447 0.0001 9462
1649055626518 0.0001 9512
1649055652292 0.0001 9562
1649055677761 0.0001 9612
1649055703836 0.0001 9662
1649055729494 0.0001 9712
1649055754848 0.0001 9762
1649055851046 0.0001 9766
1649055879593 0.0001 9815
1649055905278 0.0001 9865
1649055930880 0.0001 9915
1649055956217 0.0001 9965
1649055981926 0.0001 10015
1649056007015 0.0001 10065
1649056032263 0.0001 10115
1649056057894 0.0001 10165
1649056083434 0.0001 10215
1649056108666 0.0001 10265
1649056134075 0.0001 10315
1649056159554 0.0001 10365
1649056185014 0.0001 10415
1649056210470 0.0001 10465
1649056235770 0.0001 10515
1649056261324 0.0001 10565
1649056286390 0.0001 10615
1649056311954 0.0001 10665
1649056337447 0.0001 10715
1649056363294 0.0001 10765
1649056388708 0.0001 10815
1649056414288 0.0001 10865
1649056439805 0.0001 10915
1649056465420 0.0001 10965
1649056490849 0.0001 11015
1649056516151 0.0001 11065
1649056542053 0.0001 11115
1649056568284 0.0001 11165
1649056594220 0.0001 11215
1649056620177 0.0001 11265
1649056646350 0.0001 11315
1649056671727 0.0001 11365
1649056697373 0.0001 11415
1649056722797 0.0001 11465
1649056748390 0.0001 11515
1649056773750 0.0001 11565
1649056799691 0.0001 11615
1649056825395 0.0001 11665
1649056850885 0.0001 11715
1649056947602 0.0001 11719
1649056975536 0.0001 11768
1649057001283 0.0001 11818
1649057026797 0.0001 11868
1649057052324 0.0001 11918
1649057077771 0.0001 11968
1649057103057 0.0001 12018
1649057128469 0.0001 12068
1649057154309 0.0001 12118
1649057179793 0.0001 12168
1649057205875 0.0001 12218
1649057231693 0.0001 12268
1649057257325 0.0001 12318
1649057282450 0.0001 12368
1649057307909 0.0001 12418
1649057333560 0.0001 12468
1649057359100 0.0001 12518
1649057384670 0.0001 12568
1649057410393 0.0001 12618
1649057435855 0.0001 12668
1649057461482 0.0001 12718
1649057486922 0.0001 12768
1649057512728 0.0001 12818
1649057538475 0.0001 12868
1649057564050 0.0001 12918
1649057589473 0.0001 12968
1649057615226 0.0001 13018
1649057641158 0.0001 13068
1649057666781 0.0001 13118
1649057692279 0.0001 13168
1649057718283 0.0001 13218
1649057743808 0.0001 13268
1649057769204 0.0001 13318
1649057794798 0.0001 13368
1649057820732 0.0001 13418
1649057846425 0.0001 13468
1649057872290 0.0001 13518
1649057897986 0.0001 13568
1649057923283 0.0001 13618
1649057948876 0.0001 13668
1649058045271 0.0001 13672
1649058073301 0.0001 13721
1649058098847 0.0001 13771
1649058124436 0.0001 13821
1649058149903 0.0001 13871
1649058175783 0.0001 13921
1649058200964 0.0001 13971
1649058226284 0.0001 14021
1649058252412 0.0001 14071
1649058278468 0.0001 14121
1649058303483 0.0001 14171
1649058329289 0.0001 14221
1649058354425 0.0001 14271
1649058380603 0.0001 14321
1649058405815 0.0001 14371
1649058430757 0.0001 14421
1649058456198 0.0001 14471
1649058481887 0.0001 14521
1649058507763 0.0001 14571
1649058533485 0.0001 14621
1649058558791 0.0001 14671
1649058584531 0.0001 14721
1649058610041 0.0001 14771
1649058635404 0.0001 14821
1649058661041 0.0001 14871
1649058686377 0.0001 14921
1649058712211 0.0001 14971
1649058737736 0.0001 15021
1649058763038 0.0001 15071
1649058788460 0.0001 15121
1649058814618 0.0001 15171
1649058841002 0.0001 15221
1649058866285 0.0001 15271
1649058891730 0.0001 15321
1649058917543 0.0001 15371
1649058943082 0.0001 15421
1649058968669 0.0001 15471
1649058994739 0.0001 15521
1649059020557 0.0001 15571
1649059046044 0.0001 15621
1649059142819 0.0001 15625
1649059171415 1e-05 15674
1649059196753 1e-05 15724
1649059222831 1e-05 15774
1649059248637 1e-05 15824
1649059274536 1e-05 15874
1649059300591 1e-05 15924
1649059325990 1e-05 15974
1649059351279 1e-05 16024
1649059376972 1e-05 16074
1649059402817 1e-05 16124
1649059428819 1e-05 16174
1649059454381 1e-05 16224
1649059479850 1e-05 16274
1649059505541 1e-05 16324
1649059531687 1e-05 16374
1649059557597 1e-05 16424
1649059583363 1e-05 16474
1649059609245 1e-05 16524
1649059634692 1e-05 16574
1649059660121 1e-05 16624
1649059685920 1e-05 16674
1649059711948 1e-05 16724
1649059737789 1e-05 16774
1649059762991 1e-05 16824
1649059788877 1e-05 16874
1649059814821 1e-05 16924
1649059840105 1e-05 16974
1649059865848 1e-05 17024
1649059891352 1e-05 17074
1649059916994 1e-05 17124
1649059942928 1e-05 17174
1649059968695 1e-05 17224
1649059994224 1e-05 17274
1649060020074 1e-05 17324
1649060045308 1e-05 17374
1649060071299 1e-05 17424
1649060097285 1e-05 17474
1649060122538 1e-05 17524
1649060148170 1e-05 17574
1649060243485 1e-05 17578
1649060271965 1e-05 17627
1649060297388 1e-05 17677
1649060322995 1e-05 17727
1649060348448 1e-05 17777
1649060374795 1e-05 17827
1649060400022 1e-05 17877
1649060426031 1e-05 17927
1649060451399 1e-05 17977
1649060476855 1e-05 18027
1649060502038 1e-05 18077
1649060527366 1e-05 18127
1649060552964 1e-05 18177
1649060579423 1e-05 18227
1649060605166 1e-05 18277
1649060630492 1e-05 18327
1649060656283 1e-05 18377
1649060681984 1e-05 18427
1649060707388 1e-05 18477
1649060733212 1e-05 18527
1649060759131 1e-05 18577
1649060784309 1e-05 18627
1649060809632 1e-05 18677
1649060835067 1e-05 18727
1649060860561 1e-05 18777
1649060886169 1e-05 18827
1649060911341 1e-05 18877
1649060936412 1e-05 18927
1649060962007 1e-05 18977
1649060987392 1e-05 19027
1649061012927 1e-05 19077
1649061038531 1e-05 19127
1649061063336 1e-05 19177
1649061088842 1e-05 19227
1649061114887 1e-05 19277
1649061140511 1e-05 19327
1649061166151 1e-05 19377
1649061192417 1e-05 19427
1649061218098 1e-05 19477
1649061242888 1e-05 19527
1649061338843 1e-05 19531
1649061366524 1e-05 19580
1649061391775 1e-05 19630
1649061417387 1e-05 19680
1649061442561 1e-05 19730
1649061468121 1e-05 19780
1649061493729 1e-05 19830
1649061519477 1e-05 19880
1649061544999 1e-05 19930
1649061570329 1e-05 19980
1649061595641 1e-05 20030
1649061620942 1e-05 20080
1649061646518 1e-05 20130
1649061671870 1e-05 20180
1649061697667 1e-05 20230
1649061723281 1e-05 20280
1649061748832 1e-05 20330
1649061774293 1e-05 20380
1649061800319 1e-05 20430
1649061825115 1e-05 20480
1649061850374 1e-05 20530
1649061875820 1e-05 20580
1649061901381 1e-05 20630
1649061927255 1e-05 20680
1649061952842 1e-05 20730
1649061978578 1e-05 20780
1649062003953 1e-05 20830
1649062029367 1e-05 20880
1649062055114 1e-05 20930
1649062080544 1e-05 20980
1649062105866 1e-05 21030
1649062130791 1e-05 21080
1649062155860 1e-05 21130
1649062181181 1e-05 21180
1649062206875 1e-05 21230
1649062232394 1e-05 21280
1649062257597 1e-05 21330
1649062282982 1e-05 21380
1649062308207 1e-05 21430
1649062333447 1e-05 21480
1649062428689 1e-05 21484
1649062456738 1.0000000000000002e-06 21533
1649062482743 1.0000000000000002e-06 21583
1649062507901 1.0000000000000002e-06 21633
1649062533512 1.0000000000000002e-06 21683
1649062559179 1.0000000000000002e-06 21733
1649062584806 1.0000000000000002e-06 21783
1649062611073 1.0000000000000002e-06 21833
1649062636918 1.0000000000000002e-06 21883
1649062662303 1.0000000000000002e-06 21933
1649062687566 1.0000000000000002e-06 21983
1649062713464 1.0000000000000002e-06 22033
1649062739317 1.0000000000000002e-06 22083
1649062764814 1.0000000000000002e-06 22133
1649062790174 1.0000000000000002e-06 22183
1649062815511 1.0000000000000002e-06 22233
1649062841200 1.0000000000000002e-06 22283
1649062866453 1.0000000000000002e-06 22333
1649062891923 1.0000000000000002e-06 22383
1649062917505 1.0000000000000002e-06 22433
1649062942996 1.0000000000000002e-06 22483
1649062968542 1.0000000000000002e-06 22533
1649062994447 1.0000000000000002e-06 22583
1649063020175 1.0000000000000002e-06 22633
1649063046328 1.0000000000000002e-06 22683
1649063072756 1.0000000000000002e-06 22733
1649063098648 1.0000000000000002e-06 22783
1649063124630 1.0000000000000002e-06 22833
1649063149779 1.0000000000000002e-06 22883
1649063174962 1.0000000000000002e-06 22933
1649063200859 1.0000000000000002e-06 22983
1649063226882 1.0000000000000002e-06 23033
1649063252633 1.0000000000000002e-06 23083
1649063278832 1.0000000000000002e-06 23133
1649063303931 1.0000000000000002e-06 23183
1649063329447 1.0000000000000002e-06 23233
1649063354810 1.0000000000000002e-06 23283
1649063380857 1.0000000000000002e-06 23333
1649063406141 1.0000000000000002e-06 23383
1649063432095 1.0000000000000002e-06 23433
1649063590954 1.0000000000000002e-06 23437
