1649050366023 0.9 50
1649050391238 0.9 100
1649050416888 0.9 150
1649050441889 0.9 200
1649050467486 0.9 250
1649050493326 0.9 300
1649050519096 0.9 350
1649050545325 0.9 400
1649050570981 0.9 450
1649050597191 0.9 500
1649050623453 0.9 550
1649050648739 0.9 600
1649050674975 0.9 650
1649050700791 0.9 700
1649050726901 0.9 750
1649050752248 0.9 800
1649050777807 0.9 850
1649050803149 0.9 900
1649050829226 0.9 950
1649050854995 0.9 1000
1649050881279 0.9 1050
1649050906962 0.9 1100
1649050932361 0.9 1150
1649050958422 0.9 1200
1649050984363 0.9 1250
1649051009947 0.9 1300
1649051036360 0.9 1350
1649051062362 0.9 1400
1649051088594 0.9 1450
1649051113966 0.9 1500
1649051140075 0.9 1550
1649051165850 0.9 1600
1649051191279 0.9 1650
1649051217573 0.9 1700
1649051242777 0.9 1750
1649051268246 0.9 1800
1649051293980 0.9 1850
1649051319929 0.9 1900
1649051345577 0.9 1950
1649051440576 0.9 1954
1649051468954 0.9 2003
1649051495148 0.9 2053
1649051520843 0.9 2103
1649051546361 0.9 2153
1649051572897 0.9 2203
1649051598607 0.9 2253
1649051623942 0.9 2303
1649051649773 0.9 2353
1649051675662 0.9 2403
1649051701354 0.9 2453
1649051727681 0.9 2503
1649051753514 0.9 2553
1649051779416 0.9 2603
1649051805415 0.9 2653
1649051831455 0.9 2703
1649051857309 0.9 2753
1649051883056 0.9 2803
1649051908842 0.9 2853
1649051934747 0.9 2903
1649051961041 0.9 2953
1649051986523 0.9 3003
1649052012078 0.9 3053
1649052037238 0.9 3103
1649052062387 0.9 3153
1649052087693 0.9 3203
1649052113440 0.9 3253
1649052138926 0.9 3303
1649052164590 0.9 3353
1649052190334 0.9 3403
1649052216215 0.9 3453
1649052242030 0.9 3503
1649052267934 0.9 3553
1649052293384 0.9 3603
1649052319009 0.9 3653
1649052344608 0.9 3703
1649052370401 0.9 3753
1649052396065 0.9 3803
1649052421922 0.9 3853
1649052447617 0.9 3903
1649052544353 0.9 3907
1649052572797 0.9 3956
1649052599094 0.9 4006
1649052624624 0.9 4056
1649052650531 0.9 4106
1649052676657 0.9 4156
1649052702088 0.9 4206
1649052727716 0.9 4256
1649052753726 0.9 4306
1649052779101 0.9 4356
1649052804711 0.9 4406
1649052829865 0.9 4456
1649052855430 0.9 4506
1649052880814 0.9 4556
1649052906829 0.9 4606
1649052932159 0.9 4656
1649052958120 0.9 4706
1649052984230 0.9 4756
1649053009849 0.9 4806
1649053035595 0.9 4856
1649053061172 0.9 4906
1649053087252 0.9 4956
1649053112856 0.9 5006
1649053139054 0.9 5056
1649053164300 0.9 5106
1649053190029 0.9 5156
1649053215858 0.9 5206
1649053241631 0.9 5256
1649053267196 0.9 5306
1649053292663 0.9 5356
1649053317962 0.9 5406
1649053343547 0.9 5456
1649053369324 0.9 5506
1649053394535 0.9 5556
1649053420716 0.9 5606
1649053447096 0.9 5656
1649053473337 0.9 5706
1649053498849 0.9 5756
1649053524348 0.9 5806
1649053549886 0.9 5856
1649053645772 0.9 5860
1649053674126 0.9 5909
1649053699391 0.9 5959
1649053725332 0.9 6009
1649053750449 0.9 6059
1649053775831 0.9 6109
1649053801468 0.9 6159
1649053827852 0.9 6209
1649053853506 0.9 6259
1649053878779 0.9 6309
1649053904299 0.9 6359
1649053929950 0.9 6409
1649053955876 0.9 6459
1649053981300 0.9 6509
1649054007081 0.9 6559
1649054033375 0.9 6609
1649054059673 0.9 6659
1649054085253 0.9 6709
1649054110847 0.9 6759
1649054136100 0.9 6809
1649054161774 0.9 6859
1649054187897 0.9 6909
1649054214012 0.9 6959
1649054240115 0.9 7009
1649054265634 0.9 7059
1649054291360 0.9 7109
1649054316560 0.9 7159
1649054342338 0.9 7209
1649054367589 0.9 7259
1649054393690 0.9 7309
1649054418853 0.9 7359
1649054445060 0.9 7409
1649054470352 0.9 7459
1649054495327 0.9 7509
1649054520821 0.9 7559
1649054546696 0.9 7609
1649054572409 0.9 7659
1649054598246 0.9 7709
1649054624109 0.9 7759
1649054649804 0.9 7809
1649054747150 0.9 7813
1649054775493 0.9 7862
1649054800955 0.9 7912
1649054826509 0.9 7962
1649054852104 0.9 8012
1649054877693 0.9 8062
1649054903070 0.9 8112
1649054929191 0.9 8162
1649054954592 0.9 8212
1649054980755 0.9 8262
1649055007107 0.9 8312
1649055032796 0.9 8362
1649055058455 0.9 8412
1649055083625 0.9 8462
1649055108809 0.9 8512
1649055135251 0.9 8562
1649055161269 0.9 8612
1649055186608 0.9 8662
1649055212087 0.9 8712
1649055238076 0.9 8762
1649055263809 0.9 8812
1649055289568 0.9 8862
1649055315304 0.9 8912
1649055341521 0.9 8962
1649055366944 0.9 9012
1649055392301 0.9 9062
1649055418286 0.9 9112
1649055444375 0.9 9162
1649055470133 0.9 9212
1649055496232 0.9 9262
1649055521563 0.9 9312
1649055547344 0.9 9362
1649055574474 0.9 9412
1649055600447 0.9 9462
1649055626518 0.9 9512
1649055652292 0.9 9562
1649055677761 0.9 9612
1649055703836 0.9 9662
1649055729494 0.9 9712
1649055754848 0.9 9762
1649055851046 0.9 9766
1649055879593 0.9 9815
1649055905278 0.9 9865
1649055930880 0.9 9915
1649055956217 0.9 9965
1649055981926 0.9 10015
1649056007015 0.9 10065
1649056032263 0.9 10115
1649056057894 0.9 10165
1649056083434 0.9 10215
1649056108666 0.9 10265
1649056134075 0.9 10315
1649056159554 0.9 10365
1649056185014 0.9 10415
1649056210470 0.9 10465
1649056235770 0.9 10515
1649056261324 0.9 10565
1649056286390 0.9 10615
1649056311954 0.9 10665
1649056337447 0.9 10715
1649056363294 0.9 10765
1649056388708 0.9 10815
1649056414288 0.9 10865
1649056439805 0.9 10915
1649056465420 0.9 10965
1649056490849 0.9 11015
1649056516151 0.9 11065
1649056542053 0.9 11115
1649056568284 0.9 11165
1649056594220 0.9 11215
1649056620177 0.9 11265
1649056646350 0.9 11315
1649056671727 0.9 11365
1649056697373 0.9 11415
1649056722797 0.9 11465
1649056748390 0.9 11515
1649056773750 0.9 11565
1649056799691 0.9 11615
1649056825395 0.9 11665
1649056850885 0.9 11715
1649056947602 0.9 11719
1649056975536 0.9 11768
1649057001283 0.9 11818
1649057026797 0.9 11868
1649057052324 0.9 11918
1649057077771 0.9 11968
1649057103057 0.9 12018
1649057128469 0.9 12068
1649057154309 0.9 12118
1649057179793 0.9 12168
1649057205875 0.9 12218
1649057231693 0.9 12268
1649057257325 0.9 12318
1649057282450 0.9 12368
1649057307909 0.9 12418
1649057333560 0.9 12468
1649057359100 0.9 12518
1649057384670 0.9 12568
1649057410393 0.9 12618
1649057435855 0.9 12668
1649057461482 0.9 12718
1649057486922 0.9 12768
1649057512728 0.9 12818
1649057538475 0.9 12868
1649057564050 0.9 12918
1649057589473 0.9 12968
1649057615226 0.9 13018
1649057641158 0.9 13068
1649057666781 0.9 13118
1649057692279 0.9 13168
1649057718283 0.9 13218
1649057743808 0.9 13268
1649057769204 0.9 13318
1649057794798 0.9 13368
1649057820732 0.9 13418
1649057846425 0.9 13468
1649057872290 0.9 13518
1649057897986 0.9 13568
1649057923283 0.9 13618
1649057948876 0.9 13668
1649058045271 0.9 13672
1649058073301 0.9 13721
1649058098847 0.9 13771
1649058124436 0.9 13821
1649058149903 0.9 13871
1649058175783 0.9 13921
1649058200964 0.9 13971
1649058226284 0.9 14021
1649058252412 0.9 14071
1649058278468 0.9 14121
1649058303483 0.9 14171
1649058329289 0.9 14221
1649058354425 0.9 14271
1649058380603 0.9 14321
1649058405815 0.9 14371
1649058430757 0.9 14421
1649058456198 0.9 14471
1649058481887 0.9 14521
1649058507763 0.9 14571
1649058533485 0.9 14621
1649058558791 0.9 14671
1649058584531 0.9 14721
1649058610041 0.9 14771
1649058635404 0.9 14821
1649058661041 0.9 14871
1649058686377 0.9 14921
1649058712211 0.9 14971
1649058737736 0.9 15021
1649058763038 0.9 15071
1649058788460 0.9 15121
1649058814618 0.9 15171
1649058841002 0.9 15221
1649058866285 0.9 15271
1649058891730 0.9 15321
1649058917543 0.9 15371
1649058943082 0.9 15421
1649058968669 0.9 15471
1649058994739 0.9 15521
1649059020557 0.9 15571
1649059046044 0.9 15621
1649059142819 0.9 15625
1649059171415 0.9 15674
1649059196753 0.9 15724
1649059222831 0.9 15774
1649059248637 0.9 15824
1649059274536 0.9 15874
1649059300591 0.9 15924
1649059325990 0.9 15974
1649059351279 0.9 16024
1649059376972 0.9 16074
1649059402817 0.9 16124
1649059428819 0.9 16174
1649059454381 0.9 16224
1649059479850 0.9 16274
1649059505541 0.9 16324
1649059531687 0.9 16374
1649059557597 0.9 16424
1649059583363 0.9 16474
1649059609245 0.9 16524
1649059634692 0.9 16574
1649059660121 0.9 16624
1649059685920 0.9 16674
1649059711948 0.9 16724
1649059737789 0.9 16774
1649059762991 0.9 16824
1649059788877 0.9 16874
1649059814821 0.9 16924
1649059840105 0.9 16974
1649059865848 0.9 17024
1649059891352 0.9 17074
1649059916994 0.9 17124
1649059942928 0.9 17174
1649059968695 0.9 17224
1649059994224 0.9 17274
1649060020074 0.9 17324
1649060045308 0.9 17374
1649060071299 0.9 17424
1649060097285 0.9 17474
1649060122538 0.9 17524
1649060148170 0.9 17574
1649060243485 0.9 17578
1649060271965 0.9 17627
1649060297388 0.9 17677
1649060322995 0.9 17727
1649060348448 0.9 17777
1649060374795 0.9 17827
1649060400022 0.9 17877
1649060426031 0.9 17927
1649060451399 0.9 17977
1649060476855 0.9 18027
1649060502038 0.9 18077
1649060527366 0.9 18127
1649060552964 0.9 18177
1649060579423 0.9 18227
1649060605166 0.9 18277
1649060630492 0.9 18327
1649060656283 0.9 18377
1649060681984 0.9 18427
1649060707388 0.9 18477
1649060733212 0.9 18527
1649060759131 0.9 18577
1649060784309 0.9 18627
1649060809632 0.9 18677
1649060835067 0.9 18727
1649060860561 0.9 18777
1649060886169 0.9 18827
1649060911341 0.9 18877
1649060936412 0.9 18927
1649060962007 0.9 18977
1649060987392 0.9 19027
1649061012927 0.9 19077
1649061038531 0.9 19127
1649061063336 0.9 19177
1649061088842 0.9 19227
1649061114887 0.9 19277
1649061140511 0.9 19327
1649061166151 0.9 19377
1649061192417 0.9 19427
1649061218098 0.9 19477
1649061242888 0.9 19527
1649061338843 0.9 19531
1649061366524 0.9 19580
1649061391775 0.9 19630
1649061417387 0.9 19680
1649061442561 0.9 19730
1649061468121 0.9 19780
1649061493729 0.9 19830
1649061519477 0.9 19880
1649061544999 0.9 19930
1649061570329 0.9 19980
1649061595641 0.9 20030
1649061620942 0.9 20080
1649061646518 0.9 20130
1649061671870 0.9 20180
1649061697667 0.9 20230
1649061723281 0.9 20280
1649061748832 0.9 20330
1649061774293 0.9 20380
1649061800319 0.9 20430
1649061825115 0.9 20480
1649061850374 0.9 20530
1649061875820 0.9 20580
1649061901381 0.9 20630
1649061927255 0.9 20680
1649061952842 0.9 20730
1649061978578 0.9 20780
1649062003953 0.9 20830
1649062029367 0.9 20880
1649062055114 0.9 20930
1649062080544 0.9 20980
1649062105866 0.9 21030
1649062130791 0.9 21080
1649062155860 0.9 21130
1649062181181 0.9 21180
1649062206875 0.9 21230
1649062232394 0.9 21280
1649062257597 0.9 21330
1649062282982 0.9 21380
1649062308207 0.9 21430
1649062333447 0.9 21480
1649062428689 0.9 21484
1649062456738 0.9 21533
1649062482743 0.9 21583
1649062507901 0.9 21633
1649062533512 0.9 21683
1649062559179 0.9 21733
1649062584806 0.9 21783
1649062611073 0.9 21833
1649062636918 0.9 21883
1649062662303 0.9 21933
1649062687566 0.9 21983
1649062713464 0.9 22033
1649062739317 0.9 22083
1649062764814 0.9 22133
1649062790174 0.9 22183
1649062815511 0.9 22233
1649062841200 0.9 22283
1649062866453 0.9 22333
1649062891923 0.9 22383
1649062917505 0.9 22433
1649062942996 0.9 22483
1649062968542 0.9 22533
1649062994447 0.9 22583
1649063020175 0.9 22633
1649063046328 0.9 22683
1649063072756 0.9 22733
1649063098648 0.9 22783
1649063124630 0.9 22833
1649063149779 0.9 22883
1649063174962 0.9 22933
1649063200859 0.9 22983
1649063226882 0.9 23033
1649063252633 0.9 23083
1649063278832 0.9 23133
1649063303931 0.9 23183
1649063329447 0.9 23233
1649063354810 0.9 23283
1649063380857 0.9 23333
1649063406141 0.9 23383
1649063432095 0.9 23433
1649063590954 0.9 23437
