1649243001405 8.102545738220215 50
1649243206096 8.369802379608155 100
1649243413522 9.336171655654907 150
1649243622539 14.391941919326783 200
1649243831024 18.74661506652832 250
1649244038259 16.774501094818117 300
1649244246130 15.262269496917725 350
1649244454163 15.151935720443726 400
1649244662331 15.76614761352539 450
1649244870550 15.546520767211915 500
1649245079332 14.109093208312988 550
1649245288009 13.87643681526184 600
1649246422992 15.180791130065918 661
1649246623970 14.737884101867676 711
1649246833727 14.28858341217041 761
1649247043280 14.397311744689942 811
1649247252887 15.484105358123779 861
1649247462700 16.02572540283203 911
1649247672424 16.43393180847168 961
1649247882384 14.884564323425293 1011
1649248092235 16.063986625671387 1061
1649248302291 16.306041164398195 1111
1649248512444 16.201965198516845 1161
1649248722724 16.483069248199463 1211
1649249874143 16.64585754394531 1272
1649250062727 16.674963512420653 1322
1649250272926 15.4713014793396 1372
1649250483428 16.850149154663086 1422
1649250693811 16.506366443634032 1472
1649250904484 15.744930591583252 1522
1649251115080 15.111912117004394 1572
1649251325891 16.919580516815184 1622
1649251536615 16.38257019042969 1672
1649251747463 16.520554752349852 1722
1649251958481 17.29465425491333 1772
1649252169414 14.862137451171876 1822
1649253337979 15.968246440887452 1883
1649253529809 16.333210124969483 1933
1649253745024 16.30318998336792 1983
1649253960026 16.115399227142333 2033
1649254174918 17.30686511993408 2083
1649254389548 16.077583465576172 2133
1649254604653 16.28672592163086 2183
1649254819524 15.856865215301514 2233
1649255034436 17.572652225494384 2283
1649255250035 16.75519311904907 2333
1649255465581 17.14884912490845 2383
1649255680376 17.403424377441407 2433
1649256838726 17.256573963165284 2494
1649257023951 17.57341495513916 2544
1649257235830 16.243403873443604 2594
1649257447842 15.611744899749755 2644
1649257659615 16.734086132049562 2694
1649257871422 16.62715665817261 2744
1649258083196 16.698778228759764 2794
1649258294910 15.473894348144531 2844
1649258506713 16.498972816467287 2894
1649258718560 14.96182783126831 2944
1649258930522 16.640783767700196 2994
1649259142454 16.526774997711183 3044
1649260310295 16.472197380065918 3105
1649260502754 16.300775928497316 3155
1649260718311 15.47924732208252 3205
1649260933838 16.76815896987915 3255
1649261150009 16.04312381744385 3305
1649261365548 15.475040397644044 3355
1649261581026 16.497158660888672 3405
1649261797262 16.33782907485962 3455
1649262013106 16.373948040008546 3505
1649262229078 15.029992847442626 3555
1649262444867 15.999359130859375 3605
1649262660981 15.978415241241455 3655
1649263820761 14.815822734832764 3716
1649264008571 16.070059452056885 3766
1649264224348 16.60774606704712 3816
1649264440644 17.36038667678833 3866
1649264656517 17.315307693481444 3916
1649264873219 14.37005693435669 3966
1649265089294 16.043767642974853 4016
1649265305446 16.70045269012451 4066
1649265521566 16.43424638748169 4116
1649265737475 15.341451683044433 4166
1649265953405 16.399908275604247 4216
1649266170011 15.518828849792481 4266
1649267340890 16.08399621963501 4327
1649267531320 15.56493522644043 4377
1649267747964 14.534284420013428 4427
1649267963663 15.376008319854737 4477
1649268179891 14.909346122741699 4527
1649268396000 15.728278331756592 4577
1649268611666 16.239971389770506 4627
1649268823450 15.589714603424072 4677
1649269035841 15.426234035491943 4727
1649269248815 16.63066394805908 4777
1649269461943 15.208153877258301 4827
1649269675151 15.837055015563966 4877
1649270840336 15.885506420135497 4938
1649271024408 17.16578405380249 4988
1649271238133 16.407264232635498 5038
1649271452061 15.09361078262329 5088
1649271665226 16.69184492111206 5138
1649271878783 15.387969493865967 5188
1649272092564 15.823455791473389 5238
1649272306699 15.689116497039794 5288
1649272520624 14.918828639984131 5338
1649272734472 14.690563793182372 5388
1649272948023 16.472125034332276 5438
1649273159803 14.775107307434082 5488
1649274314642 15.493454627990722 5549
1649274502798 15.498403091430664 5599
1649274714942 14.851279811859131 5649
1649274926409 14.229476432800293 5699
1649275138411 16.14192720413208 5749
1649275350056 15.253285121917724 5799
1649275561876 15.781028728485108 5849
1649275773983 17.128604621887206 5899
1649275985760 15.833254165649414 5949
1649276197976 15.773638153076172 5999
1649276409423 15.446196556091309 6049
1649276621339 15.925430812835693 6099
1649277767220 15.502377643585206 6160
1649277957484 15.987542495727538 6210
1649278168884 15.751889972686767 6260
1649278380479 15.37387056350708 6310
1649278592082 14.655217552185059 6360
1649278803828 15.638071212768555 6410
1649279015527 15.283213958740234 6460
1649279227197 15.29501401901245 6510
1649279439083 15.111399021148681 6560
1649279650618 16.010493812561034 6610
1649279862180 15.278400745391846 6660
1649280073648 15.03646183013916 6710
1649281220914 15.297354869842529 6771
1649281421688 15.40420373916626 6821
1649281635999 16.446702270507814 6871
1649281850527 15.717131748199463 6921
1649282065135 15.288780021667481 6971
1649282279632 15.574747943878174 7021
1649282494088 15.608615226745606 7071
1649282708794 16.389144897460938 7121
1649282923453 15.422747058868408 7171
1649283138252 16.134438362121582 7221
1649283352823 14.817031631469726 7271
1649283567602 14.28663589477539 7321
1649284714466 14.607214603424072 7382
1649284916464 16.649228668212892 7432
1649285128343 14.813251552581788 7482
1649285339869 15.839317855834961 7532
1649285551409 14.952002353668213 7582
1649285763998 15.183615989685059 7632
1649285976277 16.19328369140625 7682
1649286189007 16.513492221832276 7732
1649286401192 16.0466884803772 7782
1649286613131 14.362034015655517 7832
1649286825545 14.575590534210205 7882
1649287037679 15.207236442565918 7932
1649288175956 16.131256771087646 7993
1649288381942 14.956886348724366 8043
1649288596516 16.167353515625 8093
1649288811407 14.592744235992432 8143
1649289026143 14.59175214767456 8193
1649289241315 14.985224952697754 8243
1649289456374 15.697782573699952 8293
1649289671201 16.52955644607544 8343
1649289885952 15.798461799621583 8393
1649290100674 15.354001216888427 8443
1649290315229 15.77814775466919 8493
1649290530113 16.338622722625733 8543
1649291666161 15.276517219543457 8604
1649291875318 16.07011182785034 8654
1649292088440 15.04036720275879 8704
1649292301014 15.225241203308105 8754
1649292514172 16.106419582366943 8804
1649292726823 15.543125171661377 8854
1649292940077 16.43482597351074 8904
1649293153518 15.287720603942871 8954
1649293367007 15.035344505310059 9004
1649293580201 15.269743976593018 9054
