1649243001405 0.7344332563877106 50
1649243206096 0.7247004354000092 100
1649243413522 0.7040827810764313 150
1649243622539 0.6717124629020691 200
1649243831024 0.6286676239967346 250
1649244038259 0.5761831104755402 300
1649244246130 0.5440750384330749 350
1649244454163 0.5357717621326447 400
1649244662331 0.5267407709360122 450
1649244870550 0.519013906121254 500
1649245079332 0.5178201311826706 550
1649245288009 0.5143554943799973 600
1649246422992 0.5051027446985245 661
1649246623970 0.5065350347757339 711
1649246833727 0.49797801554203036 761
1649247043280 0.49783047795295715 811
1649247252887 0.4911234170198441 861
1649247462700 0.4872453314065933 911
1649247672424 0.49085465729236605 961
1649247882384 0.4854952996969223 1011
1649248092235 0.4743057382106781 1061
1649248302291 0.47545898258686065 1111
1649248512444 0.47129772901535033 1161
1649248722724 0.4702721107006073 1211
1649249874143 0.4613171911239624 1272
1649250062727 0.4555551445484161 1322
1649250272926 0.4574077814817429 1372
1649250483428 0.4520112782716751 1422
1649250693811 0.45351703703403473 1472
1649250904484 0.45210048258304597 1522
1649251115080 0.4503413885831833 1572
1649251325891 0.439428773522377 1622
1649251536615 0.43103579580783846 1672
1649251747463 0.42525058686733247 1722
1649251958481 0.4231075590848923 1772
1649252169414 0.4283733731508255 1822
1649253337979 0.4178057157993317 1883
1649253529809 0.4151217943429947 1933
1649253745024 0.4050174480676651 1983
1649253960026 0.4085531795024872 2033
1649254174918 0.3996022391319275 2083
1649254389548 0.4003609228134155 2133
1649254604653 0.39419067740440367 2183
1649254819524 0.38703076899051664 2233
1649255034436 0.3777173686027527 2283
1649255250035 0.3838116157054901 2333
1649255465581 0.3763719832897186 2383
1649255680376 0.37537533819675445 2433
1649256838726 0.3696666395664215 2494
1649257023951 0.36045366048812866 2544
1649257235830 0.3643286246061325 2594
1649257447842 0.36847082257270813 2644
1649257659615 0.3551456743478775 2694
1649257871422 0.3546967548131943 2744
1649258083196 0.35792490661144255 2794
1649258294910 0.35172560036182404 2844
1649258506713 0.3493624633550644 2894
1649258718560 0.35831601679325104 2944
1649258930522 0.34667126953601834 2994
1649259142454 0.3471855056285858 3044
1649260310295 0.3403656828403473 3105
1649260502754 0.3392279529571533 3155
1649260718311 0.3458200854063034 3205
1649260933838 0.34034473717212677 3255
1649261150009 0.33276345670223234 3305
1649261365548 0.3332392036914825 3355
1649261581026 0.331084423661232 3405
1649261797262 0.3268523722887039 3455
1649262013106 0.3251627594232559 3505
1649262229078 0.33740209460258486 3555
1649262444867 0.331242955327034 3605
1649262660981 0.32044846296310425 3655
1649263820761 0.32700459271669385 3716
1649264008571 0.32473828494548795 3766
1649264224348 0.3166166210174561 3816
1649264440644 0.31802739709615707 3866
1649264656517 0.3197276881337166 3916
1649264873219 0.32551009833812716 3966
1649265089294 0.319914408326149 4016
1649265305446 0.3155268436670303 4066
1649265521566 0.3251302629709244 4116
1649265737475 0.31908119916915895 4166
1649265953405 0.3089782938361168 4216
1649266170011 0.3152830815315247 4266
1649267340890 0.3075607696175575 4327
1649267531320 0.3084436362981796 4377
1649267747964 0.31315174043178556 4427
1649267963663 0.3118014085292816 4477
1649268179891 0.30660379528999326 4527
1649268396000 0.3108137395977974 4577
1649268611666 0.3095127373933792 4627
1649268823450 0.3084522819519043 4677
1649269035841 0.31391596525907517 4727
1649269248815 0.30592426866292954 4777
1649269461943 0.30896430522203444 4827
1649269675151 0.3050283455848694 4877
1649270840336 0.3020056468248367 4938
1649271024408 0.2966180741786957 4988
1649271238133 0.3017185950279236 5038
1649271452061 0.30810475736856463 5088
1649271665226 0.30102063924074174 5138
1649271878783 0.3039229851961136 5188
1649272092564 0.2946690982580185 5238
1649272306699 0.2998193886876106 5288
1649272520624 0.29755582332611086 5338
1649272734472 0.30191030591726303 5388
1649272948023 0.3014730566740036 5438
1649273159803 0.3003634458780289 5488
1649274314642 0.2923584562540054 5549
1649274502798 0.3019594731926918 5599
1649274714942 0.30494207233190535 5649
1649274926409 0.3025158554315567 5699
1649275138411 0.2903049322962761 5749
1649275350056 0.2895786091685295 5799
1649275561876 0.28359790086746217 5849
1649275773983 0.2752781900763512 5899
1649275985760 0.29553361237049103 5949
1649276197976 0.2884087109565735 5999
1649276409423 0.28906199485063555 6049
1649276621339 0.27775094896554947 6099
1649277767220 0.28603506326675415 6160
1649277957484 0.28849518865346907 6210
1649278168884 0.28951302021741865 6260
1649278380479 0.28601234436035156 6310
1649278592082 0.2925380343198776 6360
1649278803828 0.2855724123120308 6410
1649279015527 0.2898424592614174 6460
1649279227197 0.2808361813426018 6510
1649279439083 0.2880907580256462 6560
1649279650618 0.2858649122714996 6610
1649279862180 0.2837700489163399 6660
1649280073648 0.2884371492266655 6710
1649281220914 0.2826121070981026 6771
1649281421688 0.28287252396345136 6821
1649281635999 0.2711665815114975 6871
1649281850527 0.2866581183671951 6921
1649282065135 0.2835968190431595 6971
1649282279632 0.2757157301902771 7021
1649282494088 0.28293515235185623 7071
1649282708794 0.2792173781991005 7121
1649282923453 0.2761157274246216 7171
1649283138252 0.27712131559848785 7221
1649283352823 0.28026316314935684 7271
1649283567602 0.2863809034228325 7321
1649284714466 0.2752534392476082 7382
1649284916464 0.27126692414283754 7432
1649285128343 0.278476824760437 7482
1649285339869 0.27450999230146406 7532
1649285551409 0.27736359179019926 7582
1649285763998 0.2744694620370865 7632
1649285976277 0.2690506362915039 7682
1649286189007 0.27354770839214326 7732
1649286401192 0.2724497452378273 7782
1649286613131 0.28335996001958846 7832
1649286825545 0.2816863951086998 7882
1649287037679 0.27086940258741377 7932
1649288175956 0.2670087605714798 7993
1649288381942 0.2716088530421257 8043
1649288596516 0.2731426626443863 8093
1649288811407 0.272226065993309 8143
1649289026143 0.2752045658230782 8193
1649289241315 0.27041742861270907 8243
1649289456374 0.2633982226252556 8293
1649289671201 0.2689068293571472 8343
1649289885952 0.27631088107824325 8393
1649290100674 0.27140455275774 8443
1649290315229 0.2712354952096939 8493
1649290530113 0.2625869828462601 8543
1649291666161 0.2669799128174782 8604
1649291875318 0.262382929623127 8654
1649292088440 0.27269807368516924 8704
1649292301014 0.2722582906484604 8754
1649292514172 0.26747682750225066 8804
1649292726823 0.27265246778726576 8854
1649292940077 0.2566163024306297 8904
1649293153518 0.26823157727718355 8954
1649293367007 0.2711253499984741 9004
1649293580201 0.26417931079864504 9054
