1649243001405 0.1389531584084034 50
1649243206096 0.15126038655638696 100
1649243413522 0.1901046133041382 150
1649243622539 0.32297496646642687 200
1649243831024 0.4595631396770477 250
1649244038259 0.4316803216934204 300
1649244246130 0.42089506804943083 350
1649244454163 0.4185495012998581 400
1649244662331 0.4514016079902649 450
1649244870550 0.4638887721300125 500
1649245079332 0.431273540854454 550
1649245288009 0.43116145849227905 600
1649246422992 0.4600736838579178 661
1649246623970 0.4452692502737045 711
1649246833727 0.44851737082004545 761
1649247043280 0.44413777768611906 811
1649247252887 0.45940206706523895 861
1649247462700 0.45520578145980833 911
1649247672424 0.4742864382266998 961
1649247882384 0.4646372729539871 1011
1649248092235 0.47776763677597045 1061
1649248302291 0.48683821976184843 1111
1649248512444 0.5079599303007126 1161
1649248722724 0.47502329111099245 1211
1649249874143 0.5010748714208603 1272
1649250062727 0.5039679437875748 1322
1649250272926 0.4966828638315201 1372
1649250483428 0.5007409763336181 1422
1649250693811 0.49491138696670534 1472
1649250904484 0.48048183739185335 1522
1649251115080 0.47950364589691163 1572
1649251325891 0.5190067303180694 1622
1649251536615 0.5157121628522873 1672
1649251747463 0.5118309617042541 1722
1649251958481 0.5311535143852234 1772
1649252169414 0.49828475654125215 1822
1649253337979 0.5084985154867172 1883
1649253529809 0.5122621876001358 1933
1649253745024 0.5250972384214401 1983
1649253960026 0.5197773200273513 2033
1649254174918 0.541623061299324 2083
1649254389548 0.534800243973732 2133
1649254604653 0.5300225168466568 2183
1649254819524 0.5266849690675736 2233
1649255034436 0.5453215670585633 2283
1649255250035 0.5327026534080506 2333
1649255465581 0.5510613626241684 2383
1649255680376 0.5533803015947342 2433
1649256838726 0.5454252481460571 2494
1649257023951 0.567047718167305 2544
1649257235830 0.5287535089254379 2594
1649257447842 0.535282661318779 2644
1649257659615 0.5563707470893859 2694
1649257871422 0.5361376559734344 2744
1649258083196 0.5479207688570022 2794
1649258294910 0.5361560368537903 2844
1649258506713 0.5409230673313141 2894
1649258718560 0.5074604284763337 2944
1649258930522 0.5598081350326538 2994
1649259142454 0.5650825119018554 3044
1649260310295 0.5341221594810486 3105
1649260502754 0.5348713368177413 3155
1649260718311 0.5173163348436356 3205
1649260933838 0.5475144231319428 3255
1649261150009 0.5460008275508881 3305
1649261365548 0.543417204618454 3355
1649261581026 0.5418928986787797 3405
1649261797262 0.5302065420150757 3455
1649262013106 0.5482897502183914 3505
1649262229078 0.5261483281850815 3555
1649262444867 0.527862429022789 3605
1649262660981 0.5494871819019318 3655
1649263820761 0.526099459528923 3716
1649264008571 0.5286319094896317 3766
1649264224348 0.5354253178834916 3816
1649264440644 0.5447499316930771 3866
1649264656517 0.570699844956398 3916
1649264873219 0.5021389359235764 3966
1649265089294 0.5336913746595383 4016
1649265305446 0.5461667716503144 4066
1649265521566 0.5220392870903016 4116
1649265737475 0.5252700322866439 4166
1649265953405 0.5429228121042251 4216
1649266170011 0.536653819680214 4266
1649267340890 0.5287207943201065 4327
1649267531320 0.5169506001472474 4377
1649267747964 0.5074215960502625 4427
1649267963663 0.5233276456594467 4477
1649268179891 0.5147083592414856 4527
1649268396000 0.5102160543203353 4577
1649268611666 0.5211415529251099 4627
1649268823450 0.519440421462059 4677
1649269035841 0.5121928524971008 4727
1649269248815 0.5271605885028839 4777
1649269461943 0.5237074494361877 4827
1649269675151 0.5299724996089935 4877
1649270840336 0.511255521774292 4938
1649271024408 0.5203642410039901 4988
1649271238133 0.5183963412046433 5038
1649271452061 0.5230429375171661 5088
1649271665226 0.5450325721502304 5138
1649271878783 0.5079778558015824 5188
1649272092564 0.5354607748985291 5238
1649272306699 0.5198587393760681 5288
1649272520624 0.5096409356594086 5338
1649272734472 0.5025975799560547 5388
1649272948023 0.5088106262683868 5438
1649273159803 0.508895565867424 5488
1649274314642 0.5004136270284653 5549
1649274502798 0.5243071264028549 5599
1649274714942 0.49727063536643984 5649
1649274926409 0.49094244062900544 5699
1649275138411 0.5136209261417389 5749
1649275350056 0.5002976471185684 5799
1649275561876 0.5122931826114655 5849
1649275773983 0.5382728266716004 5899
1649275985760 0.5260222315788269 5949
1649276197976 0.5177818876504898 5999
1649276409423 0.5036037820577621 6049
1649276621339 0.5247939240932464 6099
1649277767220 0.49878269851207735 6160
1649277957484 0.488312212228775 6210
1649278168884 0.5126565724611283 6260
1649278380479 0.4955382764339447 6310
1649278592082 0.49588343381881717 6360
1649278803828 0.5073270565271377 6410
1649279015527 0.49470238387584686 6460
1649279227197 0.49795023798942567 6510
1649279439083 0.5072637796401978 6560
1649279650618 0.5059223902225495 6610
1649279862180 0.49500666856765746 6660
1649280073648 0.4854083877801895 6710
1649281220914 0.48963508784770965 6771
1649281421688 0.4942265021800995 6821
1649281635999 0.49919757306575774 6871
1649281850527 0.4968227458000183 6921
1649282065135 0.498728786110878 6971
1649282279632 0.4983357208967209 7021
1649282494088 0.4754744303226471 7071
1649282708794 0.5043738621473313 7121
1649282923453 0.48497866034507753 7171
1649283138252 0.4923466324806213 7221
1649283352823 0.5089549225568771 7271
1649283567602 0.4733609622716904 7321
1649284714466 0.46574271500110626 7382
1649284916464 0.5021668291091919 7432
1649285128343 0.47816222548484805 7482
1649285339869 0.5072143709659577 7532
1649285551409 0.478187073469162 7582
1649285763998 0.49099879801273344 7632
1649285976277 0.4867343711853027 7682
1649286189007 0.4957457172870636 7732
1649286401192 0.5030320310592651 7782
1649286613131 0.46819690823554994 7832
1649286825545 0.486172080039978 7882
1649287037679 0.48291663706302645 7932
1649288175956 0.4829997169971466 7993
1649288381942 0.48062833428382873 8043
1649288596516 0.48507945477962494 8093
1649288811407 0.4853762185573578 8143
1649289026143 0.47783520638942717 8193
1649289241315 0.46545130729675294 8243
1649289456374 0.4732380872964859 8293
1649289671201 0.5022585302591324 8343
1649289885952 0.4975397378206253 8393
1649290100674 0.47272430181503294 8443
1649290315229 0.4888059937953949 8493
1649290530113 0.4929442012310028 8543
1649291666161 0.4667121684551239 8604
1649291875318 0.4647655242681503 8654
1649292088440 0.4812499666213989 8704
1649292301014 0.47260413467884066 8754
1649292514172 0.47873590648174286 8804
1649292726823 0.4686500388383865 8854
1649292940077 0.49381125628948214 8904
1649293153518 0.4638382786512375 8954
1649293367007 0.48718194365501405 9004
1649293580201 0.4763155323266983 9054
