1649243001405 2.3732765436172487 50
1649243206096 2.3556245708465577 100
1649243413522 2.3287935066223144 150
1649243622539 2.2826224756240845 200
1649243831024 2.1675697994232177 250
1649244038259 2.03775244474411 300
1649244246130 1.9871797585487365 350
1649244454163 1.9672681307792663 400
1649244662331 1.983971734046936 450
1649244870550 1.9669208717346192 500
1649245079332 1.944436252117157 550
1649245288009 1.9424346470832825 600
1649246422992 1.937187020778656 661
1649246623970 1.9367482709884642 711
1649246833727 1.9071971917152404 761
1649247043280 1.9132238364219665 811
1649247252887 1.8908262491226195 861
1649247462700 1.8763552713394165 911
1649247672424 1.8998822259902954 961
1649247882384 1.8737124156951905 1011
1649248092235 1.8439158153533937 1061
1649248302291 1.8598031616210937 1111
1649248512444 1.8594363164901733 1161
1649248722724 1.831404254436493 1211
1649249874143 1.8188667273521424 1272
1649250062727 1.8005620455741882 1322
1649250272926 1.8020319271087646 1372
1649250483428 1.791910831928253 1422
1649250693811 1.786606023311615 1472
1649250904484 1.7621715116500853 1522
1649251115080 1.7571901082992554 1572
1649251325891 1.7534856748580934 1622
1649251536615 1.7180742239952087 1672
1649251747463 1.692387535572052 1722
1649251958481 1.7000780987739563 1772
1649252169414 1.6925434017181396 1822
1649253337979 1.656046302318573 1883
1649253529809 1.6538365006446838 1933
1649253745024 1.6269896364212035 1983
1649253960026 1.6404845166206359 2033
1649254174918 1.6288454508781434 2083
1649254389548 1.6215713453292846 2133
1649254604653 1.5960721921920777 2183
1649254819524 1.5679302620887756 2233
1649255034436 1.5545362377166747 2283
1649255250035 1.5644360423088073 2333
1649255465581 1.5506035852432252 2383
1649255680376 1.5585811972618102 2433
1649256838726 1.526005003452301 2494
1649257023951 1.5154376077651976 2544
1649257235830 1.4868519115447998 2594
1649257447842 1.508628067970276 2644
1649257659615 1.481874134540558 2694
1649257871422 1.4713798093795776 2744
1649258083196 1.4920826601982116 2794
1649258294910 1.455132601261139 2844
1649258506713 1.4564931631088256 2894
1649258718560 1.452792263031006 2944
1649258930522 1.4683329153060913 2994
1649259142454 1.4690018033981322 3044
1649260310295 1.4168449926376343 3105
1649260502754 1.4130468153953553 3155
1649260718311 1.41868887424469 3205
1649260933838 1.4317807841300965 3255
1649261150009 1.403583719730377 3305
1649261365548 1.3999308705329896 3355
1649261581026 1.3892447996139525 3405
1649261797262 1.3659325265884399 3455
1649262013106 1.3785301876068115 3505
1649262229078 1.4005884957313537 3555
1649262444867 1.3847234797477723 3605
1649262660981 1.3642459988594056 3655
1649263820761 1.3626657819747925 3716
1649264008571 1.362889108657837 3766
1649264224348 1.337467806339264 3816
1649264440644 1.3540804338455201 3866
1649264656517 1.3798709988594056 3916
1649264873219 1.3401788401603698 3966
1649265089294 1.3525121092796326 4016
1649265305446 1.350318512916565 4066
1649265521566 1.357570343017578 4116
1649265737475 1.3400780749320984 4166
1649265953405 1.3215607047080993 4216
1649266170011 1.3351558017730714 4266
1649267340890 1.3082120490074158 4327
1649267531320 1.2930847656726838 4377
1649267747964 1.3027060770988463 4427
1649267963663 1.3087197256088257 4477
1649268179891 1.2876101160049438 4527
1649268396000 1.29660573720932 4577
1649268611666 1.3028073954582213 4627
1649268823450 1.300887804031372 4677
1649269035841 1.3098281264305114 4727
1649269248815 1.298642246723175 4777
1649269461943 1.3100503587722778 4827
1649269675151 1.3002351832389831 4877
1649270840336 1.2759163904190063 4938
1649271024408 1.260469183921814 4988
1649271238133 1.2745692324638367 5038
1649271452061 1.304200863838196 5088
1649271665226 1.2990976119041442 5138
1649271878783 1.2766592240333556 5188
1649272092564 1.2665726256370544 5238
1649272306699 1.2747757577896117 5288
1649272520624 1.2482256817817687 5338
1649272734472 1.2680706810951232 5388
1649272948023 1.2691662788391114 5438
1649273159803 1.265351574420929 5488
1649274314642 1.2343799424171449 5549
1649274502798 1.2817060256004333 5599
1649274714942 1.2636539101600648 5649
1649274926409 1.2496189284324646 5699
1649275138411 1.2331125664710998 5749
1649275350056 1.2212007355690002 5799
1649275561876 1.2146635937690735 5849
1649275773983 1.2073942387104035 5899
1649275985760 1.2654210948944091 5949
1649276197976 1.2330850815773011 5999
1649276409423 1.2239663457870484 6049
1649276621339 1.2067575252056122 6099
1649277767220 1.198138346672058 6160
1649277957484 1.2055386209487915 6210
1649278168884 1.2358836352825164 6260
1649278380479 1.2042430329322815 6310
1649278592082 1.2207128143310546 6360
1649278803828 1.2190655696392059 6410
1649279015527 1.2150314843654633 6460
1649279227197 1.1920932412147522 6510
1649279439083 1.224243881702423 6560
1649279650618 1.2119289457798004 6610
1649279862180 1.199946722984314 6660
1649280073648 1.2016170966625213 6710
1649281220914 1.186639484167099 6771
1649281421688 1.1909040892124176 6821
1649281635999 1.1614383709430696 6871
1649281850527 1.2065129828453065 6921
1649282065135 1.201922950744629 6971
1649282279632 1.1746715331077575 7021
1649282494088 1.1748530423641206 7071
1649282708794 1.1902099657058716 7121
1649282923453 1.166861082315445 7171
1649283138252 1.1769660496711731 7221
1649283352823 1.1962241530418396 7271
1649283567602 1.1848478531837463 7321
1649284714466 1.1400556814670564 7382
1649284916464 1.1626406466960908 7432
1649285128343 1.1650211536884307 7482
1649285339869 1.1738397645950318 7532
1649285551409 1.161502103805542 7582
1649285763998 1.1631318891048432 7632
1649285976277 1.1420428824424744 7682
1649286189007 1.161420304775238 7732
1649286401192 1.1675095319747926 7782
1649286613131 1.1713754057884216 7832
1649286825545 1.1811996006965637 7882
1649287037679 1.1387840580940247 7932
1649288175956 1.1243615174293518 7993
1649288381942 1.1432410430908204 8043
1649288596516 1.1521631371974945 8093
1649288811407 1.1503563976287843 8143
1649289026143 1.1609642815589905 8193
1649289241315 1.1245004975795745 8243
1649289456374 1.1036727166175841 8293
1649289671201 1.1598063170909882 8343
1649289885952 1.1777707350254059 8393
1649290100674 1.1340823674201965 8443
1649290315229 1.1513628947734833 8493
1649290530113 1.1257184827327729 8543
1649291666161 1.1172945261001588 8604
1649291875318 1.098013038635254 8654
1649292088440 1.145854090452194 8704
1649292301014 1.1324189865589143 8754
1649292514172 1.1236778831481933 8804
1649292726823 1.1382835459709169 8854
1649292940077 1.1105547773838043 8904
1649293153518 1.119191825389862 8954
1649293367007 1.1496828651428224 9004
1649293580201 1.108735193014145 9054
