1649243001405 1.4998901343345643 50
1649243206096 1.47966374874115 100
1649243413522 1.4346061158180237 150
1649243622539 1.2879350590705871 200
1649243831024 1.0793390369415283 250
1649244038259 1.0298890149593354 300
1649244246130 1.0222096371650695 350
1649244454163 1.0129468643665314 400
1649244662331 1.005829349756241 450
1649244870550 0.9840181922912598 500
1649245079332 0.9953425717353821 550
1649245288009 0.9969176816940307 600
1649246422992 0.9720105874538422 661
1649246623970 0.9849439990520478 711
1649246833727 0.9607018089294433 761
1649247043280 0.971255589723587 811
1649247252887 0.9403007769584656 861
1649247462700 0.9339041411876678 911
1649247672424 0.9347411227226258 961
1649247882384 0.9235798382759094 1011
1649248092235 0.8918424415588379 1061
1649248302291 0.8975059568881989 1111
1649248512444 0.880178668498993 1161
1649248722724 0.886108865737915 1211
1649249874143 0.8564746701717376 1272
1649250062727 0.8410389566421509 1322
1649250272926 0.8479413044452667 1372
1649250483428 0.8391585743427277 1422
1649250693811 0.8381776034832 1472
1649250904484 0.8295891904830932 1522
1649251115080 0.8273450613021851 1572
1649251325891 0.7950501668453217 1622
1649251536615 0.771326266527176 1672
1649251747463 0.7553059756755829 1722
1649251958481 0.7458170330524445 1772
1649252169414 0.765885260105133 1822
1649253337979 0.7297420680522919 1883
1649253529809 0.726452523469925 1933
1649253745024 0.69687495470047 1983
1649253960026 0.7121540069580078 2033
1649254174918 0.6876201581954956 2083
1649254389548 0.6864101922512055 2133
1649254604653 0.6718590015172958 2183
1649254819524 0.6542145287990571 2233
1649255034436 0.6314973229169846 2283
1649255250035 0.6479217851161957 2333
1649255465581 0.6231702381372451 2383
1649255680376 0.6298255687952041 2433
1649256838726 0.6109131217002869 2494
1649257023951 0.5879362434148788 2544
1649257235830 0.5937697869539261 2594
1649257447842 0.6048745846748352 2644
1649257659615 0.5703577154874802 2694
1649257871422 0.5805454009771347 2744
1649258083196 0.5862369740009308 2794
1649258294910 0.5672509616613388 2844
1649258506713 0.5662076312303543 2894
1649258718560 0.5870158243179321 2944
1649258930522 0.5618535149097442 2994
1649259142454 0.5567337852716446 3044
1649260310295 0.54235715508461 3105
1649260502754 0.5389475220441818 3155
1649260718311 0.5555524611473084 3205
1649260933838 0.5439216202497482 3255
1649261150009 0.524819438457489 3305
1649261365548 0.5232744514942169 3355
1649261581026 0.5162674725055695 3405
1649261797262 0.5088736152648926 3455
1649262013106 0.505077674984932 3505
1649262229078 0.5370380729436874 3555
1649262444867 0.5256180888414383 3605
1649262660981 0.49431035697460174 3655
1649263820761 0.5095617246627807 3716
1649264008571 0.5095189148187638 3766
1649264224348 0.48542585372924807 3816
1649264440644 0.49130309402942657 3866
1649264656517 0.4894434690475464 3916
1649264873219 0.5125298005342483 3966
1649265089294 0.4989063227176666 4016
1649265305446 0.48862489223480227 4066
1649265521566 0.5104007887840271 4116
1649265737475 0.49572685301303865 4166
1649265953405 0.4696595972776413 4216
1649266170011 0.48321891129016875 4266
1649267340890 0.4719305002689362 4327
1649267531320 0.4676905107498169 4377
1649267747964 0.48213275015354157 4427
1649267963663 0.4735906773805618 4477
1649268179891 0.46629796385765077 4527
1649268396000 0.47557595431804656 4577
1649268611666 0.472153103351593 4627
1649268823450 0.47299510598182676 4677
1649269035841 0.4837193065881729 4727
1649269248815 0.46555738627910614 4777
1649269461943 0.4773785960674286 4827
1649269675151 0.465234335064888 4877
1649270840336 0.46265521705150603 4938
1649271024408 0.44348687052726743 4988
1649271238133 0.4544543063640594 5038
1649271452061 0.47305317044258116 5088
1649271665226 0.45304440438747406 5138
1649271878783 0.46475838124752045 5188
1649272092564 0.4364427447319031 5238
1649272306699 0.4550976377725601 5288
1649272520624 0.4410289227962494 5338
1649272734472 0.4635627973079681 5388
1649272948023 0.4588825961947441 5438
1649273159803 0.4560925614833832 5488
1649274314642 0.44160786032676697 5549
1649274502798 0.4554394245147705 5599
1649274714942 0.4614412009716034 5649
1649274926409 0.4561606353521347 5699
1649275138411 0.4291867083311081 5749
1649275350056 0.4313244760036469 5799
1649275561876 0.41877250850200654 5849
1649275773983 0.3938432249426842 5899
1649275985760 0.44386523842811587 5949
1649276197976 0.4268944874405861 5999
1649276409423 0.43130056679248807 6049
1649276621339 0.40421265482902524 6099
1649277767220 0.4133205896615982 6160
1649277957484 0.4287312197685242 6210
1649278168884 0.4337140437960625 6260
1649278380479 0.4226924103498459 6310
1649278592082 0.4322913485765457 6360
1649278803828 0.42616610050201414 6410
1649279015527 0.43048664212226867 6460
1649279227197 0.41330681622028353 6510
1649279439083 0.4288893380761147 6560
1649279650618 0.42014165461063385 6610
1649279862180 0.42117000222206114 6660
1649280073648 0.42777155816555024 6710
1649281220914 0.4143922883272171 6771
1649281421688 0.41380506217479707 6821
1649281635999 0.39107421338558196 6871
1649281850527 0.42303212225437165 6921
1649282065135 0.4195973563194275 6971
1649282279632 0.4006200796365738 7021
1649282494088 0.41644345492124557 7071
1649282708794 0.40661873131990434 7121
1649282923453 0.40576669603586196 7171
1649283138252 0.40749809712171553 7221
1649283352823 0.4070060658454895 7271
1649283567602 0.42510598599910737 7321
1649284714466 0.3990595328807831 7382
1649284916464 0.3892069011926651 7432
1649285128343 0.40838210433721545 7482
1649285339869 0.3921154156327248 7532
1649285551409 0.4059514391422272 7582
1649285763998 0.3976636132597923 7632
1649285976277 0.3862578767538071 7682
1649286189007 0.39212688475847246 7732
1649286401192 0.39202775090932845 7782
1649286613131 0.4198185294866562 7832
1649286825545 0.41334111034870147 7882
1649287037679 0.38499801844358444 7932
1649288175956 0.3743530359864235 7993
1649288381942 0.3910038504004478 8043
1649288596516 0.3939410126209259 8093
1649288811407 0.3927541160583496 8143
1649289026143 0.40792451858520506 8193
1649289241315 0.388631756901741 8243
1649289456374 0.3670364102721214 8293
1649289671201 0.38864095479249955 8343
1649289885952 0.4039201253652573 8393
1649290100674 0.38995351135730744 8443
1649290315229 0.3913214084506035 8493
1649290530113 0.3701873034238815 8543
1649291666161 0.3836024385690689 8604
1649291875318 0.37086459100246427 8654
1649292088440 0.39190604507923127 8704
1649292301014 0.38755656719207765 8754
1649292514172 0.3774651509523392 8804
1649292726823 0.39698103368282317 8854
1649292940077 0.360127218067646 8904
1649293153518 0.38712196856737136 8954
1649293367007 0.39137556821107866 9004
1649293580201 0.3682403361797333 9054
