1648728690085 0.04586799609474838 50
1648728704622 0.048086070760618896 100
1648728718029 0.054810701319947835 150
1648728731446 0.044234394696541134 200
1648728744668 0.044301558495499195 250
1648728758925 0.03710554707795381 300
1648728772150 0.0422880017478019 350
1648728785267 0.04070355415344238 400
1648728798486 0.04378693070728332 450
1648728811461 0.04333129647187889 500
1648728824890 0.03981843480374664 550
1648728837942 0.041459205239079894 600
1648728852027 0.042093408706132325 650
1648728865222 0.04994350862689316 700
1648728878555 0.03172878623940051 750
1648728891560 0.035485721826553344 800
1648728904780 0.03332624528557062 850
1648728918172 0.04565230705775321 900
1648728931820 0.03850496012717485 950
1648728945222 0.04341072818264365 1000
1648728958479 0.04559366500936449 1050
1648728972021 0.04106866089627147 1100
1648728985156 0.041459551635198294 1150
1648728998732 0.03644123633159325 1200
1648729011950 0.037986467089504004 1250
1648729025107 0.04063743173610419 1300
1648729038277 0.03615943615324795 1350
1648729051505 0.03134257782017812 1400
1648729064771 0.046843249145895244 1450
1648729078420 0.03254898465704173 1500
1648729091558 0.03988656340865418 1550
1648729104787 0.0362694077915512 1600
1648729117518 0.03810722457477823 1650
1648729130883 0.03417924380861223 1700
1648729144283 0.04107295741327107 1750
1648729157344 0.04477735010150354 1800
1648729170538 0.04208289820700884 1850
1648729184154 0.029635708855930715 1900
1648729198048 0.031792220387142155 1950
1648729282751 0.027365231157746167 2007
1648729296075 0.038915836391970514 2057
1648729309391 0.029849431826733053 2107
1648729322571 0.042904613239225 2157
1648729335950 0.03763045816682279 2207
1648729349163 0.03294443263206631 2257
1648729362371 0.03039910756982863 2307
1648729375366 0.02924421817297116 2357
1648729388651 0.02988117794506252 2407
1648729402187 0.0374403518543113 2457
1648729415858 0.037630188739858565 2507
1648729429264 0.031215373487211765 2557
1648729442554 0.03610469039995223 2607
1648729455957 0.030591213419102134 2657
1648729469595 0.031570987028535454 2707
1648729483187 0.026669912599027158 2757
1648729496862 0.03600158410088625 2807
1648729509679 0.03546941492939368 2857
1648729522823 0.034323489874368535 2907
1648729536424 0.03185036727692932 2957
1648729549933 0.02795262054307386 3007
1648729563507 0.04207947539165616 3057
1648729576532 0.03642101315781474 3107
1648729590054 0.030234366569202392 3157
1648729603048 0.029934595176018774 3207
1648729616500 0.03441211848985404 3257
1648729629820 0.03283456004690379 3307
1648729644301 0.03878052872838453 3357
1648729657269 0.02855361875379458 3407
1648729670663 0.044782736788038166 3457
1648729683593 0.02251627788413316 3507
1648729697162 0.03504822912625968 3557
1648729710584 0.02814022491686046 3607
1648729723873 0.03871671959059313 3657
1648729736945 0.0398362350021489 3707
1648729750044 0.03227774985600263 3757
1648729762997 0.03976640536217019 3807
1648729776570 0.03856741851195693 3857
1648729789910 0.03013703185133636 3907
1648729875775 0.03135918858461082 3964
1648729889179 0.03241105699446052 4014
1648729902691 0.0312667578808032 4064
1648729915917 0.03434536582790315 4114
1648729929476 0.03273780377348885 4164
1648729942570 0.03004739140626043 4214
1648729955406 0.029953635360579937 4264
1648729968195 0.032981175165623426 4314
1648729981758 0.035462035425007345 4364
1648729995622 0.034828667268157004 4414
1648730009581 0.03140161202289164 4464
1648730022829 0.03168511366238817 4514
1648730036570 0.03481375793926418 4564
1648730049504 0.02827183838468045 4614
1648730063776 0.02740565094863996 4664
1648730076762 0.028201556075364353 4714
1648730090177 0.036978610358200964 4764
1648730103594 0.03350153109524399 4814
1648730117939 0.03731606175424531 4864
1648730131644 0.03491030129604042 4914
1648730145802 0.03376032116822898 4964
1648730158930 0.03371585111599416 5014
1648730172380 0.028609313443303107 5064
1648730185730 0.028802061763126403 5114
1648730198840 0.023736040809890255 5164
1648730212053 0.027150849676690996 5214
1648730225112 0.02931143848458305 5264
1648730239106 0.03312891580630094 5314
1648730252223 0.02940580998081714 5364
1648730265692 0.030730441755149513 5414
1648730279467 0.033495329837314784 5464
1648730292675 0.03073079833295196 5514
1648730305481 0.044417730388231574 5564
1648730318084 0.03089447829173878 5614
1648730331296 0.02725848039612174 5664
1648730344582 0.03364123796345666 5714
1648730357473 0.030220028292387725 5764
1648730370732 0.03382958863046952 5814
1648730384176 0.022117438302375378 5864
1648730471979 0.036390444878488776 5921
1648730486680 0.030729385274462402 5971
1648730500226 0.029477126041892916 6021
1648730513884 0.023551440837909467 6071
1648730526717 0.019864898514933883 6121
1648730539819 0.02840117644984275 6171
1648730552970 0.025290242016781123 6221
1648730566381 0.03630132109625265 6271
1648730579622 0.03096184548223391 6321
1648730593075 0.034803810396697374 6371
1648730606971 0.028429888163227588 6421
1648730620098 0.022706152037717402 6471
1648730633393 0.028905235212296248 6521
1648730647025 0.023146395566873253 6571
1648730660902 0.03268163877073675 6621
1648730673813 0.030634592223213984 6671
1648730686890 0.024864874915219843 6721
1648730700804 0.04057530148536898 6771
1648730714351 0.030415924994740634 6821
1648730728090 0.035196973552810956 6871
1648730741414 0.032262162475381044 6921
1648730754492 0.02666412855265662 6971
1648730767428 0.022708350638858975 7021
1648730780196 0.028449858881067484 7071
1648730792877 0.03059090498369187 7121
1648730806243 0.030143037135712803 7171
1648730819575 0.0234496166347526 7221
1648730833125 0.02947184209013358 7271
1648730846447 0.024044065992347895 7321
1648730859724 0.03141432677628472 7371
1648730873022 0.02730141129810363 7421
1648730886303 0.03598984883632511 7471
1648730899721 0.025624990416690707 7521
1648730913057 0.027684252238832415 7571
1648730926472 0.03243424371117726 7621
1648730939689 0.03434461882803589 7671
1648730953011 0.020724229578627275 7721
1648730966552 0.0241476314724423 7771
1648730980133 0.033225151266669854 7821
1648731065465 0.020469224309781566 7878
1648731078603 0.026834803654346616 7928
1648731091871 0.025263910128269344 7978
1648731105231 0.028468990847468376 8028
1648731118200 0.03033250816632062 8078
1648731131803 0.029234675881452857 8128
1648731144842 0.03459200685610995 8178
1648731158833 0.03257156635634601 8228
1648731171766 0.02743546949699521 8278
1648731185584 0.024465308985672892 8328
1648731198905 0.019201652135234327 8378
1648731211689 0.02705841224640608 8428
1648731225412 0.033091253933962436 8478
1648731239487 0.028830972807481883 8528
1648731252893 0.03184894899488427 8578
1648731266095 0.030680954240087887 8628
1648731279380 0.02563799909548834 8678
1648731292629 0.029405952256638557 8728
1648731305760 0.03234430377371609 8778
1648731319535 0.034352309596724806 8828
1648731333079 0.041572478911839426 8878
1648731346240 0.03022658238085569 8928
1648731359544 0.022937905709259212 8978
1648731372644 0.0295274437579792 9028
1648731385866 0.035503309671767055 9078
1648731399133 0.030728574292734265 9128
1648731412378 0.02352889795205556 9178
1648731425609 0.02099570969294291 9228
1648731438922 0.021778455062303692 9278
1648731452830 0.027742332466877996 9328
1648731466097 0.03146797855850309 9378
1648731479615 0.024181554655078798 9428
1648731493502 0.025971578136086464 9478
1648731506894 0.024578126720152794 9528
1648731519988 0.025289489377755672 9578
1648731533596 0.02974589860532433 9628
1648731547034 0.033879634481854735 9678
1648731560526 0.031313001785893 9728
1648731573769 0.026775760875316336 9778
1648731657974 0.027903064710553736 9835
1648731671144 0.025613648700527847 9885
1648731684487 0.024245401609223335 9935
1648731697702 0.02097857495304197 9985
1648731711068 0.02945483391289599 10035
1648731724683 0.02257402562070638 10085
1648731739319 0.031640080180950464 10135
1648731753127 0.03328546573407948 10185
1648731766797 0.028146016837563365 10235
1648731780227 0.025695496825501322 10285
1648731793438 0.025178545804228635 10335
1648731806376 0.031097604976966977 10385
1648731818978 0.03789510054164566 10435
1648731831984 0.025887429509311916 10485
1648731845380 0.024068062405567615 10535
1648731858539 0.022875972045585512 10585
1648731871920 0.023733593822689726 10635
1648731885491 0.02682070042239502 10685
1648731898925 0.031056495364755392 10735
1648731912360 0.028065430485876276 10785
1648731925541 0.027881890991702674 10835
1648731938791 0.025811802543466912 10885
1648731951943 0.02713577013928443 10935
1648731964681 0.028496591232251376 10985
1648731978281 0.022811436478514226 11035
1648731991708 0.02915730860811891 11085
1648732005218 0.02980690818163566 11135
1648732018430 0.03026434249477461 11185
1648732031957 0.022842899155803023 11235
1648732045409 0.02320246011717245 11285
1648732058478 0.027272781253559517 11335
1648732071420 0.02647789622657001 11385
1648732084629 0.03333777890889905 11435
1648732097772 0.032102712087798864 11485
1648732110968 0.025543541328515856 11535
1648732124211 0.022469350508181378 11585
1648732136952 0.024022268319968135 11635
1648732150472 0.021544971773400902 11685
1648732163640 0.025852927705273032 11735
1648732249127 0.02697486727265641 11792
1648732262301 0.030577933360473254 11842
1648732276149 0.04052022014046088 11892
1648732288988 0.0310910228616558 11942
1648732302304 0.0224246669257991 11992
1648732315056 0.027100657541304828 12042
1648732328287 0.03558632942265831 12092
1648732341095 0.023810991975478826 12142
1648732354155 0.027975486678769812 12192
1648732367713 0.02244897438213229 12242
1648732380660 0.025932767348131165 12292
1648732393721 0.029523709826171397 12342
1648732406244 0.024940986691508443 12392
1648732419027 0.03008033496560529 12442
1648732431789 0.02518836736562662 12492
1648732444657 0.022377041331492365 12542
1648732458020 0.022622983140172435 12592
1648732471226 0.024863954314496367 12642
1648732484137 0.026764080673456193 12692
1648732496865 0.024593984128441663 12742
1648732509874 0.034075070596300064 12792
1648732522708 0.026936389757320284 12842
1648732536382 0.023022042450029402 12892
1648732549432 0.026909666985739024 12942
1648732562489 0.028423645969014616 12992
1648732575656 0.02523930528201163 13042
1648732589231 0.024670387583319096 13092
1648732603414 0.025075825373642148 13142
1648732617279 0.027048485813429578 13192
1648732630498 0.022329757149564103 13242
1648732643496 0.02536629367619753 13292
1648732656624 0.02596746226307005 13342
1648732669517 0.031415300690568984 13392
1648732683505 0.032778412513434885 13442
1648732696744 0.031556481576990335 13492
1648732709923 0.030003220112994312 13542
1648732723024 0.025535008899169043 13592
1648732735964 0.022845338105689734 13642
1648732749156 0.02905858206562698 13692
1648732833757 0.02795438231434673 13749
1648732846904 0.021057768517639488 13799
1648732860278 0.027337948447093367 13849
1648732873430 0.027857247501378878 13899
1648732886827 0.024725180006353185 13949
1648732900339 0.027738381477538498 13999
1648732913748 0.022817403834778816 14049
1648732926827 0.027906460858648643 14099
1648732939900 0.027774285827763378 14149
1648732953043 0.02811670701019466 14199
1648732966139 0.02275803610100411 14249
1648732979064 0.03181764698878396 14299
1648732991919 0.023533595583867282 14349
1648733004848 0.02821186327142641 14399
1648733018114 0.028096261860337108 14449
1648733031106 0.026429848726838828 14499
1648733044642 0.025056560199009256 14549
1648733057836 0.02546995741315186 14599
1648733071507 0.025565703832544386 14649
1648733085143 0.025070986116770656 14699
1648733098449 0.02931890591746196 14749
1648733111599 0.021173033320810646 14799
1648733124447 0.026379265658324585 14849
1648733137576 0.02493341913446784 14899
1648733150674 0.02598868786706589 14949
1648733163705 0.02562526030698791 14999
1648733177120 0.02810497271362692 15049
1648733190042 0.02249533382477239 15099
1648733203051 0.028740756716579198 15149
1648733215962 0.032333374969894066 15199
1648733228570 0.01987806089222431 15249
1648733241727 0.026428506633965298 15299
1648733254805 0.026098154890350996 15349
1648733268241 0.027520156337413938 15399
1648733281428 0.028278279410442336 15449
1648733294304 0.02665116051211953 15499
1648733308252 0.03222538505215198 15549
1648733321262 0.030371020906604828 15599
1648733334660 0.024826153208268805 15649
1648733421750 0.021364792878739537 15706
1648733434678 0.024908290614839644 15756
1648733447846 0.02582344951457344 15806
1648733461024 0.020224441059399398 15856
1648733474169 0.02854041953047272 15906
1648733487952 0.024450639812275767 15956
1648733501004 0.021982202084036544 16006
1648733514039 0.024460342000238597 16056
1648733527428 0.025990054211579263 16106
1648733540427 0.024388678484829143 16156
1648733553383 0.02116028838325292 16206
1648733566305 0.022636903587845154 16256
1648733579431 0.02974231361178681 16306
1648733592856 0.015216228885110468 16356
1648733605852 0.024743778998963534 16406
1648733618814 0.019543186821974815 16456
1648733632370 0.024834432935458606 16506
1648733646262 0.020256073961500077 16556
1648733659213 0.02029027961427346 16606
1648733672251 0.02055302681750618 16656
1648733685662 0.025824835593812167 16706
1648733699006 0.01874342770082876 16756
1648733712318 0.027709613956976683 16806
1648733725944 0.019936751502100378 16856
1648733739461 0.028232611347921193 16906
1648733752731 0.021340518961660563 16956
1648733765706 0.019848511912859978 17006
1648733778598 0.020419596605934204 17056
1648733791882 0.027111090422840788 17106
1648733805083 0.02695333451963961 17156
1648733818366 0.02208545731555205 17206
1648733831510 0.0216259883728344 17256
1648733844331 0.02019861294189468 17306
1648733857265 0.02871310390997678 17356
1648733870256 0.018085821985732765 17406
1648733883649 0.027614402663894 17456
1648733896664 0.027413232470862567 17506
1648733909382 0.02120336685096845 17556
1648733922916 0.021814914160058832 17606
1648734007644 0.020626512083690613 17663
1648734020847 0.026816884065046908 17713
1648734034280 0.027294188416562976 17763
1648734047241 0.01874584125354886 17813
1648734060303 0.02080219116527587 17863
1648734073306 0.019914141700137406 17913
1648734085911 0.014116208170889877 17963
1648734098915 0.023380963864619842 18013
1648734111949 0.02179135337588377 18063
1648734125102 0.02166091271908954 18113
1648734138562 0.021936372205382214 18163
1648734151800 0.0241155897337012 18213
1648734165116 0.01779547065962106 18263
1648734178547 0.023575156745500862 18313
1648734191510 0.01683107337797992 18363
1648734204471 0.02256393000949174 18413
1648734217540 0.02275695287331473 18463
1648734230219 0.0219752504338976 18513
1648734243343 0.020476709596114234 18563
1648734256202 0.024672901961021124 18613
1648734269334 0.02433919985895045 18663
1648734282793 0.02238716185791418 18713
1648734295811 0.01976930038566934 18763
1648734308894 0.018895414938451722 18813
1648734322338 0.025521416978444903 18863
1648734335791 0.022860544821014628 18913
1648734348730 0.01952630270039663 18963
1648734362141 0.02264496570220217 19013
1648734375190 0.02538626116234809 19063
1648734388139 0.023330127894878386 19113
1648734401423 0.021337730652885512 19163
1648734414524 0.020331489064265042 19213
1648734427741 0.02661882418906316 19263
1648734440687 0.025113881807774307 19313
1648734453799 0.021299968564417213 19363
1648734467070 0.01817927292024251 19413
1648734480217 0.024996005928842352 19463
1648734493597 0.031058666354510933 19513
1648734506914 0.022220183499157428 19563
1648734591789 0.02301356037496589 19620
1648734604665 0.021392101706005633 19670
1648734618068 0.028498906533932312 19720
1648734631957 0.020372240622527897 19770
1648734644827 0.02045944349549245 19820
1648734657733 0.024070892691379412 19870
1648734670885 0.02746725397184491 19920
1648734684026 0.024852615771233103 19970
1648734697154 0.01957620966772083 20020
1648734710123 0.02581809660885483 20070
1648734723194 0.017573219909099862 20120
1648734736333 0.021651918599382043 20170
1648734749279 0.01901352092856541 20220
1648734762853 0.020219259089790286 20270
1648734776167 0.02781134834513068 20320
1648734789396 0.025120012713596224 20370
1648734802288 0.03132459254935384 20420
1648734815746 0.025098998819012196 20470
1648734828988 0.019901916005183012 20520
1648734841639 0.021599444914609193 20570
1648734854594 0.02556110766425263 20620
1648734867810 0.021870841683121398 20670
1648734880884 0.02266045093187131 20720
1648734894176 0.015639960805419833 20770
1648734907819 0.026023676655022428 20820
1648734921140 0.01673450013389811 20870
1648734934276 0.01795311475289054 20920
1648734947741 0.024411104146856814 20970
1648734960990 0.02123023348627612 21020
1648734973992 0.019275557310320438 21070
1648734987464 0.025033111182274297 21120
1648735000640 0.02049488535267301 21170
1648735013709 0.019047537978040055 21220
1648735027077 0.013334624126437121 21270
1648735040009 0.018083901367499492 21320
1648735052831 0.02316178963636048 21370
1648735065978 0.02314550024631899 21420
1648735078829 0.01871690443600528 21470
1648735092045 0.01996899529127404 21520
1648735177631 0.02236470102565363 21577
1648735191239 0.020118778037140145 21627
1648735204452 0.017054542400874197 21677
1648735217816 0.018649607243132776 21727
1648735230990 0.023721315161092205 21777
1648735243983 0.017949004038237036 21827
1648735256883 0.020032815737649798 21877
1648735270165 0.01791491867857985 21927
1648735283211 0.0216193771106191 21977
1648735296673 0.022212692096363753 22027
1648735309844 0.014021611246280373 22077
1648735322852 0.019899339159019293 22127
1648735336083 0.019214083983097225 22177
1648735349495 0.021386993029736914 22227
1648735362474 0.022404261622577904 22277
1648735375890 0.017948777815909124 22327
1648735388997 0.023434009917546062 22377
1648735402154 0.025093153641792015 22427
1648735415291 0.020126771355280654 22477
1648735428888 0.01908339004032314 22527
1648735442228 0.02146889071969781 22577
1648735455235 0.02487276240484789 22627
1648735468474 0.020082472504582255 22677
1648735481780 0.024574785393197088 22727
1648735494816 0.022944553976412863 22777
1648735508417 0.02156877299770713 22827
1648735521650 0.01751823887345381 22877
1648735535037 0.0244502702599857 22927
1648735548850 0.02516391315846704 22977
1648735562189 0.02473588546621613 23027
1648735576124 0.021525972897652536 23077
1648735589293 0.01848085170640843 23127
1648735602364 0.020902031763398554 23177
1648735615996 0.0262452899874188 23227
1648735628717 0.017896612047916278 23277
1648735641664 0.020349324843846262 23327
1648735655277 0.02743190597742796 23377
1648735668329 0.018166733654215932 23427
1648735681627 0.021957929759519174 23477
