1648728690085 2.7445339250564573 50
1648728704622 1.1159337043762207 100
1648728718029 1.0093249845504761 150
1648728731446 0.8996712249517441 200
1648728744668 0.8536980566382408 250
1648728758925 0.7901861247420311 300
1648728772150 0.8748281264305114 350
1648728785267 0.8814797681570054 400
1648728798486 0.8346376325190067 450
1648728811461 0.8738772687315941 500
1648728824890 0.8121608763933181 550
1648728837942 0.9939142853021622 600
1648728852027 0.8226701265573502 650
1648728865222 1.055420568883419 700
1648728878555 0.8469322603940964 750
1648728891560 0.9778624042868614 800
1648728904780 0.911963871717453 850
1648728918172 1.0207136625051498 900
1648728931820 0.903223275244236 950
1648728945222 0.9047945207357406 1000
1648728958479 0.9845019358396531 1050
1648728972021 0.9754205670952797 1100
1648728985156 1.0604920676350593 1150
1648728998732 0.9147907534241676 1200
1648729011950 1.0007680237293244 1250
1648729025107 0.9136008834838867 1300
1648729038277 0.8359475356340408 1350
1648729051505 0.8666447234153748 1400
1648729064771 1.0160864815115929 1450
1648729078420 0.7914966076612473 1500
1648729091558 0.9392452371120453 1550
1648729104787 0.8515772035717964 1600
1648729117518 0.9100544199347496 1650
1648729130883 0.8322768467664718 1700
1648729144283 0.8675538975000382 1750
1648729157344 0.977131384909153 1800
1648729170538 0.8560763931274414 1850
1648729184154 0.7822784692049026 1900
1648729198048 0.7905203199386597 1950
1648729282751 0.809780375957489 2007
1648729296075 1.0283397781848906 2057
1648729309391 0.7910877013206482 2107
1648729322571 0.8969148671627045 2157
1648729335950 0.9818893074989319 2207
1648729349163 0.8788611906766891 2257
1648729362371 0.9333701160550117 2307
1648729375366 0.8456080037355423 2357
1648729388651 0.8409754690527916 2407
1648729402187 0.8446468988060951 2457
1648729415858 0.9510359093546867 2507
1648729429264 0.9302690288424492 2557
1648729442554 1.0042913103103637 2607
1648729455957 0.9392108350992203 2657
1648729469595 0.9127381974458695 2707
1648729483187 0.7424522563815117 2757
1648729496862 0.8575150367617607 2807
1648729509679 0.8708645302057266 2857
1648729522823 0.9185442441701889 2907
1648729536424 0.8654198563098907 2957
1648729549933 0.7778705713152886 3007
1648729563507 0.9800842568278313 3057
1648729576532 0.9377556414902211 3107
1648729590054 0.9026271840929985 3157
1648729603048 0.7579968538880348 3207
1648729616500 0.8433278357982635 3257
1648729629820 0.877311869263649 3307
1648729644301 0.8734731149673461 3357
1648729657269 0.7929132822155952 3407
1648729670663 0.826770790219307 3457
1648729683593 0.7081321886181832 3507
1648729697162 0.8272432082891464 3557
1648729710584 0.8014751154184342 3607
1648729723873 0.8934780684113502 3657
1648729736945 0.8986513790488243 3707
1648729750044 0.8705203643441201 3757
1648729762997 0.9432760274410248 3807
1648729776570 0.9393970036506653 3857
1648729789910 0.7902592632174492 3907
1648729875775 0.8982027378678322 3964
1648729889179 0.8784495097398758 4014
1648729902691 0.8677976851165294 4064
1648729915917 0.918230082243681 4114
1648729929476 0.7886547020077705 4164
1648729942570 0.7383781351149082 4214
1648729955406 0.8526741987466813 4264
1648729968195 0.7817989748716354 4314
1648729981758 0.8368066596984863 4364
1648729995622 0.8961073733866215 4414
1648730009581 0.8213780885934829 4464
1648730022829 0.8505238446593285 4514
1648730036570 0.850611073821783 4564
1648730049504 0.8544209143519401 4614
1648730063776 0.8651327294111252 4664
1648730076762 0.7833298583328724 4714
1648730090177 0.9354994490742683 4764
1648730103594 0.8961523297429085 4814
1648730117939 0.8951128867268562 4864
1648730131644 0.7582122415304184 4914
1648730145802 0.8203590257465839 4964
1648730158930 0.9839412426948547 5014
1648730172380 0.8798581925034523 5064
1648730185730 0.8184429338574409 5114
1648730198840 0.7762117227911949 5164
1648730212053 0.75407674908638 5214
1648730225112 0.7868055281043053 5264
1648730239106 0.911074791252613 5314
1648730252223 0.739933294057846 5364
1648730265692 0.7395550990104676 5414
1648730279467 0.8991585484147072 5464
1648730292675 0.7373647764325142 5514
1648730305481 0.9609951379895211 5564
1648730318084 0.818273568302393 5614
1648730331296 0.8286409968137741 5664
1648730344582 0.904624716937542 5714
1648730357473 0.7342996278405189 5764
1648730370732 0.8969349971413613 5814
1648730384176 0.7217978405952453 5864
1648730471979 0.844711908698082 5921
1648730486680 0.8740134404599667 5971
1648730500226 0.8204861927032471 6021
1648730513884 0.7410371299088001 6071
1648730526717 0.6821642443537712 6121
1648730539819 0.843397687971592 6171
1648730552970 0.8260642474889756 6221
1648730566381 0.814429660141468 6271
1648730579622 0.817796739935875 6321
1648730593075 0.8328625035285949 6371
1648730606971 0.8113673450052739 6421
1648730620098 0.6331975015997887 6471
1648730633393 0.7388116537034511 6521
1648730647025 0.6802813556790351 6571
1648730660902 0.7974915844202042 6621
1648730673813 0.8010247787833213 6671
1648730686890 0.8184899887442589 6721
1648730700804 0.9568618872761726 6771
1648730714351 0.7623951017856598 6821
1648730728090 0.9151543559134007 6871
1648730741414 0.8417244201898575 6921
1648730754492 0.6728887464851141 6971
1648730767428 0.7748899301886558 7021
1648730780196 0.8215484131872653 7071
1648730792877 0.8022731870412827 7121
1648730806243 0.865679115653038 7171
1648730819575 0.7452936139702797 7221
1648730833125 0.8624001803994179 7271
1648730846447 0.7153006942570209 7321
1648730859724 0.8000844433903694 7371
1648730873022 0.7460367266833782 7421
1648730886303 0.8803275272250175 7471
1648730899721 0.7846147599816322 7521
1648730913057 0.9050049585103989 7571
1648730926472 0.8355361217260361 7621
1648730939689 0.964377503991127 7671
1648730953011 0.8339584770798684 7721
1648730966552 0.869578740298748 7771
1648730980133 0.8622877067327499 7821
1648731065465 0.653544248342514 7878
1648731078603 0.7600068853795529 7928
1648731091871 0.8543639624118805 7978
1648731105231 0.8639843517541885 8028
1648731118200 0.861052142381668 8078
1648731131803 0.8603347977995872 8128
1648731144842 0.7984993907809258 8178
1648731158833 0.8147551520168781 8228
1648731171766 0.8407375937700272 8278
1648731185584 0.7297528599202633 8328
1648731198905 0.6345303416252136 8378
1648731211689 0.8766122674942016 8428
1648731225412 0.8003734003007412 8478
1648731239487 0.7318364289402962 8528
1648731252893 0.7677861025929451 8578
1648731266095 0.7746633140742779 8628
1648731279380 0.6877760884165763 8678
1648731292629 0.7930423884093761 8728
1648731305760 0.6816560673713684 8778
1648731319535 0.8433167783915997 8828
1648731333079 0.8855075432360172 8878
1648731346240 0.8074274077266455 8928
1648731359544 0.7601257225871086 8978
1648731372644 0.8597287137806415 9028
1648731385866 0.9295704177021981 9078
1648731399133 0.857644671201706 9128
1648731412378 0.7779724442958832 9178
1648731425609 0.702451394200325 9228
1648731438922 0.5797737121582032 9278
1648731452830 0.8052375347912312 9328
1648731466097 0.8116882425546647 9378
1648731479615 0.7936137476563454 9428
1648731493502 0.8040438240766525 9478
1648731506894 0.704432902187109 9528
1648731519988 0.8121645414829254 9578
1648731533596 0.7995246280729771 9628
1648731547034 0.9594619849324226 9678
1648731560526 0.8442956870794296 9728
1648731573769 0.6789240427315235 9778
1648731657974 0.7992528150975704 9835
1648731671144 0.8034125956892967 9885
1648731684487 0.7520308741927146 9935
1648731697702 0.6435230213403702 9985
1648731711068 0.8365559542179107 10035
1648731724683 0.694770447164774 10085
1648731739319 0.8289636585116387 10135
1648731753127 0.9154391470551491 10185
1648731766797 0.827186040878296 10235
1648731780227 0.7560293844342232 10285
1648731793438 0.6381642788648605 10335
1648731806376 0.8514284417033195 10385
1648731818978 0.8492034950852394 10435
1648731831984 0.8063998675346374 10485
1648731845380 0.709577232003212 10535
1648731858539 0.7090263971686364 10585
1648731871920 0.7715490539371967 10635
1648731885491 0.7398164309561253 10685
1648731898925 0.8428956371545792 10735
1648731912360 0.7858790026605129 10785
1648731925541 0.800257817208767 10835
1648731938791 0.7424563033878804 10885
1648731951943 0.7971823517978192 10935
1648731964681 0.8492950788140297 10985
1648731978281 0.8177219101786614 11035
1648731991708 0.7910665240883827 11085
1648732005218 0.7769706338644028 11135
1648732018430 0.8473865911364555 11185
1648732031957 0.7983571007847786 11235
1648732045409 0.786524155586958 11285
1648732058478 0.7877603685855865 11335
1648732071420 0.6981685107946396 11385
1648732084629 0.8308864670991898 11435
1648732097772 0.8109036695957184 11485
1648732110968 0.7003721161186696 11535
1648732124211 0.6982044926285744 11585
1648732136952 0.8397690579295158 11635
1648732150472 0.7858206313848496 11685
1648732163640 0.7801322673261165 11735
1648732249127 0.6912730972468853 11792
1648732262301 0.7704835502803326 11842
1648732276149 0.9657992707192897 11892
1648732288988 0.807805088981986 11942
1648732302304 0.7321119624376297 11992
1648732315056 0.8289891722798347 12042
1648732328287 0.7961167992651462 12092
1648732341095 0.7305501881241798 12142
1648732354155 0.7459070560336113 12192
1648732367713 0.6558641728758812 12242
1648732380660 0.730604594051838 12292
1648732393721 0.8440317073464394 12342
1648732406244 0.6750237610936165 12392
1648732419027 0.7202137511968613 12442
1648732431789 0.6444673292338848 12492
1648732444657 0.6585915803909301 12542
1648732458020 0.7566611875593662 12592
1648732471226 0.8424762013554573 12642
1648732484137 0.8025174812972545 12692
1648732496865 0.7035757058858871 12742
1648732509874 0.8866954791545868 12792
1648732522708 0.7864307600259781 12842
1648732536382 0.6457322317361832 12892
1648732549432 0.677440387159586 12942
1648732562489 0.6832521076500416 12992
1648732575656 0.7431289759278298 13042
1648732589231 0.7096838483214378 13092
1648732603414 0.7130391961336136 13142
1648732617279 0.7649846154451371 13192
1648732630498 0.8087055340409279 13242
1648732643496 0.8012981648743153 13292
1648732656624 0.6886192253232002 13342
1648732669517 0.7504285724461078 13392
1648732683505 0.8864534850418567 13442
1648732696744 0.874492259323597 13492
1648732709923 0.8512402728199959 13542
1648732723024 0.7042013363540173 13592
1648732735964 0.67300233066082 13642
1648732749156 0.7702492326498032 13692
1648732833757 0.7332741276919842 13749
1648732846904 0.6384621194005012 13799
1648732860278 0.7190234193205833 13849
1648732873430 0.7565564408898353 13899
1648732886827 0.6520319898426533 13949
1648732900339 0.6346482416987419 13999
1648732913748 0.733935436308384 14049
1648732926827 0.7721779882907868 14099
1648732939900 0.8234221178293228 14149
1648732953043 0.734066890180111 14199
1648732966139 0.7281080783903598 14249
1648732979064 0.7556159654259682 14299
1648732991919 0.7377052140235901 14349
1648733004848 0.7115435990691185 14399
1648733018114 0.7935435095429421 14449
1648733031106 0.6894116424024105 14499
1648733044642 0.7545247966051102 14549
1648733057836 0.7217394709587097 14599
1648733071507 0.7618496558070182 14649
1648733085143 0.7179938747733832 14699
1648733098449 0.7073503397405148 14749
1648733111599 0.6716803857684135 14799
1648733124447 0.7649527409672737 14849
1648733137576 0.6614382773637771 14899
1648733150674 0.7810057228803635 14949
1648733163705 0.7387576788663864 14999
1648733177120 0.8652440924942494 15049
1648733190042 0.7382728931307793 15099
1648733203051 0.8809525708854199 15149
1648733215962 0.7494350045919418 15199
1648733228570 0.6669108578562737 15249
1648733241727 0.7859758891165256 15299
1648733254805 0.7459224325418472 15349
1648733268241 0.7376233352720738 15399
1648733281428 0.7629707875847817 15449
1648733294304 0.8013489021360874 15499
1648733308252 0.8194180029630661 15549
1648733321262 0.7503104071319103 15599
1648733334660 0.6786602418124675 15649
1648733421750 0.676209529042244 15706
1648733434678 0.763429623991251 15756
1648733447846 0.71366424664855 15806
1648733461024 0.5599096050858497 15856
1648733474169 0.7110545790195465 15906
1648733487952 0.6971478570997715 15956
1648733501004 0.5891049745678901 16006
1648733514039 0.7431934708356858 16056
1648733527428 0.6718412935733795 16106
1648733540427 0.7064514076709747 16156
1648733553383 0.6401787628233433 16206
1648733566305 0.6466974806785584 16256
1648733579431 0.7120138661563397 16306
1648733592856 0.5875608365982771 16356
1648733605852 0.654545937627554 16406
1648733618814 0.590367338359356 16456
1648733632370 0.7218201924860478 16506
1648733646262 0.6110776296257973 16556
1648733659213 0.6743032708764076 16606
1648733672251 0.5899941809475422 16656
1648733685662 0.7193161217868328 16706
1648733699006 0.6207773353159428 16756
1648733712318 0.7487047657370567 16806
1648733725944 0.6061910103261471 16856
1648733739461 0.7543644042313099 16906
1648733752731 0.6152159032225609 16956
1648733765706 0.6341773872077465 17006
1648733778598 0.6395478425920009 17056
1648733791882 0.7376213884353637 17106
1648733805083 0.7501596353948117 17156
1648733818366 0.6107227554917336 17206
1648733831510 0.6561933961510659 17256
1648733844331 0.6805309855937958 17306
1648733857265 0.7311683923006058 17356
1648733870256 0.48287486396729945 17406
1648733883649 0.675785217359662 17456
1648733896664 0.786829163134098 17506
1648733909382 0.6260111646354198 17556
1648733922916 0.668244874253869 17606
1648734007644 0.6235686846077442 17663
1648734020847 0.7300511991977692 17713
1648734034280 0.6980467934906482 17763
1648734047241 0.5443930725753308 17813
1648734060303 0.6557069870829583 17863
1648734073306 0.6371936593204737 17913
1648734085911 0.5435862719267607 17963
1648734098915 0.7089677039533854 18013
1648734111949 0.6878516164422035 18063
1648734125102 0.6425014741718769 18113
1648734138562 0.5997297579050064 18163
1648734151800 0.648420844078064 18213
1648734165116 0.5740716701745987 18263
1648734178547 0.6357530222088098 18313
1648734191510 0.6021531808376313 18363
1648734204471 0.6823884800076485 18413
1648734217540 0.5585133554041386 18463
1648734230219 0.6098537492752075 18513
1648734243343 0.5747076612710953 18563
1648734256202 0.7142950587719679 18613
1648734269334 0.6426248170435429 18663
1648734282793 0.6194447012245655 18713
1648734295811 0.6243779440224171 18763
1648734308894 0.520994635373354 18813
1648734322338 0.7355071930587291 18863
1648734335791 0.6528252245485783 18913
1648734348730 0.6027443509548902 18963
1648734362141 0.6962785476446152 19013
1648734375190 0.6575325379520655 19063
1648734388139 0.6430575276911259 19113
1648734401423 0.6379395389556884 19163
1648734414524 0.6064144884049892 19213
1648734427741 0.7363872738182544 19263
1648734440687 0.6532046096026898 19313
1648734453799 0.5746043121814728 19363
1648734467070 0.5357991255447269 19413
1648734480217 0.6959006497263909 19463
1648734493597 0.703511704877019 19513
1648734506914 0.6268787438422442 19563
1648734591789 0.6026218415796757 19620
1648734604665 0.6093273055553436 19670
1648734618068 0.7003485324978829 19720
1648734631957 0.5817054586857557 19770
1648734644827 0.5702721389383077 19820
1648734657733 0.6470849438011647 19870
1648734670885 0.6396548321843147 19920
1648734684026 0.7008089351654053 19970
1648734697154 0.6320324573665858 20020
1648734710123 0.7045550215989351 20070
1648734723194 0.5150431192666293 20120
1648734736333 0.6366877887398005 20170
1648734749279 0.5872946462035179 20220
1648734762853 0.5512256560474634 20270
1648734776167 0.7580910366773606 20320
1648734789396 0.5757106564939022 20370
1648734802288 0.7505267073214054 20420
1648734815746 0.5869284890592098 20470
1648734828988 0.6175854494422675 20520
1648734841639 0.6439112673699856 20570
1648734854594 0.6841733455657959 20620
1648734867810 0.6572466138005256 20670
1648734880884 0.6256497460603714 20720
1648734894176 0.3780753296613693 20770
1648734907819 0.577373358309269 20820
1648734921140 0.5796265088021755 20870
1648734934276 0.4765158373117447 20920
1648734947741 0.6926900927722454 20970
1648734960990 0.6053360411524773 21020
1648734973992 0.6028253471851349 21070
1648734987464 0.656290022879839 21120
1648735000640 0.657769328057766 21170
1648735013709 0.6149294352531434 21220
1648735027077 0.5274885652214288 21270
1648735040009 0.5579786957800388 21320
1648735052831 0.6755399549007416 21370
1648735065978 0.6231578347831964 21420
1648735078829 0.5219881384074688 21470
1648735092045 0.5712032324820757 21520
1648735177631 0.6376356127858162 21577
1648735191239 0.6332221036404371 21627
1648735204452 0.5559940756112337 21677
1648735217816 0.5752020316570997 21727
1648735230990 0.6637765797972679 21777
1648735243983 0.48689314439892767 21827
1648735256883 0.5948156856000424 21877
1648735270165 0.5656325823068619 21927
1648735283211 0.5885332314670086 21977
1648735296673 0.6457181712985038 22027
1648735309844 0.4938428181409836 22077
1648735322852 0.5774869332462549 22127
1648735336083 0.514303023815155 22177
1648735349495 0.6768254401162267 22227
1648735362474 0.6291971518099309 22277
1648735375890 0.49649820387363436 22327
1648735388997 0.5455822031199932 22377
1648735402154 0.6593397311121225 22427
1648735415291 0.6288865655660629 22477
1648735428888 0.5796836923062801 22527
1648735442228 0.6158515028655529 22577
1648735455235 0.654858467951417 22627
1648735468474 0.5291209755092859 22677
1648735481780 0.669605229794979 22727
1648735494816 0.663460257910192 22777
1648735508417 0.5415948099642992 22827
1648735521650 0.5263826702535153 22877
1648735535037 0.655078004449606 22927
1648735548850 0.6438500386476517 22977
1648735562189 0.6755873379856348 23027
1648735576124 0.611209068596363 23077
1648735589293 0.5679198089241981 23127
1648735602364 0.5569561158120632 23177
1648735615996 0.6992178174108267 23227
1648735628717 0.5275287298858166 23277
1648735641664 0.6410210326313972 23327
1648735655277 0.6669872637838126 23377
1648735668329 0.5835265475511551 23427
1648735681627 0.6479760797321796 23477
