1648728690085 0.6847153091430664 50
1648728704622 0.48022774994373324 100
1648728718029 0.2779209521412849 150
1648728731446 0.17136184722185135 200
1648728744668 0.1208879864960909 250
1648728758925 0.11311520155519247 300
1648728772150 0.10763192176818848 350
1648728785267 0.08973664201796056 400
1648728798486 0.08925352146849036 450
1648728811461 0.09284632042050361 500
1648728824890 0.09253888724371791 550
1648728837942 0.09331982862204313 600
1648728852027 0.08285967929288746 650
1648728865222 0.0968035600334406 700
1648728878555 0.07969795798882842 750
1648728891560 0.07872451031580567 800
1648728904780 0.08449264967814088 850
1648728918172 0.09804648289456963 900
1648728931820 0.07331494800746441 950
1648728945222 0.0833542582578957 1000
1648728958479 0.07892850503325462 1050
1648728972021 0.07704477263614536 1100
1648728985156 0.09194753233809023 1150
1648728998732 0.06615810408256947 1200
1648729011950 0.08572187700308859 1250
1648729025107 0.0887559732887894 1300
1648729038277 0.06808571437373757 1350
1648729051505 0.06638193041086198 1400
1648729064771 0.09260655904654413 1450
1648729078420 0.06286653494462371 1500
1648729091558 0.08504881734028459 1550
1648729104787 0.06483821801375597 1600
1648729117518 0.0754043236002326 1650
1648729130883 0.06933523621410131 1700
1648729144283 0.07156385869719088 1750
1648729157344 0.0795290969312191 1800
1648729170538 0.05833052011206746 1850
1648729184154 0.05539802512153983 1900
1648729198048 0.06937207312788814 1950
1648729282751 0.062049662480130795 2007
1648729296075 0.07240468459203839 2057
1648729309391 0.050242405894678085 2107
1648729322571 0.06961184938438236 2157
1648729335950 0.07026781146414578 2207
1648729349163 0.06450216759927571 2257
1648729362371 0.06575708279386162 2307
1648729375366 0.07100917626172304 2357
1648729388651 0.06408995541743934 2407
1648729402187 0.056743612084537744 2457
1648729415858 0.06942464774474502 2507
1648729429264 0.05787726595532149 2557
1648729442554 0.0683307878114283 2607
1648729455957 0.058218749258667234 2657
1648729469595 0.051899667074903844 2707
1648729483187 0.04516074911225587 2757
1648729496862 0.061299325218424204 2807
1648729509679 0.061415429022163154 2857
1648729522823 0.05811066877096891 2907
1648729536424 0.05971185745671392 2957
1648729549933 0.05103368867654354 3007
1648729563507 0.07754288519266993 3057
1648729576532 0.06835175942629576 3107
1648729590054 0.06670313576236367 3157
1648729603048 0.05003602480748668 3207
1648729616500 0.0640274638752453 3257
1648729629820 0.05978881873190403 3307
1648729644301 0.06627269015880302 3357
1648729657269 0.049958592501934615 3407
1648729670663 0.07090587871614844 3457
1648729683593 0.04308822613675147 3507
1648729697162 0.0596450451342389 3557
1648729710584 0.05315837835893035 3607
1648729723873 0.06608665036037564 3657
1648729736945 0.058970732875168325 3707
1648729750044 0.06157463835552335 3757
1648729762997 0.062002102159895 3807
1648729776570 0.059595000371336936 3857
1648729789910 0.05907425442012027 3907
1648729875775 0.05944171573966742 3964
1648729889179 0.05203476053196937 4014
1648729902691 0.06483004988171161 4064
1648729915917 0.061915339960251004 4114
1648729929476 0.0519558632094413 4164
1648729942570 0.044969545747153464 4214
1648729955406 0.05878283173078671 4264
1648729968195 0.059412058359012004 4314
1648729981758 0.06404302947223187 4364
1648729995622 0.05450519751291722 4414
1648730009581 0.05374517824035138 4464
1648730022829 0.05861862615682185 4514
1648730036570 0.06039523206185549 4564
1648730049504 0.06426844023168087 4614
1648730063776 0.05517947473563254 4664
1648730076762 0.044133315673097966 4714
1648730090177 0.06108685059007257 4764
1648730103594 0.06262940480606631 4814
1648730117939 0.06678804413415491 4864
1648730131644 0.05837603752035648 4914
1648730145802 0.07044820676208474 4964
1648730158930 0.055758628870826214 5014
1648730172380 0.061339861142914745 5064
1648730185730 0.050862345453351734 5114
1648730198840 0.04444447968387976 5164
1648730212053 0.04342063192045316 5214
1648730225112 0.0531716946081724 5264
1648730239106 0.06350665488280356 5314
1648730252223 0.05153333336813375 5364
1648730265692 0.04960000247694552 5414
1648730279467 0.05945191914215684 5464
1648730292675 0.05191576573997736 5514
1648730305481 0.06904995722696185 5564
1648730318084 0.04736605768906884 5614
1648730331296 0.05045172641053796 5664
1648730344582 0.0507124060485512 5714
1648730357473 0.05125260777771473 5764
1648730370732 0.05767149340361357 5814
1648730384176 0.03620812744367868 5864
1648730471979 0.06350675266701727 5921
1648730486680 0.050857697413302955 5971
1648730500226 0.05197322698775679 6021
1648730513884 0.04208362403558567 6071
1648730526717 0.04199989195447415 6121
1648730539819 0.04779321668669581 6171
1648730552970 0.045157349798828364 6221
1648730566381 0.049431226337328556 6271
1648730579622 0.06668237361591309 6321
1648730593075 0.0671675575338304 6371
1648730606971 0.06077404935378581 6421
1648730620098 0.0375579484552145 6471
1648730633393 0.048235372644849124 6521
1648730647025 0.04500640998128801 6571
1648730660902 0.05685373165295459 6621
1648730673813 0.05701103457249701 6671
1648730686890 0.05479076991323382 6721
1648730700804 0.07100106322206556 6771
1648730714351 0.047438235119916496 6821
1648730728090 0.055717656766064466 6871
1648730741414 0.061164626074023544 6921
1648730754492 0.04478961783344857 6971
1648730767428 0.043024446812924 7021
1648730780196 0.04411232138751075 7071
1648730792877 0.052676572329364714 7121
1648730806243 0.04810461808228865 7171
1648730819575 0.040838506910949944 7221
1648730833125 0.0576779169664951 7271
1648730846447 0.047752255022060125 7321
1648730859724 0.05764539340510964 7371
1648730873022 0.045966364867636 7421
1648730886303 0.06449117068666965 7471
1648730899721 0.05301643972517923 7521
1648730913057 0.054624393954873084 7571
1648730926472 0.05819792071357369 7621
1648730939689 0.06562924874015152 7671
1648730953011 0.045850670428480955 7721
1648730966552 0.05182141264900565 7771
1648730980133 0.05283352176658809 7821
1648731065465 0.04423907711636275 7878
1648731078603 0.03986890750704333 7928
1648731091871 0.051295432271435855 7978
1648731105231 0.053440564456395806 8028
1648731118200 0.0507243295526132 8078
1648731131803 0.05345809417311102 8128
1648731144842 0.058164196321740746 8178
1648731158833 0.0541529037989676 8228
1648731171766 0.044171892188023774 8278
1648731185584 0.04083071850473061 8328
1648731198905 0.041561693537514655 8378
1648731211689 0.051100794547237455 8428
1648731225412 0.06118240664480254 8478
1648731239487 0.04431092807091772 8528
1648731252893 0.04416690573212691 8578
1648731266095 0.05325940222013742 8628
1648731279380 0.041034737065201624 8678
1648731292629 0.0486804986698553 8728
1648731305760 0.048763340682489796 8778
1648731319535 0.03880191471427679 8828
1648731333079 0.06164337150752544 8878
1648731346240 0.05328947128728032 8928
1648731359544 0.03796372928190976 8978
1648731372644 0.05093974658753723 9028
1648731385866 0.05806223329156637 9078
1648731399133 0.045999870412051676 9128
1648731412378 0.04228486761450768 9178
1648731425609 0.040407102352473884 9228
1648731438922 0.043060564658371735 9278
1648731452830 0.04812073735985905 9328
1648731466097 0.055401070397347214 9378
1648731479615 0.04787757473997772 9428
1648731493502 0.051940274736844004 9478
1648731506894 0.036905372561886904 9528
1648731519988 0.048862037127837536 9578
1648731533596 0.048994003713596614 9628
1648731547034 0.0744774671504274 9678
1648731560526 0.0534883423615247 9728
1648731573769 0.04696933379862458 9778
1648731657974 0.05313491951674223 9835
1648731671144 0.040390649856999514 9885
1648731684487 0.040977720103692265 9935
1648731697702 0.0454467488406226 9985
1648731711068 0.05836289329454303 10035
1648731724683 0.043564218337414785 10085
1648731739319 0.05388710625935346 10135
1648731753127 0.0626600396912545 10185
1648731766797 0.040438804399454964 10235
1648731780227 0.0404159031965537 10285
1648731793438 0.04193298363592476 10335
1648731806376 0.055130683679599314 10385
1648731818978 0.05944958145264536 10435
1648731831984 0.046754497489891945 10485
1648731845380 0.03748624245636165 10535
1648731858539 0.03837626857683062 10585
1648731871920 0.048610297976993025 10635
1648731885491 0.03672262438922189 10685
1648731898925 0.05728606115793809 10735
1648731912360 0.04655054165748879 10785
1648731925541 0.03884504991350696 10835
1648731938791 0.04803271071985364 10885
1648731951943 0.04122908096644096 10935
1648731964681 0.06197179922834039 10985
1648731978281 0.050733561273664234 11035
1648731991708 0.046089461026713255 11085
1648732005218 0.05473000701516867 11135
1648732018430 0.05172332328744233 11185
1648732031957 0.0399856321932748 11235
1648732045409 0.04536724406760186 11285
1648732058478 0.048376702421810476 11335
1648732071420 0.04249027989804745 11385
1648732084629 0.051957701346836985 11435
1648732097772 0.052616030166391284 11485
1648732110968 0.04164621794829145 11535
1648732124211 0.03911514861276373 11585
1648732136952 0.040984713318757714 11635
1648732150472 0.03856101531535387 11685
1648732163640 0.052229267230723055 11735
1648732249127 0.04644578142557293 11792
1648732262301 0.0463924983429024 11842
1648732276149 0.05129987138556316 11892
1648732288988 0.05242885167943314 11942
1648732302304 0.044379522176459435 11992
1648732315056 0.059595100567676126 12042
1648732328287 0.058345143586630004 12092
1648732341095 0.04477908904198557 12142
1648732354155 0.03726497759576887 12192
1648732367713 0.030619458361470606 12242
1648732380660 0.04856971732340753 12292
1648732393721 0.04613598065450788 12342
1648732406244 0.04250811650068499 12392
1648732419027 0.04614477854920551 12442
1648732431789 0.03673456297721714 12492
1648732444657 0.037037383506540206 12542
1648732458020 0.051918117955792695 12592
1648732471226 0.05010317053645849 12642
1648732484137 0.04431647126562893 12692
1648732496865 0.040819253418594596 12742
1648732509874 0.0611600929684937 12792
1648732522708 0.04792611319571734 12842
1648732536382 0.04231483809184283 12892
1648732549432 0.03943029222660698 12942
1648732562489 0.04319197984295897 12992
1648732575656 0.04061976234428585 13042
1648732589231 0.044010638849285896 13092
1648732603414 0.03890438684960827 13142
1648732617279 0.05530528556089848 13192
1648732630498 0.03396685753483325 13242
1648732643496 0.048069963380694386 13292
1648732656624 0.05322686227969825 13342
1648732669517 0.051305099092423916 13392
1648732683505 0.0525571428402327 13442
1648732696744 0.05030190985649824 13492
1648732709923 0.052760219033807516 13542
1648732723024 0.05218594414647668 13592
1648732735964 0.05092786358203739 13642
1648732749156 0.041562903639860455 13692
1648732833757 0.048380168813746426 13749
1648732846904 0.035221893028356134 13799
1648732860278 0.04008304021786899 13849
1648732873430 0.048203842551447454 13899
1648732886827 0.033410542807541785 13949
1648732900339 0.0314814722671872 13999
1648732913748 0.035629128840519116 14049
1648732926827 0.04580925383139402 14099
1648732939900 0.05287316565634683 14149
1648732953043 0.04896364592248574 14199
1648732966139 0.03559190056519583 14249
1648732979064 0.04350852960022166 14299
1648732991919 0.05335885333828628 14349
1648733004848 0.04220450217835605 14399
1648733018114 0.044941919463453814 14449
1648733031106 0.04277328608091921 14499
1648733044642 0.04353100378299132 14549
1648733057836 0.040766939714085314 14599
1648733071507 0.043250528502976525 14649
1648733085143 0.045979024732951075 14699
1648733098449 0.04972784776822664 14749
1648733111599 0.04231756705092266 14799
1648733124447 0.0498022719740402 14849
1648733137576 0.037554151543881746 14899
1648733150674 0.04859798956196755 14949
1648733163705 0.04210500076180324 14999
1648733177120 0.04330637370003387 15049
1648733190042 0.03614843281451613 15099
1648733203051 0.050271157554816454 15149
1648733215962 0.0417848228442017 15199
1648733228570 0.03843920618062839 15249
1648733241727 0.0426163523690775 15299
1648733254805 0.04474591503851116 15349
1648733268241 0.050185162227717225 15399
1648733281428 0.04947258843574673 15449
1648733294304 0.042060953876934946 15499
1648733308252 0.04975248619914055 15549
1648733321262 0.047776562690269204 15599
1648733334660 0.033185803581727666 15649
1648733421750 0.03981133306398988 15706
1648733434678 0.03782520362408832 15756
1648733447846 0.04029144824366085 15806
1648733461024 0.03407200730056502 15856
1648733474169 0.04316797101288103 15906
1648733487952 0.04045733579318039 15956
1648733501004 0.02718899061816046 16006
1648733514039 0.03637499988893978 16056
1648733527428 0.043828392698196696 16106
1648733540427 0.036011620389763264 16156
1648733553383 0.03532303644227795 16206
1648733566305 0.0329818008816801 16256
1648733579431 0.03745180328143761 16306
1648733592856 0.025735469848150387 16356
1648733605852 0.03576494435314089 16406
1648733618814 0.03396095009637065 16456
1648733632370 0.038147792737581766 16506
1648733646262 0.027715619305963626 16556
1648733659213 0.03395160970860161 16606
1648733672251 0.03051940681238193 16656
1648733685662 0.03419092173222452 16706
1648733699006 0.02994414327898994 16756
1648733712318 0.037455220685806125 16806
1648733725944 0.031616356278536845 16856
1648733739461 0.04355565250385553 16906
1648733752731 0.031451693142298606 16956
1648733765706 0.03727529152296483 17006
1648733778598 0.03331734570208937 17056
1648733791882 0.044872078327462074 17106
1648733805083 0.04299229288008064 17156
1648733818366 0.02833928284002468 17206
1648733831510 0.03801599192433059 17256
1648733844331 0.036778217345708984 17306
1648733857265 0.0433168881223537 17356
1648733870256 0.02826790156075731 17406
1648733883649 0.03287731408607215 17456
1648733896664 0.041123017966747284 17506
1648733909382 0.03436250526690856 17556
1648733922916 0.03447752427309751 17606
1648734007644 0.029080111500807106 17663
1648734020847 0.034985542688518764 17713
1648734034280 0.04287575317488518 17763
1648734047241 0.02495909253542777 17813
1648734060303 0.03541545373387635 17863
1648734073306 0.038652751911431554 17913
1648734085911 0.020790323099936357 17963
1648734098915 0.04028836117591709 18013
1648734111949 0.032744205195340326 18063
1648734125102 0.031851147006964314 18113
1648734138562 0.03200227636960335 18163
1648734151800 0.03401582582737319 18213
1648734165116 0.02711678487015888 18263
1648734178547 0.03669120341772213 18313
1648734191510 0.028683689217723442 18363
1648734204471 0.03417583043279592 18413
1648734217540 0.028219832789618524 18463
1648734230219 0.031146823948947713 18513
1648734243343 0.03217830879264511 18563
1648734256202 0.045523928966140374 18613
1648734269334 0.03984310383908451 18663
1648734282793 0.04039058795082383 18713
1648734295811 0.03294104379834607 18763
1648734308894 0.026300779715529642 18813
1648734322338 0.04354901298647747 18863
1648734335791 0.037623123495723124 18913
1648734348730 0.0322467306436738 18963
1648734362141 0.04165494629880413 19013
1648734375190 0.03791547998436726 19063
1648734388139 0.030335777282016353 19113
1648734401423 0.032909914762713016 19163
1648734414524 0.03203157339943573 19213
1648734427741 0.03850327658001333 19263
1648734440687 0.037155023234663534 19313
1648734453799 0.02773025610949844 19363
1648734467070 0.02660668144468218 19413
1648734480217 0.03660631186503451 19463
1648734493597 0.03854665683291387 19513
1648734506914 0.034064434838364833 19563
1648734591789 0.03013361053657718 19620
1648734604665 0.03406331593287178 19670
1648734618068 0.04194755901116878 19720
1648734631957 0.028590690925484524 19770
1648734644827 0.02940608324832283 19820
1648734657733 0.02834054937120527 19870
1648734670885 0.028487398521974683 19920
1648734684026 0.036630146601237354 19970
1648734697154 0.034803762119263414 20020
1648734710123 0.03955920379143208 20070
1648734723194 0.029612458787159995 20120
1648734736333 0.03479969463311136 20170
1648734749279 0.024499303579214027 20220
1648734762853 0.027181226934771985 20270
1648734776167 0.041496141334064304 20320
1648734789396 0.03900307346018963 20370
1648734802288 0.04164510998874903 20420
1648734815746 0.03304424193571322 20470
1648734828988 0.030831670991610736 20520
1648734841639 0.037627866748953236 20570
1648734854594 0.03982398830121383 20620
1648734867810 0.032461660739500076 20670
1648734880884 0.034924272670177746 20720
1648734894176 0.01906659751897678 20770
1648734907819 0.031865424914867616 20820
1648734921140 0.029554118040250613 20870
1648734934276 0.025966168232262134 20920
1648734947741 0.035375218479894104 20970
1648734960990 0.03039577429066412 21020
1648734973992 0.03498353740666062 21070
1648734987464 0.03922946767532267 21120
1648735000640 0.02979273160570301 21170
1648735013709 0.025681186027941293 21220
1648735027077 0.020749746820365546 21270
1648735040009 0.02690255563124083 21320
1648735052831 0.03225790469383355 21370
1648735065978 0.041194849746534604 21420
1648735078829 0.030322455572895705 21470
1648735092045 0.027768881251104174 21520
1648735177631 0.03409188934951089 21577
1648735191239 0.03188444711093325 21627
1648735204452 0.0284111690352438 21677
1648735217816 0.035450699466746304 21727
1648735230990 0.03054490445065312 21777
1648735243983 0.022051744828931987 21827
1648735256883 0.029694474037969484 21877
1648735270165 0.02587111334723886 21927
1648735283211 0.03439659170573577 21977
1648735296673 0.028889178371755406 22027
1648735309844 0.021686575246858412 22077
1648735322852 0.02549907544045709 22127
1648735336083 0.025753394075436517 22177
1648735349495 0.028798406636051366 22227
1648735362474 0.039103996832855044 22277
1648735375890 0.022608852349221706 22327
1648735388997 0.029017590524745174 22377
1648735402154 0.04152504068275448 22427
1648735415291 0.03610993014939595 22477
1648735428888 0.02814655585156288 22527
1648735442228 0.03690111037692986 22577
1648735455235 0.03390234828635585 22627
1648735468474 0.027135953835677355 22677
1648735481780 0.02899132006801665 22727
1648735494816 0.03153826831898186 22777
1648735508417 0.026876408366370015 22827
1648735521650 0.03282403717195848 22877
1648735535037 0.03376097387372283 22927
1648735548850 0.038364204154349865 22977
1648735562189 0.03665877111605369 23027
1648735576124 0.03322039778577164 23077
1648735589293 0.025615181070752443 23127
1648735602364 0.028039539800956845 23177
1648735615996 0.03246011161711067 23227
1648735628717 0.028528658552095295 23277
1648735641664 0.027388543074484916 23327
1648735655277 0.03259393659362104 23377
1648735668329 0.027794386364985258 23427
1648735681627 0.04060526557499543 23477
