1649180497293 0.04568916015210561 200
1649180908455 0.051044073004741224 400
1649181320329 0.04501092057558708 600
1649181730111 0.04417828162200749 800
1649182138985 0.03913484739838168 1000
1649182548761 0.03811050843447447 1200
1649183403318 0.03594766611699015 1501
1649183810612 0.03040201569441706 1701
1649184221472 0.03595680050901137 1901
1649184630711 0.033261839273036456 2101
1649185041935 0.03307043054344831 2301
1649185450113 0.031213682650122792 2501
1649186308765 0.030330020596156828 2802
1649186719283 0.026772419937478843 3002
1649187128507 0.028781972074066287 3202
1649187535647 0.029669430078938602 3402
1649187944410 0.026869954388821497 3602
1649188354866 0.029695879219070777 3802
1649189207553 0.02715126204828266 4103
1649189616475 0.026677264271420427 4303
1649190026974 0.02622025796677917 4503
1649190435070 0.02462552189186681 4703
1649190845173 0.027362783978751394 4903
1649191254578 0.026535853614914232 5103
1649192115627 0.023399017808842473 5404
1649192525457 0.026107120303786358 5604
1649192934115 0.02354969880951103 5804
1649193343455 0.023682647768000605 6004
1649193754469 0.026214801952883136 6204
1649194163980 0.02382466526381904 6404
1649195013036 0.021843855089391583 6705
1649195421302 0.020506289211043624 6905
1649195829790 0.02254941152583342 7105
1649196237551 0.02345786918391241 7305
1649196647210 0.024753923077369108 7505
1649197054813 0.02800742614082992 7705
1649197916037 0.0239507447212236 8006
1649198325648 0.024002117978525347 8206
1649198733934 0.021448745117813816 8406
1649199141784 0.023189324424020014 8606
1649199552116 0.021208487365220206 8806
1649199958176 0.02064426100027049 9006
1649200806613 0.019429649512749166 9307
1649201215170 0.020915531427017412 9507
1649201624593 0.022080606938980053 9707
1649202033784 0.023751793453120628 9907
1649202444330 0.022658636582782492 10107
1649202852397 0.018080926275579258 10307
1649203712146 0.018466509027639404 10608
1649204121737 0.02020131828758167 10808
1649204531319 0.022765615039679686 11008
1649204938370 0.022468290197430178 11208
1649205348143 0.023281377422681545 11408
1649205756760 0.018044237635913306 11608
1649206607020 0.02188927776151104 11909
1649207015663 0.019421735238283874 12109
1649207424652 0.020030655190930703 12309
1649207833920 0.019712423426681197 12509
1649208243238 0.01911045598128112 12709
1649208650785 0.01933661961229518 12909
1649209509976 0.017542742053046824 13210
1649209920300 0.017076510897750266 13410
1649210328126 0.015470790240506176 13610
1649210736299 0.016853798658703453 13810
1649211142526 0.017152249893333648 14010
1649211548821 0.014319976088299881 14210
1649212397315 0.015502870969066862 14511
1649212804076 0.013477133103297092 14711
1649213210303 0.014240849434427218 14911
1649213616963 0.01680390718363924 15111
1649214025123 0.014357201426464598 15311
1649214432259 0.01296125146356644 15511
1649215289204 0.01472464308651979 15812
1649215696870 0.014448605881188997 16012
1649216104813 0.013974839826405515 16212
1649216512974 0.014286675135372207 16412
1649216922948 0.013597696950891986 16612
1649217329269 0.015093558740336448 16812
1649218174353 0.011696343494841131 17113
1649218582345 0.013238695244654082 17313
1649218990232 0.01495389925519703 17513
1649219395959 0.013647833575232653 17713
1649219805372 0.014862727265426656 17913
1649220211521 0.012782040930760559 18113
1649221067729 0.013574358759797178 18414
1649221476911 0.013022161118860821 18614
1649221885868 0.013209242220618762 18814
1649222293467 0.011127531083620851 19014
1649222700827 0.014617316450749058 19214
1649223108116 0.011868971560616046 19414
1649223951238 0.013492952376836911 19715
1649224360396 0.011935653144173558 19915
1649224768003 0.012601436395198107 20115
1649225176199 0.011698255702940514 20315
1649225583120 0.013150720953562995 20515
1649225988417 0.01247683602370671 20715
1649226843465 0.01233701672681491 21016
1649227251137 0.010991602838184917 21216
1649227659802 0.01179236626427155 21416
