1649180497293 0.34873382141813636 200
1649180908455 0.07728704931680114 400
1649181320329 0.05443537170533091 600
1649181730111 0.05849943550536409 800
1649182138985 0.054826621846295893 1000
1649182548761 0.04927425226429477 1200
1649183403318 0.041801198003231545 1501
1649183810612 0.035190956288715824 1701
1649184221472 0.04160960670793429 1901
1649184630711 0.03780831853742711 2101
1649185041935 0.03425955163082108 2301
1649185450113 0.03174125535122584 2501
1649186308765 0.02994401720992755 2802
1649186719283 0.025645892574684696 3002
1649187128507 0.028612784516008107 3202
1649187535647 0.029994283929117956 3402
1649187944410 0.025871993027394638 3602
1649188354866 0.03076836619176902 3802
1649189207553 0.020057253366176156 4103
1649189616475 0.02323497753634001 4303
1649190026974 0.02308958671608707 4503
1649190435070 0.019337518347601872 4703
1649190845173 0.025591963003971614 4903
1649191254578 0.02326143877435243 5103
1649192115627 0.0195922670661821 5404
1649192525457 0.020722764845413622 5604
1649192934115 0.02053802912698302 5804
1649193343455 0.021520328660844825 6004
1649193754469 0.01836110715117684 6204
1649194163980 0.01788286289840471 6404
1649195013036 0.014713872482898295 6705
1649195421302 0.01411780262584216 6905
1649195829790 0.01580226368176227 7105
1649196237551 0.01555182884010719 7305
1649196647210 0.018301965306018245 7505
1649197054813 0.02321085563817178 7705
1649197916037 0.015833580852849992 8006
1649198325648 0.01584247783961473 8206
1649198733934 0.013208826209520338 8406
1649199141784 0.014337434618100815 8606
1649199552116 0.013039214271084348 8806
1649199958176 0.013929202335893932 9006
1649200806613 0.01141328964025888 9307
1649201215170 0.011860935757722473 9507
1649201624593 0.01213797923461243 9707
1649202033784 0.013873525595263345 9907
1649202444330 0.012675611931917956 10107
1649202852397 0.011332245168850931 10307
1649203712146 0.009732132882563747 10608
1649204121737 0.011477880867114437 10808
1649204531319 0.01057436071381744 11008
1649204938370 0.013593027992392308 11208
1649205348143 0.013522452422430433 11408
1649205756760 0.010505979974332148 11608
1649206607020 0.010904353266414545 11909
1649207015663 0.008916686753063913 12109
1649207424652 0.008096808650643652 12309
1649207833920 0.009122043863217187 12509
1649208243238 0.0082920738318262 12709
1649208650785 0.009589146643249932 12909
1649209509976 0.006765932014286591 13210
1649209920300 0.006430558078216108 13410
1649210328126 0.006573858191086401 13610
1649210736299 0.005790140331790781 13810
1649211142526 0.005984618401853368 14010
1649211548821 0.005317372168969996 14210
1649212397315 0.004468581983305739 14511
1649212804076 0.004101309140812645 14711
1649213210303 0.003999171473403749 14911
1649213616963 0.005329258699814546 15111
1649214025123 0.0042625814590269324 15311
1649214432259 0.00423397393047253 15511
1649215289204 0.0034584540602304514 15812
1649215696870 0.004209817240069924 16012
1649216104813 0.003524512835584801 16212
1649216512974 0.004352698085907605 16412
1649216922948 0.003904956653800582 16612
1649217329269 0.003976404847921913 16812
1649218174353 0.0029999602815189517 17113
1649218582345 0.0033764647692498782 17313
1649218990232 0.004206775498150819 17513
1649219395959 0.003602244891259261 17713
1649219805372 0.003943115252709504 17913
1649220211521 0.0035115494539468273 18113
1649221067729 0.0033878672586297397 18414
1649221476911 0.002695223318535227 18614
1649221885868 0.003195818751455022 18814
1649222293467 0.0029078430903598474 19014
1649222700827 0.0030688972064922384 19214
1649223108116 0.0028003447242008405 19414
1649223951238 0.0028380223988187935 19715
1649224360396 0.0032615883620894692 19915
1649224768003 0.0027882521934461126 20115
1649225176199 0.002972505493833921 20315
1649225583120 0.0032180775357608126 20515
1649225988417 0.003142044718113084 20715
1649226843465 0.00277828693035417 21016
1649227251137 0.0027880410862468354 21216
1649227659802 0.002239454560879608 21416
1649228066898 0.0026133061680991432 21616
1649228473363 0.0028613902010602033 21816
1649228881606 0.0029308248686103866 22016
1649229727970 0.0031435455374992215 22317
1649230134228 0.002620973724660729 22517
1649230540328 0.0024347328616744334 22717
1649230948624 0.002108657085792629 22917
1649231356035 0.002409788004687243 23117
1649231761787 0.002479684908755644 23317
1649232615228 0.00240954355654992 23618
1649233022066 0.002531461778702351 23818
1649233428653 0.002942489393564642 24018
1649233835351 0.002231002649575942 24218
1649234242840 0.0023972925861983187 24418
1649234648858 0.002942144699696314 24618
1649235491759 0.0025394495777322844 24919
1649235898379 0.0025551115785833645 25119
1649236305503 0.0026673724177499027 25319
1649236712328 0.002473771227166708 25519
1649237119052 0.0025753212942476013 25719
1649237530010 0.002459221307482267 25919
