1649180497293 1.3254017290472984 200
1649180908455 0.8376185564696789 400
1649181320329 0.8672824777662754 600
1649181730111 0.9278285112977028 800
1649182138985 0.9198601095378399 1000
1649182548761 0.8717822881788015 1200
1649183403318 0.8189932931959629 1501
1649183810612 0.78428796954453 1701
1649184221472 0.8558110959082842 1901
1649184630711 0.7944679895788431 2101
1649185041935 0.8117879028618336 2301
1649185450113 0.7736037965118885 2501
1649186308765 0.6946475403755903 2802
1649186719283 0.7189503968507052 3002
1649187128507 0.7491948019713164 3202
1649187535647 0.6990934240818024 3402
1649187944410 0.6877232770994306 3602
1649188354866 0.724723566956818 3802
1649189207553 0.6515780107490718 4103
1649189616475 0.6497455767542124 4303
1649190026974 0.6652680824697018 4503
1649190435070 0.6316292151436209 4703
1649190845173 0.6970711581036448 4903
1649191254578 0.6390366464853287 5103
1649192115627 0.5786887263134122 5404
1649192525457 0.6296799161285161 5604
1649192934115 0.6024054290354252 5804
1649193343455 0.6065987534075975 6004
1649193754469 0.5700115361437201 6204
1649194163980 0.5717685932293535 6404
1649195013036 0.5269733634591103 6705
1649195421302 0.5041730488650501 6905
1649195829790 0.5328550375811756 7105
1649196237551 0.554923736974597 7305
1649196647210 0.5420783631876112 7505
1649197054813 0.5915091641619802 7705
1649197916037 0.47964539103209974 8006
1649198325648 0.5053840056061745 8206
1649198733934 0.5273543094284833 8406
1649199141784 0.5147762428224086 8606
1649199552116 0.49478505877777934 8806
1649199958176 0.5155407869443297 9006
1649200806613 0.43720055133104324 9307
1649201215170 0.4382860197499394 9507
1649201624593 0.4537478839978576 9707
1649202033784 0.4578559840098023 9907
1649202444330 0.46377690713852643 10107
1649202852397 0.4189115162566304 10307
1649203712146 0.4023379790596664 10608
1649204121737 0.4049379899166524 10808
1649204531319 0.43203523103147745 11008
1649204938370 0.4847761522606015 11208
1649205348143 0.4840530678443611 11408
1649205756760 0.4348506052605808 11608
1649206607020 0.3930659820511937 11909
1649207015663 0.3991323912702501 12109
1649207424652 0.3987542342580855 12309
1649207833920 0.38413491420447826 12509
1649208243238 0.38073014887981116 12709
1649208650785 0.390336662940681 12909
1649209509976 0.3331711387168616 13210
1649209920300 0.3018056526966393 13410
1649210328126 0.32095918818376956 13610
1649210736299 0.3004534487705678 13810
1649211142526 0.321305783893913 14010
1649211548821 0.28484647810459135 14210
1649212397315 0.2797537032514811 14511
1649212804076 0.2524856855906546 14711
1649213210303 0.2461517459154129 14911
1649213616963 0.2903695018775761 15111
1649214025123 0.272040264736861 15311
1649214432259 0.2506941373553127 15511
1649215289204 0.2511982735525817 15812
1649215696870 0.26000172856263815 16012
1649216104813 0.24407719117123633 16212
1649216512974 0.24278368474915624 16412
1649216922948 0.25099669591523704 16612
1649217329269 0.26027650486677884 16812
1649218174353 0.2043198410887271 17113
1649218582345 0.227339487997815 17313
1649218990232 0.25520842370577157 17513
1649219395959 0.23010065889917314 17713
1649219805372 0.24368531292770057 17913
1649220211521 0.2240914700832218 18113
1649221067729 0.2276447908813134 18414
1649221476911 0.21392532965168357 18614
1649221885868 0.22325619910378008 18814
1649222293467 0.20785985596012324 19014
1649222700827 0.2199146931618452 19214
1649223108116 0.21679326849756764 19414
1649223951238 0.22046309458091856 19715
1649224360396 0.20684258380904794 19915
1649224768003 0.20956041840836406 20115
1649225176199 0.2010980632249266 20315
1649225583120 0.22131577502936126 20515
1649225988417 0.1990618935553357 20715
1649226843465 0.20889587761834263 21016
1649227251137 0.18681131263729184 21216
1649227659802 0.18956869080662728 21416
1649228066898 0.21043026676401497 21616
1649228473363 0.1918958354741335 21816
1649228881606 0.20356677140574903 22016
1649229727970 0.19886751709971576 22317
1649230134228 0.20078508127946407 22517
1649230540328 0.18095447679981588 22717
1649230948624 0.19349581501912325 22917
1649231356035 0.19368498670868575 23117
1649231761787 0.1999182610400021 23317
1649232615228 0.20620652471203357 23618
1649233022066 0.1968830417469144 23818
1649233428653 0.1893088797153905 24018
1649233835351 0.17777663483750075 24218
1649234242840 0.18618858058936893 24418
1649234648858 0.19108849867712707 24618
1649235491759 0.18072675762232393 24919
1649235898379 0.1973325515491888 25119
1649236305503 0.21197294666431843 25319
1649236712328 0.18270388160366566 25519
1649237119052 0.20398940781597047 25719
1649237530010 0.1892009696504101 25919
