1649285278947 0.04606318189762533 50
1649285304271 0.052030720710754395 100
1649285329582 0.054825847251340744 150
1649285354431 0.04008611768833362 200
1649285379835 0.04706282987492159 250
1649285405226 0.035888714659959076 300
1649285430470 0.035573379369452596 350
1649285456047 0.04195845300797373 400
1649285481352 0.038616701425053176 450
1649285506674 0.031091431216336788 500
1649285531906 0.04238245708402246 550
1649285556812 0.04725173187442124 600
1649285582292 0.034502171347849074 650
1649285607413 0.043617660067975524 700
1649285632266 0.045425283145159485 750
1649285657208 0.027454767962917685 800
1649285682356 0.03998247307259589 850
1649285707638 0.04159393329173326 900
1649285732851 0.0526850099186413 950
1649285757634 0.04483452497981489 1000
1649285783482 0.032986187643837185 1050
1649285808779 0.042817669750656935 1100
1649285834024 0.039946616189554335 1150
1649285859184 0.03820331915281713 1200
1649285884259 0.04013871781527996 1250
1649285909684 0.02897093918407336 1300
1649285935399 0.04133862216724083 1350
1649285960523 0.033700724663212896 1400
1649285985267 0.04008417446166277 1450
1649286010320 0.035955278989858924 1500
1649286035409 0.041182258813641966 1550
1649286060734 0.04261122852563858 1600
1649286085793 0.0347350512072444 1650
1649286110899 0.022709164030384272 1700
1649286135912 0.040562349380925296 1750
1649286160706 0.03709244965109974 1800
1649286185738 0.02485512542538345 1850
1649286210729 0.03932781928218901 1900
1649286235676 0.04062047589337453 1950
1649286359275 0.03776681169867516 2005
1649286384501 0.034791045105084774 2055
1649286409308 0.025338501571677625 2105
1649286434738 0.0466426976188086 2155
1649286460104 0.03356558401603252 2205
1649286485360 0.032010771110653875 2255
1649286510219 0.02835388402978424 2305
1649286535271 0.034905769093893466 2355
1649286560611 0.030143334614112973 2405
1649286585831 0.033931496681179854 2455
1649286610758 0.04144510704092681 2505
1649286636368 0.036525606857612726 2555
1649286661367 0.02621407852973789 2605
1649286686410 0.024640149761689826 2655
1649286711859 0.04393146231304854 2705
1649286737148 0.03235313510289416 2755
1649286762035 0.03785349651705474 2805
1649286786930 0.02833129161503166 2855
1649286812268 0.03807210027938709 2905
1649286837551 0.026334991669282316 2955
1649286862792 0.043188743973150846 3005
1649286888152 0.033054732833988965 3055
1649286913328 0.025696350266225635 3105
1649286938258 0.03474899514578283 3155
1649286963471 0.03468618486076593 3205
1649286988680 0.03561702100560069 3255
1649287013829 0.03397323907120153 3305
1649287039360 0.03612884150352329 3355
1649287064225 0.02515460836701095 3405
1649287089245 0.032049171263352036 3455
1649287114318 0.02936044836882502 3505
1649287139468 0.035753292818553745 3555
1649287164321 0.037179025085642935 3605
1649287189493 0.029723605473991485 3655
1649287214470 0.03670890853274614 3705
1649287239494 0.03364784823264927 3755
1649287264396 0.03315279566682875 3805
1649287289283 0.0356816075113602 3855
1649287314472 0.03829846582608298 3905
1649287438200 0.03061391498427838 3960
1649287463659 0.03717696631560102 4010
1649287489071 0.03011693654116243 4060
1649287514278 0.033169049457646906 4110
1649287539352 0.03588531290879473 4160
1649287564590 0.024933896088041366 4210
1649287589703 0.03011377706192434 4260
1649287614325 0.026024830404203385 4310
1649287639665 0.025434357605408877 4360
1649287664962 0.03828173136571422 4410
1649287689921 0.02692681265529245 4460
1649287715266 0.021908100701402873 4510
1649287740322 0.031131548513658343 4560
1649287765214 0.03053385962964967 4610
1649287790267 0.025913209528662263 4660
1649287815521 0.03605676294770092 4710
1649287840812 0.03352494529448449 4760
1649287865957 0.028203351215925068 4810
1649287890969 0.029675270286388694 4860
1649287916133 0.028967079599387945 4910
1649287941451 0.029476134278811513 4960
1649287967177 0.03946610448881984 5010
1649287992279 0.03170568634057418 5060
1649288017212 0.04858818105887622 5110
1649288042190 0.035506010237149895 5160
1649288066821 0.028881729589775206 5210
1649288091415 0.024452366614714265 5260
1649288116263 0.031928700618445875 5310
1649288141329 0.023217375550884753 5360
1649288166613 0.02291631817817688 5410
1649288192419 0.03021427121013403 5460
1649288217961 0.03057002038229257 5510
1649288243559 0.03764606332872063 5560
1649288268719 0.03306243560742587 5610
1649288294344 0.026894720918498934 5660
1649288319866 0.024131151884794234 5710
1649288345204 0.03323857208481058 5760
1649288370201 0.03028587531298399 5810
1649288395116 0.030701194836292415 5860
1649288518631 0.02435201917309314 5915
1649288543731 0.030878928537713363 5965
1649288568243 0.0216847228910774 6015
1649288593301 0.028333472094964236 6065
1649288618766 0.02929824392311275 6115
1649288643796 0.029257455992046745 6165
1649288668803 0.02846853780793026 6215
1649288693883 0.03815769204869866 6265
1649288718813 0.02252107218373567 6315
1649288743765 0.026871736175380648 6365
1649288769066 0.02838612917345017 6415
1649288794244 0.0301543397270143 6465
1649288819054 0.0420957926986739 6515
1649288843964 0.03100709933321923 6565
1649288869205 0.024338757479563357 6615
1649288894582 0.028455590200610458 6665
1649288919630 0.029430376142263414 6715
1649288944360 0.03383036893326789 6765
1649288969632 0.030694605202879758 6815
1649288994447 0.020912287938408554 6865
1649289020058 0.03435762022389099 6915
1649289045339 0.03586506877094507 6965
1649289070456 0.02454476452199742 7015
1649289095220 0.03696828770218417 7065
1649289119907 0.03042269134428352 7115
1649289145348 0.02993409333168529 7165
1649289170388 0.03093446293612942 7215
1649289195162 0.026741768976207822 7265
1649289220418 0.02118406715337187 7315
1649289245835 0.04080865792930126 7365
1649289271048 0.027694851751439275 7415
1649289296351 0.03448602751363069 7465
1649289321752 0.021509978868998587 7515
1649289346905 0.024964825742645188 7565
1649289372263 0.025184307228773833 7615
1649289397375 0.028421763430815192 7665
1649289422784 0.016757020835066215 7715
1649289447933 0.029101336046587677 7765
1649289472687 0.039096346758306026 7815
1649289594716 0.03306073400424794 7870
1649289619689 0.025683594295405784 7920
1649289644792 0.026519367808941752 7970
1649289670380 0.02407703919801861 8020
1649289695397 0.02468498598318547 8070
1649289720800 0.02822342313826084 8120
1649289746146 0.030027284549432806 8170
1649289772360 0.0316622216720134 8220
1649289797694 0.03825673426268622 8270
1649289823219 0.022089158173184843 8320
1649289848535 0.03343525236006826 8370
1649289873790 0.022595495858695358 8420
1649289899506 0.03308328452520073 8470
1649289924851 0.03350963091244921 8520
1649289949888 0.026383479707874358 8570
1649289974759 0.027402021260932087 8620
1649289999993 0.02602175953332335 8670
1649290025311 0.022685930090956388 8720
1649290050224 0.030620044840034097 8770
1649290075184 0.03261507314629853 8820
1649290100074 0.03282007606700063 8870
1649290125226 0.023239917960017918 8920
1649290150427 0.02743745927407872 8970
1649290175554 0.028385819806717335 9020
1649290201045 0.03471792850526981 9070
1649290225939 0.02500374770956114 9120
1649290251218 0.022744626994244753 9170
1649290276256 0.02781037853565067 9220
1649290301292 0.030008158907294274 9270
1649290326315 0.026029425479937345 9320
1649290351654 0.028105339172761888 9370
1649290376828 0.021242842010688035 9420
1649290401790 0.022973777501611038 9470
1649290426927 0.020400221820455044 9520
1649290451819 0.029440113289747386 9570
1649290476974 0.023830572296865284 9620
1649290502287 0.022984029026702046 9670
1649290527697 0.028827538606710734 9720
1649290553185 0.029679001671029256 9770
1649290676790 0.031735196551308034 9825
1649290702166 0.027821550602093337 9875
1649290727283 0.030789893926121293 9925
1649290752383 0.032006382611580196 9975
1649290777121 0.019687114120461046 10025
1649290802417 0.03149980154004879 10075
1649290827708 0.03179696195758879 10125
1649290852647 0.028467251253314316 10175
1649290877849 0.024413073442410678 10225
1649290903329 0.020563442148268222 10275
1649290928848 0.022742483438923954 10325
1649290953900 0.025372017375193536 10375
1649290978973 0.045687328199855985 10425
1649291004777 0.025303159069735556 10475
1649291030042 0.024380602645687758 10525
1649291054844 0.029860381808830425 10575
1649291079711 0.028767462894320486 10625
1649291104646 0.021982982642948627 10675
1649291129897 0.02104868907015771 10725
1649291155193 0.024771009942051024 10775
1649291180299 0.030598063545767218 10825
1649291205567 0.03171526033198461 10875
1649291230647 0.019403874073177577 10925
1649291255990 0.02471987155964598 10975
1649291280875 0.021109001513104887 11025
1649291305789 0.031322815413586794 11075
1649291330742 0.02461688385810703 11125
1649291355474 0.020401182828936725 11175
1649291381020 0.03180900134844705 11225
1649291405775 0.026928583551198246 11275
1649291430778 0.026227941759862004 11325
1649291455723 0.023875256041064857 11375
1649291481188 0.02499239028664306 11425
1649291506815 0.028063841150142252 11475
1649291531866 0.0247769776545465 11525
1649291556729 0.02098090259823948 11575
1649291581716 0.030456647579558193 11625
1649291606537 0.020962579459883272 11675
1649291631975 0.03254658782971091 11725
1649291754691 0.030712748472578825 11780
1649291779268 0.021229402758181096 11830
1649291804325 0.021737888946663588 11880
1649291829278 0.027098758281208574 11930
1649291854135 0.02964469578117132 11980
1649291878714 0.025941256121732294 12030
1649291904066 0.024463652067352085 12080
1649291929519 0.02772973050829023 12130
1649291954889 0.022590462297666817 12180
1649291979516 0.02565935789840296 12230
1649292004686 0.021855861222138628 12280
1649292029505 0.030334734232164918 12330
1649292054560 0.023738657438661902 12380
1649292080023 0.02610940341837704 12430
1649292104811 0.024209125128109008 12480
1649292129791 0.023834793637506665 12530
1649292155261 0.023258492909371854 12580
1649292181322 0.025762727849651126 12630
1649292206275 0.029356712236767633 12680
1649292231303 0.024599350087810307 12730
1649292256025 0.026862073405645788 12780
1649292281261 0.026072137695737182 12830
1649292306717 0.020792676170822234 12880
1649292331731 0.03236902544740587 12930
1649292356701 0.030675063057860826 12980
1649292381650 0.02425911880796775 13030
1649292407004 0.02225861793151125 13080
1649292432207 0.02604348595254123 13130
1649292457893 0.028061735472874716 13180
1649292482842 0.026340858531184494 13230
1649292508259 0.022065770169720052 13280
1649292533615 0.028038048127200454 13330
1649292559191 0.02609868163475767 13380
1649292584310 0.026009466545656324 13430
1649292609313 0.02524069600389339 13480
1649292634624 0.021154999984428286 13530
1649292659564 0.029153421400114895 13580
1649292684778 0.023684515170753002 13630
1649292709766 0.02390819711610675 13680
1649292831765 0.022702724551782013 13735
1649292856902 0.025794336206745358 13785
1649292882691 0.028842921612085775 13835
1649292908270 0.024314377991249785 13885
1649292933921 0.03169818490394391 13935
1649292958721 0.01804655250394717 13985
1649292983772 0.019557699803845027 14035
1649293008759 0.022931639965390785 14085
1649293033732 0.027815192369744182 14135
1649293058799 0.020679805423133076 14185
1649293085129 0.032034760236274454 14235
1649293110224 0.02343133549205959 14285
1649293135261 0.018440380713436753 14335
1649293160753 0.028017324104439467 14385
1649293186321 0.027217906500445678 14435
1649293211667 0.024979612343013286 14485
1649293237181 0.02452842934639193 14535
1649293262220 0.023954921389231457 14585
1649293287080 0.024393586148507892 14635
1649293312040 0.02567717063939199 14685
1649293337053 0.024195278983097524 14735
1649293362239 0.026608230457641185 14785
1649293387306 0.029688343631569296 14835
1649293412059 0.03005742041161284 14885
1649293436909 0.028823734626639633 14935
1649293461796 0.018898901627399028 14985
1649293486820 0.027662139802705498 15035
1649293511774 0.02418508326634765 15085
1649293536782 0.024591359673067928 15135
1649293561345 0.024541331205982717 15185
1649293586881 0.0304209452169016 15235
1649293611978 0.024522810622584074 15285
1649293637060 0.01729953645495698 15335
1649293662726 0.02626494729425758 15385
1649293687725 0.029782709842547776 15435
1649293712899 0.021376196541823447 15485
1649293738323 0.02585176839493215 15535
1649293763476 0.021532028308138253 15585
1649293788743 0.02765377124072984 15635
1649293911679 0.022927382949274034 15690
1649293936871 0.023777420446276665 15740
1649293961847 0.025277099208906292 15790
1649293987227 0.0187416492565535 15840
1649294012295 0.025039589633233845 15890
1649294037730 0.024303737213485874 15940
1649294063099 0.023856391231529415 15990
1649294088492 0.015174483510199933 16040
1649294113498 0.022978884060867132 16090
1649294138955 0.020132666593417524 16140
1649294163871 0.02173750868299976 16190
1649294189422 0.02469986125943251 16240
1649294214767 0.02107233403250575 16290
1649294239820 0.028732115547172726 16340
1649294265026 0.016446006831247358 16390
1649294289904 0.02235865399008617 16440
1649294315197 0.018221812923438847 16490
1649294339958 0.017557312273420392 16540
1649294364745 0.02354586840607226 16590
1649294389729 0.022956247890833767 16640
1649294414795 0.01685511031188071 16690
1649294439721 0.0209190181363374 16740
1649294464729 0.02692681855522096 16790
1649294489775 0.023125867040362208 16840
1649294514802 0.02686048314208165 16890
1649294539808 0.02123591838637367 16940
1649294564894 0.026338418062077835 16990
1649294590011 0.017669828686630352 17040
1649294615443 0.016230227042688058 17090
1649294640282 0.024583235526224597 17140
1649294665139 0.033633602472255004 17190
1649294689706 0.01760411435214337 17240
1649294714948 0.022939909966662526 17290
1649294739952 0.02360914384480566 17340
1649294765193 0.020785364562179894 17390
1649294790279 0.019305714775109662 17440
1649294814924 0.016315868669189514 17490
1649294840490 0.014654121533967555 17540
1649294865328 0.02103704431094229 17590
1649294986816 0.020850426797987893 17645
1649295011817 0.02041147340554744 17695
1649295036807 0.02353485831990838 17745
1649295062302 0.016040595476515592 17795
1649295087255 0.02122994520352222 17845
1649295112280 0.020764841804048046 17895
1649295137341 0.020820976910181345 17945
1649295162787 0.021417726550716908 17995
1649295188085 0.02769076625816524 18045
1649295213400 0.01583653489826247 18095
1649295238095 0.019893326722085478 18145
1649295263316 0.02257085230550729 18195
1649295288564 0.024926141936448404 18245
1649295313485 0.02084432314732112 18295
1649295338685 0.01629897009464912 18345
1649295364211 0.028147000778699294 18395
1649295389049 0.015519110875902697 18445
1649295414032 0.021518836787436157 18495
1649295438719 0.021439047437161206 18545
1649295463501 0.017937679975293577 18595
1649295489168 0.019297038689255714 18645
1649295514265 0.030993272648192943 18695
1649295538707 0.014733064542524517 18745
1649295563937 0.02267397823277861 18795
1649295588863 0.020911837976891546 18845
1649295613701 0.02157348497887142 18895
1649295638744 0.021518272226676346 18945
1649295663433 0.02622449979535304 18995
1649295688315 0.019982750540366398 19045
1649295713340 0.017697262043366208 19095
1649295738198 0.016903992961160838 19145
1649295763222 0.016268110376258846 19195
1649295789085 0.018087214283877984 19245
1649295814408 0.01745368944713846 19295
1649295839795 0.021120833449531348 19345
1649295864805 0.02030318256467581 19395
1649295889821 0.01697022288222797 19445
1649295914797 0.02077904701931402 19495
1649295939717 0.02183219631377142 19545
1649296063313 0.02283388697193004 19600
1649296088328 0.018165694574126975 19650
1649296113335 0.01937900128075853 19700
1649296138245 0.020391080015106127 19750
1649296163267 0.024452108202967792 19800
1649296187892 0.01807534722960554 19850
1649296212986 0.022698657213477417 19900
1649296237957 0.02136610809713602 19950
1649296262712 0.02095367506844923 20000
1649296287815 0.014999693266581744 20050
1649296313267 0.01885724895633757 20100
1649296338430 0.0212165435065981 20150
1649296363797 0.021823736158548854 20200
1649296388765 0.01835823379456997 20250
1649296413955 0.022493111456278712 20300
1649296438767 0.021309421234764158 20350
1649296463911 0.01702114034094848 20400
1649296488972 0.018376186061650514 20450
1649296514025 0.017774855853640473 20500
1649296539068 0.016818221821449698 20550
1649296563716 0.014324687034823001 20600
1649296588705 0.01751725117559545 20650
1649296614032 0.02210075763054192 20700
1649296639886 0.014781989572802558 20750
1649296664930 0.024949336672434583 20800
1649296689858 0.01895328436046839 20850
1649296714397 0.018345978655852378 20900
1649296739254 0.017966836424311624 20950
1649296764455 0.018926836743485182 21000
1649296789693 0.018465205745305868 21050
1649296814704 0.023682235202286392 21100
1649296839716 0.02069756807642989 21150
1649296864695 0.024840465865563603 21200
1649296889362 0.02314585950691253 21250
1649296914401 0.01570421003503725 21300
1649296939393 0.017581463460228406 21350
1649296964392 0.025410189146059567 21400
1649296989184 0.015079451904748567 21450
1649297014598 0.02455742400838062 21500
1649297135883 0.017051008376292885 21555
1649297160801 0.016087789061712102 21605
1649297186067 0.021927811879431828 21655
1649297211310 0.023635299355955795 21705
1649297236242 0.01902924357447773 21755
1649297261066 0.022556452638236805 21805
1649297286102 0.023090997854014857 21855
1649297311037 0.015225969059392809 21905
1649297336271 0.022097324668429792 21955
1649297361201 0.01833401939366013 22005
1649297385982 0.017101525163743646 22055
1649297411143 0.02263668153260369 22105
1649297436230 0.01901437289547175 22155
1649297461105 0.026693540177075193 22205
1649297486358 0.018556102266302332 22255
1649297511491 0.019972086617490278 22305
1649297536065 0.017103829820407555 22355
1649297560807 0.018657654970884324 22405
1649297585584 0.01726929600117728 22455
1649297610081 0.01618126452609431 22505
1649297634872 0.017983714238507673 22555
1649297660239 0.0191504600137705 22605
1649297685838 0.01877844809088856 22655
1649297711779 0.019941916717216374 22705
1649297736961 0.01968476182897575 22755
1649297761740 0.016967644591350108 22805
1649297786334 0.018352784349699506 22855
1649297811168 0.01902204135316424 22905
1649297836237 0.017670616086106747 22955
1649297861256 0.01996764909243211 23005
1649297886251 0.021360873092198744 23055
1649297911291 0.01792875716695562 23105
1649297936281 0.015733832952100783 23155
1649297961392 0.01849809883744456 23205
1649297986375 0.018048458027187735 23255
1649298011445 0.01802389070391655 23305
1649298036220 0.018551111458800732 23355
1649298060921 0.01925147562287748 23405
1649298086228 0.020572129732463508 23455
