1649285278947 3.4653460669517515 50
1649285304271 1.10840676009655 100
1649285329582 0.9121112030744553 150
1649285354431 0.6771142959594727 200
1649285379835 0.6515063816308975 250
1649285405226 0.7067788296937942 300
1649285430470 0.7591472589969634 350
1649285456047 0.8161203843355179 400
1649285481352 0.7225921055674553 450
1649285506674 0.7619348713755607 500
1649285531906 0.7409526348114014 550
1649285556812 0.9606605663895607 600
1649285582292 0.7777514550089836 650
1649285607413 0.8463566973805428 700
1649285632266 0.8513008219003677 750
1649285657208 0.7473980316519737 800
1649285682356 0.9878598600625992 850
1649285707638 1.006940047442913 900
1649285732851 1.0304586327075957 950
1649285757634 0.9351176273822784 1000
1649285783482 0.9082047408819198 1050
1649285808779 0.9168197178840637 1100
1649285834024 0.9044031259417534 1150
1649285859184 0.9080663949251175 1200
1649285884259 0.9387394681572914 1250
1649285909684 0.8632528287172317 1300
1649285935399 0.9952169534564018 1350
1649285960523 0.9166921687126159 1400
1649285985267 0.8760282295942307 1450
1649286010320 0.8831685268878937 1500
1649286035409 0.9153924787044525 1550
1649286060734 0.9820102760195732 1600
1649286085793 0.9173882919549942 1650
1649286110899 0.7140088057518006 1700
1649286135912 0.9816391772031784 1750
1649286160706 0.8733001890778541 1800
1649286185738 0.8491216850280762 1850
1649286210729 0.909904622733593 1900
1649286235676 0.9831577098369598 1950
1649286359275 0.9025365474820137 2005
1649286384501 0.8639744845032692 2055
1649286409308 0.8028361377120018 2105
1649286434738 0.9996412473917008 2155
1649286460104 0.884459352195263 2205
1649286485360 0.8367960822582244 2255
1649286510219 0.8303686287999154 2305
1649286535271 0.9520181882381439 2355
1649286560611 0.8113785713911057 2405
1649286585831 0.8117076617479324 2455
1649286610758 0.9198268154263496 2505
1649286636368 0.8862481752038002 2555
1649286661367 0.8192716947197914 2605
1649286686410 0.7197812536358833 2655
1649286711859 0.9179775014519691 2705
1649286737148 0.883483549952507 2755
1649286762035 0.8664514163136482 2805
1649286786930 0.7659879598021507 2855
1649286812268 0.8050688847899437 2905
1649286837551 0.7674078312516213 2955
1649286862792 0.9582379657030106 3005
1649286888152 0.8608444169163704 3055
1649286913328 0.7830155995488167 3105
1649286938258 0.9666180074214935 3155
1649286963471 0.9480962398648262 3205
1649286988680 0.9464094573259354 3255
1649287013829 0.8022977614402771 3305
1649287039360 0.90484560161829 3355
1649287064225 0.8048244112730026 3405
1649287089245 0.9146018159389496 3455
1649287114318 0.8124213832616806 3505
1649287139468 0.8658090531826019 3555
1649287164321 0.9113253432512284 3605
1649287189493 0.7737106919288635 3655
1649287214470 0.8267249417304993 3705
1649287239494 0.8275429719686508 3755
1649287264396 0.8716499128937721 3805
1649287289283 0.9187676069140435 3855
1649287314472 0.9141049289703369 3905
1649287438200 0.8483039095997811 3960
1649287463659 0.8452367892861367 4010
1649287489071 0.7698925805091857 4060
1649287514278 0.694457925260067 4110
1649287539352 0.8412207931280136 4160
1649287564590 0.6834647512435913 4210
1649287589703 0.7811464521288872 4260
1649287614325 0.7253342893719673 4310
1649287639665 0.820315954387188 4360
1649287664962 0.8503815272450447 4410
1649287689921 0.8020558416843414 4460
1649287715266 0.6811894410848618 4510
1649287740322 0.8075884735584259 4560
1649287765214 0.7947555765509605 4610
1649287790267 0.7501248462498188 4660
1649287815521 0.8974075934290886 4710
1649287840812 0.8602233733236789 4760
1649287865957 0.8039890366792679 4810
1649287890969 0.7534632278978824 4860
1649287916133 0.8555027011036873 4910
1649287941451 0.8748065751791 4960
1649287967177 0.8996741080284119 5010
1649287992279 0.8828864017128945 5060
1649288017212 1.0380082477629184 5110
1649288042190 0.7683823105692863 5160
1649288066821 0.8307904353737832 5210
1649288091415 0.7171905228495598 5260
1649288116263 0.8332262450456619 5310
1649288141329 0.7368741756677628 5360
1649288166613 0.8083326122164727 5410
1649288192419 0.7196891567111016 5460
1649288217961 0.8947789335250854 5510
1649288243559 0.9053995928168297 5560
1649288268719 0.7651858986914157 5610
1649288294344 0.7006605458259583 5660
1649288319866 0.7694325175881386 5710
1649288345204 0.8090299677848816 5760
1649288370201 0.83923160135746 5810
1649288395116 0.7554126352071762 5860
1649288518631 0.7443949282169342 5915
1649288543731 0.7492040413618087 5965
1649288568243 0.6611108085513115 6015
1649288593301 0.8007655003666878 6065
1649288618766 0.7862869165837765 6115
1649288643796 0.7284903040528298 6165
1649288668803 0.7355169168114662 6215
1649288693883 0.9199372300505638 6265
1649288718813 0.7629835948348045 6315
1649288743765 0.7208139654994011 6365
1649288769066 0.7295752295851707 6415
1649288794244 0.7039039367437363 6465
1649288819054 0.9956081634759903 6515
1649288843964 0.7760828866064549 6565
1649288869205 0.7707736390829086 6615
1649288894582 0.6500775158405304 6665
1649288919630 0.7763030034303665 6715
1649288944360 0.7005310103297233 6765
1649288969632 0.6460781434178352 6815
1649288994447 0.6261938773095608 6865
1649289020058 0.8649756491184235 6915
1649289045339 0.7726439175009727 6965
1649289070456 0.7943821153044701 7015
1649289095220 0.8376970924437046 7065
1649289119907 0.7916778692603111 7115
1649289145348 0.7480161467194557 7165
1649289170388 0.8227781447768211 7215
1649289195162 0.7595954358577728 7265
1649289220418 0.6777210535109043 7315
1649289245835 0.8024673035740852 7365
1649289271048 0.7744390045106411 7415
1649289296351 0.8565975943207741 7465
1649289321752 0.6208412429690361 7515
1649289346905 0.6941857145726681 7565
1649289372263 0.7283533011376858 7615
1649289397375 0.8087709829211235 7665
1649289422784 0.582227029055357 7715
1649289447933 0.7405128903687 7765
1649289472687 0.9061160346865654 7815
1649289594716 0.7840693852305413 7870
1649289619689 0.6640680025517941 7920
1649289644792 0.7045075999200344 7970
1649289670380 0.6378253498673438 8020
1649289695397 0.6547493769228458 8070
1649289720800 0.6629518087208272 8120
1649289746146 0.829907841682434 8170
1649289772360 0.7974514186382293 8220
1649289797694 0.8674347127974034 8270
1649289823219 0.6473851419985295 8320
1649289848535 0.8085560643672943 8370
1649289873790 0.5822426761686802 8420
1649289899506 0.7428780201077462 8470
1649289924851 0.8913831232488155 8520
1649289949888 0.6925585752725602 8570
1649289974759 0.7647707104682923 8620
1649289999993 0.781969683021307 8670
1649290025311 0.6602553009986878 8720
1649290050224 0.752195672094822 8770
1649290075184 0.8002327068150044 8820
1649290100074 0.7654247362911701 8870
1649290125226 0.7423130869865417 8920
1649290150427 0.7791675612330436 8970
1649290175554 0.8148096477985383 9020
1649290201045 0.8205261847376824 9070
1649290225939 0.7488897183537483 9120
1649290251218 0.6625832556188107 9170
1649290276256 0.7206925736367702 9220
1649290301292 0.7109199231863021 9270
1649290326315 0.7326418839395046 9320
1649290351654 0.727783836722374 9370
1649290376828 0.7024330669641494 9420
1649290401790 0.6394174554944039 9470
1649290426927 0.6947146047651768 9520
1649290451819 0.7092557556927204 9570
1649290476974 0.6726943020522594 9620
1649290502287 0.6581976670026779 9670
1649290527697 0.6265152874588966 9720
1649290553185 0.6434379001706838 9770
1649290676790 0.7621255727112293 9825
1649290702166 0.6093356844782829 9875
1649290727283 0.7925999239087105 9925
1649290752383 0.6907675755023956 9975
1649290777121 0.6139996422827244 10025
1649290802417 0.6947059845924377 10075
1649290827708 0.7035923956334591 10125
1649290852647 0.6877504128217697 10175
1649290877849 0.6613225701451302 10225
1649290903329 0.6815871651470661 10275
1649290928848 0.7033087129890919 10325
1649290953900 0.681915582716465 10375
1649290978973 0.8473724776506424 10425
1649291004777 0.654667228013277 10475
1649291030042 0.6868120765686035 10525
1649291054844 0.75963772341609 10575
1649291079711 0.7437812104821205 10625
1649291104646 0.5955467124283313 10675
1649291129897 0.5636893032491207 10725
1649291155193 0.6245716759562492 10775
1649291180299 0.7750306990742684 10825
1649291205567 0.7786686140298843 10875
1649291230647 0.606729581952095 10925
1649291255990 0.6537264670431614 10975
1649291280875 0.6228800278902054 11025
1649291305789 0.716803340613842 11075
1649291330742 0.6458779093623161 11125
1649291355474 0.5598235851526261 11175
1649291381020 0.7253626397252083 11225
1649291405775 0.6340540631115437 11275
1649291430778 0.6576024502515793 11325
1649291455723 0.57384392619133 11375
1649291481188 0.6217357137799263 11425
1649291506815 0.6567702187597751 11475
1649291531866 0.6605863226950168 11525
1649291556729 0.6105498068779707 11575
1649291581716 0.7120647075772285 11625
1649291606537 0.6533221411705017 11675
1649291631975 0.8188907119631768 11725
1649291754691 0.6615771915018559 11780
1649291779268 0.572826416939497 11830
1649291804325 0.5453324829041958 11880
1649291829278 0.6585217417776584 11930
1649291854135 0.6415291272103787 11980
1649291878714 0.6230289632081986 12030
1649291904066 0.7008016957342624 12080
1649291929519 0.62513970002532 12130
1649291954889 0.5558490447700024 12180
1649291979516 0.7405605836212635 12230
1649292004686 0.5376164934039116 12280
1649292029505 0.6305436819046736 12330
1649292054560 0.6137230859696865 12380
1649292080023 0.5366941855847835 12430
1649292104811 0.5933605389297009 12480
1649292129791 0.6151374708861113 12530
1649292155261 0.6322880819439888 12580
1649292181322 0.61038938164711 12630
1649292206275 0.6443191435933113 12680
1649292231303 0.5830357418954373 12730
1649292256025 0.6505113109946251 12780
1649292281261 0.7063049902021885 12830
1649292306717 0.609457796961069 12880
1649292331731 0.7032436218857765 12930
1649292356701 0.6279611697793007 12980
1649292381650 0.6519843193888665 13030
1649292407004 0.6139831805229187 13080
1649292432207 0.6910333164036274 13130
1649292457893 0.6605871734023094 13180
1649292482842 0.6867158451676368 13230
1649292508259 0.6616235628724099 13280
1649292533615 0.7268050183355809 13330
1649292559191 0.6690906599164009 13380
1649292584310 0.6529790218174457 13430
1649292609313 0.6056556129455566 13480
1649292634624 0.5850318686664104 13530
1649292659564 0.6614592650532722 13580
1649292684778 0.6180331152677536 13630
1649292709766 0.6433336363732814 13680
1649292831765 0.5833099165558815 13735
1649292856902 0.6498122857511044 13785
1649292882691 0.5972483114898205 13835
1649292908270 0.6206529957056045 13885
1649292933921 0.7770657779276371 13935
1649292958721 0.5287357687950134 13985
1649292983772 0.5339231559634209 14035
1649293008759 0.524904470294714 14085
1649293033732 0.557946505844593 14135
1649293058799 0.6209047254920006 14185
1649293085129 0.6178642842173576 14235
1649293110224 0.5787461623549461 14285
1649293135261 0.5774464344978333 14335
1649293160753 0.6641857694089413 14385
1649293186321 0.6556843815743923 14435
1649293211667 0.5526316548138857 14485
1649293237181 0.6629274399578571 14535
1649293262220 0.6117934504151344 14585
1649293287080 0.5813825449347496 14635
1649293312040 0.6488874812424182 14685
1649293337053 0.5594378323853015 14735
1649293362239 0.5923116552829742 14785
1649293387306 0.647775843590498 14835
1649293412059 0.6227213304489851 14885
1649293436909 0.6135041207075119 14935
1649293461796 0.4769697192311287 14985
1649293486820 0.6519973204284907 15035
1649293511774 0.5608412306010723 15085
1649293536782 0.6359513635933399 15135
1649293561345 0.6188532820343972 15185
1649293586881 0.7289215553551912 15235
1649293611978 0.6945230714976788 15285
1649293637060 0.49214721977710724 15335
1649293662726 0.6027573299407959 15385
1649293687725 0.6432769219577312 15435
1649293712899 0.5952993696928024 15485
1649293738323 0.6726098968088627 15535
1649293763476 0.625412577688694 15585
1649293788743 0.6270682562142611 15635
1649293911679 0.5465067379176617 15690
1649293936871 0.5378734315931797 15740
1649293961847 0.5327703995257616 15790
1649293987227 0.47294775567948816 15840
1649294012295 0.5430911479890347 15890
1649294037730 0.5739675414562225 15940
1649294063099 0.5961472164094448 15990
1649294088492 0.42363010950386526 16040
1649294113498 0.5182678416371346 16090
1649294138955 0.47029483869671823 16140
1649294163871 0.5396159145981073 16190
1649294189422 0.5403646831959485 16240
1649294214767 0.5181355189532042 16290
1649294239820 0.5421410758793354 16340
1649294265026 0.46924366258084776 16390
1649294289904 0.5148207035660743 16440
1649294315197 0.4675580794364214 16490
1649294339958 0.4468637563288212 16540
1649294364745 0.5234065056592226 16590
1649294389729 0.5315092285722494 16640
1649294414795 0.3956943731755018 16690
1649294439721 0.4958645498007536 16740
1649294464729 0.5741186533868313 16790
1649294489775 0.4262227802723646 16840
1649294514802 0.5756223291158676 16890
1649294539808 0.4630776156485081 16940
1649294564894 0.5159576718509197 16990
1649294590011 0.42406047977507116 17040
1649294615443 0.41876725263893605 17090
1649294640282 0.4827324016392231 17140
1649294665139 0.5541440726816654 17190
1649294689706 0.36270400166511535 17240
1649294714948 0.5169751751422882 17290
1649294739952 0.43688100211322306 17340
1649294765193 0.4586833795905113 17390
1649294790279 0.4565326684713364 17440
1649294814924 0.4468650820851326 17490
1649294840490 0.4174713270366192 17540
1649294865328 0.4522686383128166 17590
1649294986816 0.4427011185139418 17645
1649295011817 0.49077278666198254 17695
1649295036807 0.5115483491122723 17745
1649295062302 0.3925492141395807 17795
1649295087255 0.4065535876899958 17845
1649295112280 0.47126519300043584 17895
1649295137341 0.4980293679982424 17945
1649295162787 0.449464001879096 17995
1649295188085 0.5507864597067237 18045
1649295213400 0.460780241265893 18095
1649295238095 0.4471004652231932 18145
1649295263316 0.49090711764991285 18195
1649295288564 0.44322136066854 18245
1649295313485 0.4901091169565916 18295
1649295338685 0.3745082176476717 18345
1649295364211 0.47785666927695275 18395
1649295389049 0.3816739056259394 18445
1649295414032 0.3952493643015623 18495
1649295438719 0.3986704758554697 18545
1649295463501 0.4651368209719658 18595
1649295489168 0.40383204162120817 18645
1649295514265 0.5799921943247318 18695
1649295538707 0.35386487111449244 18745
1649295563937 0.4688023418933153 18795
1649295588863 0.4157148849964142 18845
1649295613701 0.5121215891838073 18895
1649295638744 0.43591086208820345 18945
1649295663433 0.51096211373806 18995
1649295688315 0.45200190544128416 19045
1649295713340 0.48314103662967683 19095
1649295738198 0.3546383033320308 19145
1649295763222 0.3782324033230543 19195
1649295789085 0.43335378743708136 19245
1649295814408 0.41694101329892874 19295
1649295839795 0.48645615875720977 19345
1649295864805 0.4692035299539566 19395
1649295889821 0.39123309932649136 19445
1649295914797 0.40130568742752076 19495
1649295939717 0.34736479733139275 19545
1649296063313 0.49873302757740023 19600
1649296088328 0.43116970218718054 19650
1649296113335 0.4135256452858448 19700
1649296138245 0.4769368662685156 19750
1649296163267 0.4884841872751713 19800
1649296187892 0.38425217680633067 19850
1649296212986 0.4479950737208128 19900
1649296237957 0.40387237958610056 19950
1649296262712 0.39649371240288017 20000
1649296287815 0.39191032372415063 20050
1649296313267 0.42672587133944034 20100
1649296338430 0.4613917715847492 20150
1649296363797 0.43588536702096464 20200
1649296388765 0.4070551121234894 20250
1649296413955 0.44905634120106697 20300
1649296438767 0.4399834005534649 20350
1649296463911 0.3846197394281626 20400
1649296488972 0.40143809288740157 20450
1649296514025 0.4739136915653944 20500
1649296539068 0.3368101584166288 20550
1649296563716 0.34716220520436764 20600
1649296588705 0.39321852892637255 20650
1649296614032 0.469799789711833 20700
1649296639886 0.3784761407226324 20750
1649296664930 0.4080715361237526 20800
1649296689858 0.40605887323617934 20850
1649296714397 0.389520091637969 20900
1649296739254 0.4088829171657562 20950
1649296764455 0.38795414365828035 21000
1649296789693 0.4087969536334276 21050
1649296814704 0.4350902249664068 21100
1649296839716 0.4528255855292082 21150
1649296864695 0.4265672094374895 21200
1649296889362 0.38728385500609874 21250
1649296914401 0.3536803178861737 21300
1649296939393 0.44715966917574407 21350
1649296964392 0.5247204817831517 21400
1649296989184 0.3554764911532402 21450
1649297014598 0.4211272669583559 21500
1649297135883 0.38374978430569173 21555
1649297160801 0.3954253326356411 21605
1649297186067 0.397519658356905 21655
1649297211310 0.4447293075174093 21705
1649297236242 0.36989876374602315 21755
1649297261066 0.4467778338491917 21805
1649297286102 0.4936185548454523 21855
1649297311037 0.3402047908678651 21905
1649297336271 0.47831709541380407 21955
1649297361201 0.3705885920673609 22005
1649297385982 0.3649704942852259 22055
1649297411143 0.4424969833344221 22105
1649297436230 0.40567973591387274 22155
1649297461105 0.4589633671194315 22205
1649297486358 0.3390955401957035 22255
1649297511491 0.438922136798501 22305
1649297536065 0.3752859934791923 22355
1649297560807 0.42058406852185726 22405
1649297585584 0.3359682970494032 22455
1649297610081 0.3623677747324109 22505
1649297634872 0.3910128751024604 22555
1649297660239 0.4094789487123489 22605
1649297685838 0.39532097298651936 22655
1649297711779 0.4319593480229378 22705
1649297736961 0.39936561152338984 22755
1649297761740 0.33844806157052515 22805
1649297786334 0.40964912474155424 22855
1649297811168 0.38368605837225916 22905
1649297836237 0.36102589659392836 22955
1649297861256 0.3889393145591021 23005
1649297886251 0.3925261899083853 23055
1649297911291 0.36286703184247016 23105
1649297936281 0.37048950113356116 23155
1649297961392 0.42817708663642406 23205
1649297986375 0.4353132551908493 23255
1649298011445 0.39644341461360455 23305
1649298036220 0.33958487294614315 23355
1649298060921 0.429313851967454 23405
1649298086228 0.37587414458394053 23455
