1649285278947 0.6525181365013123 50
1649285304271 0.4484591901302338 100
1649285329582 0.23580763548612593 150
1649285354431 0.14474939718842506 200
1649285379835 0.12229715920984745 250
1649285405226 0.09404815189540386 300
1649285430470 0.0800891275331378 350
1649285456047 0.08854403857141734 400
1649285481352 0.07528039509430527 450
1649285506674 0.06303356040269137 500
1649285531906 0.08315978711470962 550
1649285556812 0.08049247501417994 600
1649285582292 0.057123054349794984 650
1649285607413 0.05959219953045249 700
1649285632266 0.07235151888802648 750
1649285657208 0.04315293794497847 800
1649285682356 0.0653302688524127 850
1649285707638 0.07246423529461027 900
1649285732851 0.07268763063475489 950
1649285757634 0.05931810750626028 1000
1649285783482 0.056111505636945364 1050
1649285808779 0.06420653007924557 1100
1649285834024 0.04884733932092786 1150
1649285859184 0.05282070273533464 1200
1649285884259 0.06152540733106435 1250
1649285909684 0.03385939527302981 1300
1649285935399 0.053905937802046534 1350
1649285960523 0.04697612701915205 1400
1649285985267 0.0472747207339853 1450
1649286010320 0.050932202208787206 1500
1649286035409 0.05038205706514418 1550
1649286060734 0.05101665452122688 1600
1649286085793 0.043703422471880915 1650
1649286110899 0.0332747670635581 1700
1649286135912 0.05892851990181953 1750
1649286160706 0.04953465722035617 1800
1649286185738 0.038738043205812575 1850
1649286210729 0.04952941724099219 1900
1649286235676 0.05701163520570844 1950
1649286359275 0.04981483863666654 2005
1649286384501 0.042273978664306926 2055
1649286409308 0.03426080747507512 2105
1649286434738 0.05069333957508206 2155
1649286460104 0.05705948891118169 2205
1649286485360 0.043411286789923904 2255
1649286510219 0.04652615275233984 2305
1649286535271 0.043340369511861356 2355
1649286560611 0.0475111666880548 2405
1649286585831 0.05190795325674116 2455
1649286610758 0.04938313722610474 2505
1649286636368 0.06680835648439824 2555
1649286661367 0.03469714493490755 2605
1649286686410 0.03370094655547291 2655
1649286711859 0.04208709026686847 2705
1649286737148 0.04800501207821071 2755
1649286762035 0.042846390255726875 2805
1649286786930 0.03221111500402912 2855
1649286812268 0.049137966139242054 2905
1649286837551 0.03816213608253747 2955
1649286862792 0.047819063533097506 3005
1649286888152 0.04029210758861154 3055
1649286913328 0.03147099710302428 3105
1649286938258 0.03942573318025097 3155
1649286963471 0.052975540985353294 3205
1649286988680 0.036959783085621895 3255
1649287013829 0.03714636061806232 3305
1649287039360 0.03706667732913047 3355
1649287064225 0.03363269404042512 3405
1649287089245 0.04026080003241077 3455
1649287114318 0.03728570630308241 3505
1649287139468 0.03789229279616848 3555
1649287164321 0.04290661600185558 3605
1649287189493 0.044637329704128204 3655
1649287214470 0.04628128017298877 3705
1649287239494 0.045262327697128055 3755
1649287264396 0.03890774894040078 3805
1649287289283 0.047540121534839275 3855
1649287314472 0.04759877068456262 3905
1649287438200 0.03897723418544047 3960
1649287463659 0.03582423860672861 4010
1649287489071 0.030864833993837236 4060
1649287514278 0.032552700620144606 4110
1649287539352 0.044581049545668064 4160
1649287564590 0.030574795906431973 4210
1649287589703 0.03701368539012037 4260
1649287614325 0.027721094470471143 4310
1649287639665 0.02834655111655593 4360
1649287664962 0.039863769449293616 4410
1649287689921 0.036189701627008616 4460
1649287715266 0.027147278250195087 4510
1649287740322 0.04275305662304163 4560
1649287765214 0.03198790829628706 4610
1649287790267 0.026245456701144577 4660
1649287815521 0.04660291670821607 4710
1649287840812 0.033445671335794035 4760
1649287865957 0.03851034534163773 4810
1649287890969 0.03013743579387665 4860
1649287916133 0.037454522806219755 4910
1649287941451 0.03563179603079334 4960
1649287967177 0.04711092168930918 5010
1649287992279 0.03419041721121175 5060
1649288017212 0.047077443457674235 5110
1649288042190 0.03626915217144415 5160
1649288066821 0.03837962536374107 5210
1649288091415 0.029347219369374216 5260
1649288116263 0.03401040046475828 5310
1649288141329 0.028451919723302126 5360
1649288166613 0.036404870352707806 5410
1649288192419 0.028249124777503312 5460
1649288217961 0.035532038989476857 5510
1649288243559 0.05100462217349559 5560
1649288268719 0.04189365872181952 5610
1649288294344 0.03163978626485914 5660
1649288319866 0.033498399949166924 5710
1649288345204 0.0365009523590561 5760
1649288370201 0.03553069394081831 5810
1649288395116 0.041368540322873744 5860
1649288518631 0.02916888951556757 5915
1649288543731 0.031514087258838114 5965
1649288568243 0.022574907385278495 6015
1649288593301 0.029668189696967603 6065
1649288618766 0.03200722460635006 6115
1649288643796 0.030623390192631633 6165
1649288668803 0.02759768224321306 6215
1649288693883 0.03429606212768704 6265
1649288718813 0.030940964142791925 6315
1649288743765 0.03161101484205574 6365
1649288769066 0.0364227335061878 6415
1649288794244 0.032103182075079534 6465
1649288819054 0.042664047749713066 6515
1649288843964 0.03846214672434144 6565
1649288869205 0.026842886649537833 6615
1649288894582 0.02170270906877704 6665
1649288919630 0.029848060593940316 6715
1649288944360 0.023544237272581085 6765
1649288969632 0.02377365419175476 6815
1649288994447 0.02292059436207637 6865
1649289020058 0.03450999361462891 6915
1649289045339 0.03427109457319602 6965
1649289070456 0.026608940785517916 7015
1649289095220 0.032787360025104136 7065
1649289119907 0.038736452162265775 7115
1649289145348 0.027526059178635476 7165
1649289170388 0.04065383574808948 7215
1649289195162 0.032442962630884725 7265
1649289220418 0.024964870624244212 7315
1649289245835 0.03757931238505989 7365
1649289271048 0.0366511797090061 7415
1649289296351 0.038767011311720126 7465
1649289321752 0.033631159346550706 7515
1649289346905 0.02321503256680444 7565
1649289372263 0.03114503189921379 7615
1649289397375 0.032771558742970226 7665
1649289422784 0.02342564778868109 7715
1649289447933 0.027244727108627558 7765
1649289472687 0.05682489485247061 7815
1649289594716 0.030416967244818807 7870
1649289619689 0.025481285310816018 7920
1649289644792 0.019398091920884326 7970
1649289670380 0.024122150773182513 8020
1649289695397 0.022579511689255014 8070
1649289720800 0.025587423332035543 8120
1649289746146 0.03126229955698363 8170
1649289772360 0.02761001876089722 8220
1649289797694 0.032424620839883574 8270
1649289823219 0.022441404175478966 8320
1649289848535 0.027711788348970003 8370
1649289873790 0.025032436355249956 8420
1649289899506 0.02465195816475898 8470
1649289924851 0.03785972836893052 8520
1649289949888 0.02583201049361378 8570
1649289974759 0.03115768382092938 8620
1649289999993 0.03492485324386507 8670
1649290025311 0.022831164794042708 8720
1649290050224 0.025110904856119304 8770
1649290075184 0.03235043873777613 8820
1649290100074 0.03418584301834926 8870
1649290125226 0.02475799824576825 8920
1649290150427 0.02501836898853071 8970
1649290175554 0.02366923521825811 9020
1649290201045 0.04271767501719296 9070
1649290225939 0.028322256367537192 9120
1649290251218 0.02196945848641917 9170
1649290276256 0.021345453718677163 9220
1649290301292 0.03029114573961124 9270
1649290326315 0.030845097126439215 9320
1649290351654 0.027687155664898454 9370
1649290376828 0.01988939007278532 9420
1649290401790 0.022561479339492506 9470
1649290426927 0.024064102629199623 9520
1649290451819 0.029076117019285447 9570
1649290476974 0.020599045746494085 9620
1649290502287 0.022536319253267722 9670
1649290527697 0.021155713041080163 9720
1649290553185 0.026849933061748744 9770
1649290676790 0.0270714662282262 9825
1649290702166 0.021835221607470885 9875
1649290727283 0.03173531669192016 9925
1649290752383 0.024320356450043618 9975
1649290777121 0.020109147259499877 10025
1649290802417 0.026215916831279173 10075
1649290827708 0.026054786934982987 10125
1649290852647 0.032412482949439436 10175
1649290877849 0.025704983070027082 10225
1649290903329 0.02229367587773595 10275
1649290928848 0.019106112223817036 10325
1649290953900 0.020182246573385784 10375
1649290978973 0.0341106249531731 10425
1649291004777 0.01936236969195306 10475
1649291030042 0.023630754937184976 10525
1649291054844 0.02565393138327636 10575
1649291079711 0.02184737400326412 10625
1649291104646 0.015923536627669817 10675
1649291129897 0.018003100234200247 10725
1649291155193 0.019424430046929047 10775
1649291180299 0.03198237163946033 10825
1649291205567 0.02671423479449004 10875
1649291230647 0.024242375252069907 10925
1649291255990 0.022344331592321395 10975
1649291280875 0.02319632533704862 11025
1649291305789 0.026773987903725358 11075
1649291330742 0.022939486796967685 11125
1649291355474 0.02282589748268947 11175
1649291381020 0.03285997859667986 11225
1649291405775 0.023972159407567233 11275
1649291430778 0.02170711026294157 11325
1649291455723 0.023635524567798712 11375
1649291481188 0.017592293251072987 11425
1649291506815 0.021876331777311863 11475
1649291531866 0.021416977668413894 11525
1649291556729 0.02747066417185124 11575
1649291581716 0.028680115930037574 11625
1649291606537 0.023178271491779014 11675
1649291631975 0.03417585457791574 11725
1649291754691 0.028211469562957062 11780
1649291779268 0.018141754979733377 11830
1649291804325 0.018754372199764474 11880
1649291829278 0.021903093486325815 11930
1649291854135 0.03178899638121948 11980
1649291878714 0.022271492818836124 12030
1649291904066 0.023771116472780705 12080
1649291929519 0.025331159408087844 12130
1649291954889 0.024575348830549047 12180
1649291979516 0.028949841490248217 12230
1649292004686 0.02100465461204294 12280
1649292029505 0.019256101872888395 12330
1649292054560 0.020354916433570906 12380
1649292080023 0.017958116019144654 12430
1649292104811 0.023852710708742963 12480
1649292129791 0.02151866331580095 12530
1649292155261 0.023061307615134866 12580
1649292181322 0.024151513427495955 12630
1649292206275 0.02211618846456986 12680
1649292231303 0.018717873466666788 12730
1649292256025 0.021129429818829523 12780
1649292281261 0.024662143730092793 12830
1649292306717 0.021611643578216898 12880
1649292331731 0.02500693203182891 12930
1649292356701 0.01950554581693723 12980
1649292381650 0.02022924941033125 13030
1649292407004 0.022417180015472694 13080
1649292432207 0.028884437445085495 13130
1649292457893 0.02310651539824903 13180
1649292482842 0.020174320032820107 13230
1649292508259 0.02329507189919241 13280
1649292533615 0.024156260058516635 13330
1649292559191 0.022705047415802256 13380
1649292584310 0.021769255058607086 13430
1649292609313 0.02625240171328187 13480
1649292634624 0.020392873746459372 13530
1649292659564 0.023597054898273198 13580
1649292684778 0.022962759440997616 13630
1649292709766 0.020492769366828725 13680
1649292831765 0.016119809756055474 13735
1649292856902 0.01731630826048786 13785
1649292882691 0.01810278884426225 13835
1649292908270 0.017035397662548347 13885
1649292933921 0.026102179946610703 13935
1649292958721 0.017297414309578017 13985
1649292983772 0.01603078650776297 14035
1649293008759 0.017296058962820098 14085
1649293033732 0.02403021144651575 14135
1649293058799 0.02162545236060396 14185
1649293085129 0.02532659546355717 14235
1649293110224 0.01741258781577926 14285
1649293135261 0.01652525439742021 14335
1649293160753 0.02145499026752077 14385
1649293186321 0.01919305447197985 14435
1649293211667 0.020193861901643687 14485
1649293237181 0.0219604641359183 14535
1649293262220 0.021258207516802942 14585
1649293287080 0.018014726494438946 14635
1649293312040 0.02359926632954739 14685
1649293337053 0.019469244583742693 14735
1649293362239 0.02231539740518201 14785
1649293387306 0.022297411258914508 14835
1649293412059 0.027256152767222375 14885
1649293436909 0.02718339252489386 14935
1649293461796 0.013570061377249658 14985
1649293486820 0.02384624903090298 15035
1649293511774 0.022765738202724605 15085
1649293536782 0.020508965040789917 15135
1649293561345 0.029057732650544496 15185
1649293586881 0.0298418239178136 15235
1649293611978 0.025865308651918894 15285
1649293637060 0.018803098842618056 15335
1649293662726 0.02007830437272787 15385
1649293687725 0.02106425345991738 15435
1649293712899 0.02152338798623532 15485
1649293738323 0.024647721689543687 15535
1649293763476 0.018631484115612693 15585
1649293788743 0.020148303691821638 15635
1649293911679 0.017601300787646323 15690
1649293936871 0.016070749155478552 15740
1649293961847 0.017126614016015083 15790
1649293987227 0.012946317058522254 15840
1649294012295 0.019414156498969534 15890
1649294037730 0.021376778672565707 15940
1649294063099 0.01585808630043175 15990
1649294088492 0.010702786503825336 16040
1649294113498 0.015306860232667531 16090
1649294138955 0.0141134399024304 16140
1649294163871 0.01437936253263615 16190
1649294189422 0.017139916555024684 16240
1649294214767 0.015429185362299903 16290
1649294239820 0.015889462139457463 16340
1649294265026 0.01352074431895744 16390
1649294289904 0.018243307615048252 16440
1649294315197 0.015399440479231998 16490
1649294339958 0.012343093245581258 16540
1649294364745 0.019025804545672143 16590
1649294389729 0.019935426404699683 16640
1649294414795 0.010915303871151992 16690
1649294439721 0.014693635852599982 16740
1649294464729 0.017989925856818446 16790
1649294489775 0.01672174135281239 16840
1649294514802 0.015576604971429334 16890
1649294539808 0.015886572937015443 16940
1649294564894 0.01588335664186161 16990
1649294590011 0.012805219696238055 17040
1649294615443 0.017928749705315567 17090
1649294640282 0.013940124360524352 17140
1649294665139 0.02069627365330234 17190
1649294689706 0.012573562792968005 17240
1649294714948 0.016296652415185235 17290
1649294739952 0.014043655053246767 17340
1649294765193 0.01074385862040799 17390
1649294790279 0.015778396513778718 17440
1649294814924 0.0110365775928949 17490
1649294840490 0.012776113384170458 17540
1649294865328 0.013756152188288979 17590
1649294986816 0.013325228831745336 17645
1649295011817 0.013783599265880185 17695
1649295036807 0.014555854275240563 17745
1649295062302 0.013746359099750407 17795
1649295087255 0.010994684942415915 17845
1649295112280 0.012579435732186539 17895
1649295137341 0.014047850422211922 17945
1649295162787 0.013035591046209447 17995
1649295188085 0.015879987557127606 18045
1649295213400 0.010920611209003254 18095
1649295238095 0.012859780229628087 18145
1649295263316 0.013653273383097258 18195
1649295288564 0.011679166626418009 18245
1649295313485 0.01325884301943006 18295
1649295338685 0.011239916123449802 18345
1649295364211 0.019030031539441553 18395
1649295389049 0.010621436596265995 18445
1649295414032 0.011259751192119439 18495
1649295438719 0.012082023920374923 18545
1649295463501 0.015453417333192191 18595
1649295489168 0.010356302685977425 18645
1649295514265 0.016568212812999264 18695
1649295538707 0.013361421768640866 18745
1649295563937 0.014769757737522014 18795
1649295588863 0.014520640980626921 18845
1649295613701 0.015331789316260256 18895
1649295638744 0.01191036898875609 18945
1649295663433 0.017391503911348992 18995
1649295688315 0.01078991863556439 19045
1649295713340 0.014232703898451292 19095
1649295738198 0.011223833622643724 19145
1649295763222 0.009969957029970828 19195
1649295789085 0.011938483281701337 19245
1649295814408 0.012840221178039428 19295
1649295839795 0.012392591870157049 19345
1649295864805 0.012700672852515709 19395
1649295889821 0.010875478123198263 19445
1649295914797 0.01456387013226049 19495
1649295939717 0.009638529124931666 19545
1649296063313 0.0151679557870375 19600
1649296088328 0.013202788657217752 19650
1649296113335 0.010664771485025995 19700
1649296138245 0.013036352960043587 19750
1649296163267 0.014509804621193325 19800
1649296187892 0.01173368985299021 19850
1649296212986 0.015210543045541272 19900
1649296237957 0.01181980860666954 19950
1649296262712 0.012124157335492783 20000
1649296287815 0.013122079544555163 20050
1649296313267 0.010947213047766127 20100
1649296338430 0.014998340383172035 20150
1649296363797 0.01475705668941373 20200
1649296388765 0.012020547665888443 20250
1649296413955 0.011275664980930742 20300
1649296438767 0.011857983959198464 20350
1649296463911 0.009527828147110996 20400
1649296488972 0.009830691036186182 20450
1649296514025 0.012748170106206089 20500
1649296539068 0.0102089968182554 20550
1649296563716 0.00850639164171298 20600
1649296588705 0.011760716702683567 20650
1649296614032 0.012475478614505845 20700
1649296639886 0.010405865555949276 20750
1649296664930 0.013400609590607928 20800
1649296689858 0.010508775976486504 20850
1649296714397 0.01069011254585348 20900
1649296739254 0.011060456720879302 20950
1649296764455 0.010319922876369673 21000
1649296789693 0.011961188845743891 21050
1649296814704 0.013433274588314816 21100
1649296839716 0.014264804775957601 21150
1649296864695 0.010610635510238354 21200
1649296889362 0.011729157264344394 21250
1649296914401 0.008470444566410152 21300
1649296939393 0.012555695123737678 21350
1649296964392 0.018107309548868217 21400
1649296989184 0.00955353412166005 21450
1649297014598 0.012615219768194947 21500
1649297135883 0.01207506522332551 21555
1649297160801 0.011212127279286506 21605
1649297186067 0.011663391712354497 21655
1649297211310 0.013060692449653289 21705
1649297236242 0.010483430085878353 21755
1649297261066 0.01110262887814315 21805
1649297286102 0.012073147796909324 21855
1649297311037 0.008143955596460728 21905
1649297336271 0.015294745406281436 21955
1649297361201 0.010753986405397882 22005
1649297385982 0.008874711230746471 22055
1649297411143 0.013321055975065974 22105
1649297436230 0.014492545849934686 22155
1649297461105 0.015221855234412942 22205
1649297486358 0.010661385116982273 22255
1649297511491 0.01242062471457757 22305
1649297536065 0.008165780215567792 22355
1649297560807 0.013330733036273159 22405
1649297585584 0.009842443653033115 22455
1649297610081 0.01297003494510136 22505
1649297634872 0.009826388318397222 22555
1649297660239 0.01066337341675535 22605
1649297685838 0.008028057453775545 22655
1649297711779 0.012075088170240634 22705
1649297736961 0.010554370626487071 22755
1649297761740 0.008787674602353945 22805
1649297786334 0.014690154138952494 22855
1649297811168 0.010435579854238312 22905
1649297836237 0.009986065487319139 22955
1649297861256 0.013141644066781737 23005
1649297886251 0.01222823133924976 23055
1649297911291 0.011168010656838305 23105
1649297936281 0.009384855346288532 23155
1649297961392 0.012255677809444024 23205
1649297986375 0.011877831396413968 23255
1649298011445 0.01108075562515296 23305
1649298036220 0.007256722368765622 23355
1649298060921 0.00982196711229335 23405
1649298086228 0.011730442271218635 23455
