1648791572032 9.890199999999994e-06 50
1648791589808 1.9880199999999993e-05 100
1648791606981 2.9870200000000004e-05 150
1648791624662 3.98602e-05 200
1648791642742 4.98502e-05 250
1648791659717 5.9840200000000003e-05 300
1648791677409 6.98302e-05 350
1648791695200 7.98202e-05 400
1648791712627 8.981020000000001e-05 450
1648791730055 9.98002e-05 500
1648791748249 0.0001 550
1648791765809 0.0001 600
1648791784932 0.0001 650
1648791802338 0.0001 700
1648791818875 0.0001 750
1648791836870 0.0001 800
1648791854732 0.0001 850
1648791872373 0.0001 900
1648791890106 0.0001 950
1648791907564 0.0001 1000
1648791918403 0.0001 1050
1648791928908 0.0001 1100
1648791939838 0.0001 1150
1648791949692 0.0001 1200
1648791958882 0.0001 1250
1648791969589 0.0001 1300
1648791980408 0.0001 1350
1648791989072 0.0001 1400
1648792001636 0.0001 1450
1648792015742 0.0001 1500
1648792030548 0.0001 1550
1648792043596 0.0001 1600
1648792058077 0.0001 1650
1648792071835 0.0001 1700
1648792086429 0.0001 1750
1648792100227 0.0001 1800
1648792112715 0.0001 1850
1648792126465 0.0001 1900
1648792141502 0.0001 1950
1648792216298 0.0001 1956
1648792232476 0.0001 2005
1648792245876 0.0001 2055
1648792259919 0.0001 2105
1648792274562 0.0001 2155
1648792288443 0.0001 2205
1648792301071 0.0001 2255
1648792315336 0.0001 2305
1648792330237 0.0001 2355
1648792344343 0.0001 2405
1648792358997 0.0001 2455
1648792374038 0.0001 2505
1648792388473 0.0001 2555
1648792402136 0.0001 2605
1648792415751 0.0001 2655
1648792428917 0.0001 2705
1648792442193 0.0001 2755
1648792454784 0.0001 2805
1648792469807 0.0001 2855
1648792484001 0.0001 2905
1648792496788 0.0001 2955
1648792509299 0.0001 3005
1648792520423 0.0001 3055
1648792530999 0.0001 3105
1648792542166 0.0001 3155
1648792552080 0.0001 3205
1648792562839 0.0001 3255
1648792573366 0.0001 3305
1648792584101 0.0001 3355
1648792591450 0.0001 3405
1648792598250 0.0001 3455
1648792604931 0.0001 3505
1648792612297 0.0001 3555
1648792619256 0.0001 3605
1648792627459 0.0001 3655
1648792638593 0.0001 3705
1648792649366 0.0001 3755
1648792660284 0.0001 3805
1648792672059 0.0001 3855
1648792682768 0.0001 3905
1648792740359 0.0001 3911
1648792753421 0.0001 3960
1648792764539 0.0001 4010
1648792775180 0.0001 4060
1648792786467 0.0001 4110
1648792798011 0.0001 4160
1648792808549 0.0001 4210
1648792819305 0.0001 4260
1648792829572 0.0001 4310
1648792840287 0.0001 4360
1648792850909 0.0001 4410
1648792862351 0.0001 4460
1648792873802 0.0001 4510
1648792884783 0.0001 4560
1648792895918 0.0001 4610
1648792905113 0.0001 4660
1648792912789 0.0001 4710
1648792920436 0.0001 4760
1648792928026 0.0001 4810
1648792934946 0.0001 4860
1648792941734 0.0001 4910
1648792948465 0.0001 4960
1648792955128 0.0001 5010
1648792962042 0.0001 5060
1648792968918 0.0001 5110
1648792975853 0.0001 5160
1648792982623 0.0001 5210
1648792989462 0.0001 5260
1648792996330 0.0001 5310
1648793002973 0.0001 5360
1648793009928 0.0001 5410
1648793017146 0.0001 5460
1648793023920 0.0001 5510
1648793030646 0.0001 5560
1648793037838 0.0001 5610
1648793044613 0.0001 5660
1648793051423 0.0001 5710
1648793058212 0.0001 5760
1648793064999 0.0001 5810
1648793071755 0.0001 5860
1648793111595 0.0001 5866
1648793121069 0.0001 5915
1648793128736 0.0001 5965
1648793135413 0.0001 6015
1648793142130 0.0001 6065
1648793149049 0.0001 6115
1648793155882 0.0001 6165
1648793162819 0.0001 6215
1648793169638 0.0001 6265
1648793176593 0.0001 6315
1648793183304 0.0001 6365
1648793190156 0.0001 6415
1648793197278 0.0001 6465
1648793204077 0.0001 6515
1648793210789 0.0001 6565
1648793218048 0.0001 6615
1648793225555 0.0001 6665
1648793233099 0.0001 6715
1648793240084 0.0001 6765
1648793246877 0.0001 6815
1648793254351 0.0001 6865
1648793261148 0.0001 6915
1648793267876 0.0001 6965
1648793275229 0.0001 7015
1648793281953 0.0001 7065
1648793288752 0.0001 7115
1648793295560 0.0001 7165
1648793302288 0.0001 7215
1648793309059 0.0001 7265
1648793315805 0.0001 7315
1648793322608 0.0001 7365
1648793329389 0.0001 7415
1648793336335 0.0001 7465
1648793343465 0.0001 7515
1648793350344 0.0001 7565
1648793356966 0.0001 7615
1648793363833 0.0001 7665
1648793370610 0.0001 7715
1648793377417 0.0001 7765
1648793384215 0.0001 7815
1648793425337 0.0001 7821
1648793434214 0.0001 7870
1648793441014 0.0001 7920
1648793447807 0.0001 7970
1648793454809 0.0001 8020
1648793461708 0.0001 8070
1648793468436 0.0001 8120
1648793475166 0.0001 8170
1648793482036 0.0001 8220
1648793488684 0.0001 8270
1648793495427 0.0001 8320
1648793502221 0.0001 8370
1648793508912 0.0001 8420
1648793515652 0.0001 8470
1648793522323 0.0001 8520
1648793529041 0.0001 8570
1648793536037 0.0001 8620
1648793542706 0.0001 8670
1648793549421 0.0001 8720
1648793556129 0.0001 8770
1648793562768 0.0001 8820
1648793569578 0.0001 8870
1648793576240 0.0001 8920
1648793582988 0.0001 8970
1648793589901 0.0001 9020
1648793596634 0.0001 9070
1648793603293 0.0001 9120
1648793610056 0.0001 9170
1648793616854 0.0001 9220
1648793623630 0.0001 9270
1648793630416 0.0001 9320
1648793637118 0.0001 9370
1648793643939 0.0001 9420
1648793650746 0.0001 9470
1648793657721 0.0001 9520
1648793664543 0.0001 9570
1648793671695 0.0001 9620
1648793678468 0.0001 9670
1648793685227 0.0001 9720
1648793692956 0.0001 9770
1648793733746 0.0001 9776
1648793742787 0.0001 9825
1648793749478 0.0001 9875
1648793756321 0.0001 9925
1648793763374 0.0001 9975
1648793770283 0.0001 10025
1648793777068 0.0001 10075
1648793783790 0.0001 10125
1648793790613 0.0001 10175
1648793797475 0.0001 10225
1648793804114 0.0001 10275
1648793810793 0.0001 10325
1648793817707 0.0001 10375
1648793824490 0.0001 10425
1648793831824 0.0001 10475
1648793838727 0.0001 10525
1648793845486 0.0001 10575
1648793852411 0.0001 10625
1648793859525 0.0001 10675
1648793866348 0.0001 10725
1648793873238 0.0001 10775
1648793880350 0.0001 10825
1648793887188 0.0001 10875
1648793893959 0.0001 10925
1648793901109 0.0001 10975
1648793907799 0.0001 11025
1648793914532 0.0001 11075
1648793921427 0.0001 11125
1648793928224 0.0001 11175
1648793934912 0.0001 11225
1648793941662 0.0001 11275
1648793948372 0.0001 11325
1648793955149 0.0001 11375
1648793961941 0.0001 11425
1648793968811 0.0001 11475
1648793975834 0.0001 11525
1648793982951 0.0001 11575
1648793989698 0.0001 11625
1648793996407 0.0001 11675
1648794003100 0.0001 11725
1648794042910 0.0001 11731
1648794051877 0.0001 11780
1648794058724 0.0001 11830
1648794065586 0.0001 11880
1648794072427 0.0001 11930
1648794079372 0.0001 11980
1648794086138 0.0001 12030
1648794093104 0.0001 12080
1648794099968 0.0001 12130
1648794106916 0.0001 12180
1648794113841 0.0001 12230
1648794121334 0.0001 12280
1648794128167 0.0001 12330
1648794134988 0.0001 12380
1648794141702 0.0001 12430
1648794148389 0.0001 12480
1648794156645 0.0001 12530
1648794163634 0.0001 12580
1648794170968 0.0001 12630
1648794178299 0.0001 12680
1648794185069 0.0001 12730
1648794192033 0.0001 12780
1648794199906 0.0001 12830
1648794207235 0.0001 12880
1648794214399 0.0001 12930
1648794221106 0.0001 12980
1648794227854 0.0001 13030
1648794234578 0.0001 13080
1648794241284 0.0001 13130
1648794248054 0.0001 13180
1648794254801 0.0001 13230
1648794261628 0.0001 13280
1648794268452 0.0001 13330
1648794275206 0.0001 13380
1648794281984 0.0001 13430
1648794288786 0.0001 13480
1648794295598 0.0001 13530
1648794302921 0.0001 13580
1648794310129 0.0001 13630
1648794317099 0.0001 13680
1648794356920 0.0001 13686
1648794365840 0.0001 13735
1648794372543 0.0001 13785
1648794379289 0.0001 13835
1648794386027 0.0001 13885
1648794392869 0.0001 13935
1648794399632 0.0001 13985
1648794406766 0.0001 14035
1648794413614 0.0001 14085
1648794420332 0.0001 14135
1648794427039 0.0001 14185
1648794434126 0.0001 14235
1648794440871 0.0001 14285
1648794447640 0.0001 14335
1648794454379 0.0001 14385
1648794461179 0.0001 14435
1648794467995 0.0001 14485
1648794474785 0.0001 14535
1648794481728 0.0001 14585
1648794488522 0.0001 14635
1648794495229 0.0001 14685
1648794502024 0.0001 14735
1648794508926 0.0001 14785
1648794515663 0.0001 14835
1648794522410 0.0001 14885
1648794529151 0.0001 14935
1648794535914 0.0001 14985
1648794543063 0.0001 15035
1648794549836 0.0001 15085
1648794556936 0.0001 15135
1648794563724 0.0001 15185
1648794570464 0.0001 15235
1648794577336 0.0001 15285
1648794584072 0.0001 15335
1648794590710 0.0001 15385
1648794597471 0.0001 15435
1648794604368 0.0001 15485
1648794611272 0.0001 15535
1648794618424 0.0001 15585
1648794625773 0.0001 15635
1648794665987 0.0001 15641
1648794675315 1e-05 15690
1648794682451 1e-05 15740
1648794689255 1e-05 15790
1648794696053 1e-05 15840
1648794702716 1e-05 15890
1648794709399 1e-05 15940
1648794716433 1e-05 15990
1648794723141 1e-05 16040
1648794730146 1e-05 16090
1648794736864 1e-05 16140
1648794743579 1e-05 16190
1648794750427 1e-05 16240
1648794757166 1e-05 16290
1648794764103 1e-05 16340
1648794770980 1e-05 16390
1648794777735 1e-05 16440
1648794784440 1e-05 16490
1648794791218 1e-05 16540
1648794798152 1e-05 16590
1648794804932 1e-05 16640
1648794812103 1e-05 16690
1648794819561 1e-05 16740
1648794826813 1e-05 16790
1648794834223 1e-05 16840
1648794841173 1e-05 16890
1648794848206 1e-05 16940
1648794854957 1e-05 16990
1648794861648 1e-05 17040
1648794868538 1e-05 17090
1648794875256 1e-05 17140
1648794881989 1e-05 17190
1648794888693 1e-05 17240
1648794895612 1e-05 17290
1648794902326 1e-05 17340
1648794908982 1e-05 17390
1648794915690 1e-05 17440
1648794922423 1e-05 17490
1648794929153 1e-05 17540
1648794935889 1e-05 17590
1648794975466 1e-05 17596
1648794984451 1e-05 17645
1648794991257 1e-05 17695
1648794998015 1e-05 17745
1648795004854 1e-05 17795
1648795011872 1e-05 17845
1648795018633 1e-05 17895
1648795025452 1e-05 17945
1648795032267 1e-05 17995
1648795039346 1e-05 18045
1648795046044 1e-05 18095
1648795053037 1e-05 18145
1648795059773 1e-05 18195
1648795066564 1e-05 18245
1648795073486 1e-05 18295
1648795080655 1e-05 18345
1648795087358 1e-05 18395
1648795094128 1e-05 18445
1648795100911 1e-05 18495
1648795107756 1e-05 18545
1648795114803 1e-05 18595
1648795121604 1e-05 18645
1648795128452 1e-05 18695
1648795135196 1e-05 18745
1648795142313 1e-05 18795
1648795149005 1e-05 18845
1648795155690 1e-05 18895
1648795162430 1e-05 18945
1648795169156 1e-05 18995
1648795175997 1e-05 19045
1648795182988 1e-05 19095
1648795189754 1e-05 19145
1648795196701 1e-05 19195
1648795203466 1e-05 19245
1648795210292 1e-05 19295
1648795217198 1e-05 19345
1648795223890 1e-05 19395
1648795230925 1e-05 19445
1648795237859 1e-05 19495
1648795244630 1e-05 19545
1648795284932 1e-05 19551
1648795293859 1e-05 19600
1648795300919 1e-05 19650
1648795308034 1e-05 19700
1648795314827 1e-05 19750
1648795321661 1e-05 19800
1648795328594 1e-05 19850
1648795336174 1e-05 19900
1648795343130 1e-05 19950
1648795349820 1e-05 20000
1648795356634 1e-05 20050
1648795364624 1e-05 20100
1648795371297 1e-05 20150
1648795378539 1e-05 20200
1648795385742 1e-05 20250
1648795392458 1e-05 20300
1648795399412 1e-05 20350
1648795406459 1e-05 20400
1648795413335 1e-05 20450
1648795420220 1e-05 20500
1648795427146 1e-05 20550
1648795433899 1e-05 20600
1648795440928 1e-05 20650
1648795447748 1e-05 20700
1648795454538 1e-05 20750
1648795461709 1e-05 20800
1648795468432 1e-05 20850
1648795476112 1e-05 20900
1648795483096 1e-05 20950
1648795489798 1e-05 21000
1648795496588 1e-05 21050
1648795503346 1e-05 21100
1648795510198 1e-05 21150
1648795516925 1e-05 21200
1648795523796 1e-05 21250
1648795530498 1e-05 21300
1648795538075 1e-05 21350
1648795544924 1e-05 21400
1648795551935 1e-05 21450
1648795559507 1e-05 21500
1648795600945 1e-05 21506
1648795609904 1.0000000000000002e-06 21555
1648795616684 1.0000000000000002e-06 21605
1648795623811 1.0000000000000002e-06 21655
1648795630769 1.0000000000000002e-06 21705
1648795637739 1.0000000000000002e-06 21755
1648795644669 1.0000000000000002e-06 21805
1648795652209 1.0000000000000002e-06 21855
1648795659122 1.0000000000000002e-06 21905
1648795665927 1.0000000000000002e-06 21955
1648795672711 1.0000000000000002e-06 22005
1648795679685 1.0000000000000002e-06 22055
1648795686838 1.0000000000000002e-06 22105
1648795693656 1.0000000000000002e-06 22155
1648795700710 1.0000000000000002e-06 22205
1648795707520 1.0000000000000002e-06 22255
1648795714535 1.0000000000000002e-06 22305
1648795722007 1.0000000000000002e-06 22355
1648795728888 1.0000000000000002e-06 22405
1648795735661 1.0000000000000002e-06 22455
1648795742682 1.0000000000000002e-06 22505
1648795749399 1.0000000000000002e-06 22555
1648795756818 1.0000000000000002e-06 22605
1648795763882 1.0000000000000002e-06 22655
1648795770774 1.0000000000000002e-06 22705
1648795778426 1.0000000000000002e-06 22755
1648795785306 1.0000000000000002e-06 22805
1648795792552 1.0000000000000002e-06 22855
1648795799483 1.0000000000000002e-06 22905
1648795806273 1.0000000000000002e-06 22955
1648795813006 1.0000000000000002e-06 23005
1648795819838 1.0000000000000002e-06 23055
1648795826719 1.0000000000000002e-06 23105
1648795833476 1.0000000000000002e-06 23155
1648795840407 1.0000000000000002e-06 23205
1648795847179 1.0000000000000002e-06 23255
1648795854113 1.0000000000000002e-06 23305
1648795861015 1.0000000000000002e-06 23355
1648795868104 1.0000000000000002e-06 23405
1648795874841 1.0000000000000002e-06 23455
1648795914625 1.0000000000000002e-06 23461
