1648791572032 0.9 50
1648791589808 0.9 100
1648791606981 0.9 150
1648791624662 0.9 200
1648791642742 0.9 250
1648791659717 0.9 300
1648791677409 0.9 350
1648791695200 0.9 400
1648791712627 0.9 450
1648791730055 0.9 500
1648791748249 0.9 550
1648791765809 0.9 600
1648791784932 0.9 650
1648791802338 0.9 700
1648791818875 0.9 750
1648791836870 0.9 800
1648791854732 0.9 850
1648791872373 0.9 900
1648791890106 0.9 950
1648791907564 0.9 1000
1648791918403 0.9 1050
1648791928908 0.9 1100
1648791939838 0.9 1150
1648791949692 0.9 1200
1648791958882 0.9 1250
1648791969589 0.9 1300
1648791980408 0.9 1350
1648791989072 0.9 1400
1648792001636 0.9 1450
1648792015742 0.9 1500
1648792030548 0.9 1550
1648792043596 0.9 1600
1648792058077 0.9 1650
1648792071835 0.9 1700
1648792086429 0.9 1750
1648792100227 0.9 1800
1648792112715 0.9 1850
1648792126465 0.9 1900
1648792141502 0.9 1950
1648792216298 0.9 1956
1648792232476 0.9 2005
1648792245876 0.9 2055
1648792259919 0.9 2105
1648792274562 0.9 2155
1648792288443 0.9 2205
1648792301071 0.9 2255
1648792315336 0.9 2305
1648792330237 0.9 2355
1648792344343 0.9 2405
1648792358997 0.9 2455
1648792374038 0.9 2505
1648792388473 0.9 2555
1648792402136 0.9 2605
1648792415751 0.9 2655
1648792428917 0.9 2705
1648792442193 0.9 2755
1648792454784 0.9 2805
1648792469807 0.9 2855
1648792484001 0.9 2905
1648792496788 0.9 2955
1648792509299 0.9 3005
1648792520423 0.9 3055
1648792530999 0.9 3105
1648792542166 0.9 3155
1648792552080 0.9 3205
1648792562839 0.9 3255
1648792573366 0.9 3305
1648792584101 0.9 3355
1648792591450 0.9 3405
1648792598250 0.9 3455
1648792604931 0.9 3505
1648792612297 0.9 3555
1648792619256 0.9 3605
1648792627459 0.9 3655
1648792638593 0.9 3705
1648792649366 0.9 3755
1648792660284 0.9 3805
1648792672059 0.9 3855
1648792682768 0.9 3905
1648792740359 0.9 3911
1648792753421 0.9 3960
1648792764539 0.9 4010
1648792775180 0.9 4060
1648792786467 0.9 4110
1648792798011 0.9 4160
1648792808549 0.9 4210
1648792819305 0.9 4260
1648792829572 0.9 4310
1648792840287 0.9 4360
1648792850909 0.9 4410
1648792862351 0.9 4460
1648792873802 0.9 4510
1648792884783 0.9 4560
1648792895918 0.9 4610
1648792905113 0.9 4660
1648792912789 0.9 4710
1648792920436 0.9 4760
1648792928026 0.9 4810
1648792934946 0.9 4860
1648792941734 0.9 4910
1648792948465 0.9 4960
1648792955128 0.9 5010
1648792962042 0.9 5060
1648792968918 0.9 5110
1648792975853 0.9 5160
1648792982623 0.9 5210
1648792989462 0.9 5260
1648792996330 0.9 5310
1648793002973 0.9 5360
1648793009928 0.9 5410
1648793017146 0.9 5460
1648793023920 0.9 5510
1648793030646 0.9 5560
1648793037838 0.9 5610
1648793044613 0.9 5660
1648793051423 0.9 5710
1648793058212 0.9 5760
1648793064999 0.9 5810
1648793071755 0.9 5860
1648793111595 0.9 5866
1648793121069 0.9 5915
1648793128736 0.9 5965
1648793135413 0.9 6015
1648793142130 0.9 6065
1648793149049 0.9 6115
1648793155882 0.9 6165
1648793162819 0.9 6215
1648793169638 0.9 6265
1648793176593 0.9 6315
1648793183304 0.9 6365
1648793190156 0.9 6415
1648793197278 0.9 6465
1648793204077 0.9 6515
1648793210789 0.9 6565
1648793218048 0.9 6615
1648793225555 0.9 6665
1648793233099 0.9 6715
1648793240084 0.9 6765
1648793246877 0.9 6815
1648793254351 0.9 6865
1648793261148 0.9 6915
1648793267876 0.9 6965
1648793275229 0.9 7015
1648793281953 0.9 7065
1648793288752 0.9 7115
1648793295560 0.9 7165
1648793302288 0.9 7215
1648793309059 0.9 7265
1648793315805 0.9 7315
1648793322608 0.9 7365
1648793329389 0.9 7415
1648793336335 0.9 7465
1648793343465 0.9 7515
1648793350344 0.9 7565
1648793356966 0.9 7615
1648793363833 0.9 7665
1648793370610 0.9 7715
1648793377417 0.9 7765
1648793384215 0.9 7815
1648793425337 0.9 7821
1648793434214 0.9 7870
1648793441014 0.9 7920
1648793447807 0.9 7970
1648793454809 0.9 8020
1648793461708 0.9 8070
1648793468436 0.9 8120
1648793475166 0.9 8170
1648793482036 0.9 8220
1648793488684 0.9 8270
1648793495427 0.9 8320
1648793502221 0.9 8370
1648793508912 0.9 8420
1648793515652 0.9 8470
1648793522323 0.9 8520
1648793529041 0.9 8570
1648793536037 0.9 8620
1648793542706 0.9 8670
1648793549421 0.9 8720
1648793556129 0.9 8770
1648793562768 0.9 8820
1648793569578 0.9 8870
1648793576240 0.9 8920
1648793582988 0.9 8970
1648793589901 0.9 9020
1648793596634 0.9 9070
1648793603293 0.9 9120
1648793610056 0.9 9170
1648793616854 0.9 9220
1648793623630 0.9 9270
1648793630416 0.9 9320
1648793637118 0.9 9370
1648793643939 0.9 9420
1648793650746 0.9 9470
1648793657721 0.9 9520
1648793664543 0.9 9570
1648793671695 0.9 9620
1648793678468 0.9 9670
1648793685227 0.9 9720
1648793692956 0.9 9770
1648793733746 0.9 9776
1648793742787 0.9 9825
1648793749478 0.9 9875
1648793756321 0.9 9925
1648793763374 0.9 9975
1648793770283 0.9 10025
1648793777068 0.9 10075
1648793783790 0.9 10125
1648793790613 0.9 10175
1648793797475 0.9 10225
1648793804114 0.9 10275
1648793810793 0.9 10325
1648793817707 0.9 10375
1648793824490 0.9 10425
1648793831824 0.9 10475
1648793838727 0.9 10525
1648793845486 0.9 10575
1648793852411 0.9 10625
1648793859525 0.9 10675
1648793866348 0.9 10725
1648793873238 0.9 10775
1648793880350 0.9 10825
1648793887188 0.9 10875
1648793893959 0.9 10925
1648793901109 0.9 10975
1648793907799 0.9 11025
1648793914532 0.9 11075
1648793921427 0.9 11125
1648793928224 0.9 11175
1648793934912 0.9 11225
1648793941662 0.9 11275
1648793948372 0.9 11325
1648793955149 0.9 11375
1648793961941 0.9 11425
1648793968811 0.9 11475
1648793975834 0.9 11525
1648793982951 0.9 11575
1648793989698 0.9 11625
1648793996407 0.9 11675
1648794003100 0.9 11725
1648794042910 0.9 11731
1648794051877 0.9 11780
1648794058724 0.9 11830
1648794065586 0.9 11880
1648794072427 0.9 11930
1648794079372 0.9 11980
1648794086138 0.9 12030
1648794093104 0.9 12080
1648794099968 0.9 12130
1648794106916 0.9 12180
1648794113841 0.9 12230
1648794121334 0.9 12280
1648794128167 0.9 12330
1648794134988 0.9 12380
1648794141702 0.9 12430
1648794148389 0.9 12480
1648794156645 0.9 12530
1648794163634 0.9 12580
1648794170968 0.9 12630
1648794178299 0.9 12680
1648794185069 0.9 12730
1648794192033 0.9 12780
1648794199906 0.9 12830
1648794207235 0.9 12880
1648794214399 0.9 12930
1648794221106 0.9 12980
1648794227854 0.9 13030
1648794234578 0.9 13080
1648794241284 0.9 13130
1648794248054 0.9 13180
1648794254801 0.9 13230
1648794261628 0.9 13280
1648794268452 0.9 13330
1648794275206 0.9 13380
1648794281984 0.9 13430
1648794288786 0.9 13480
1648794295598 0.9 13530
1648794302921 0.9 13580
1648794310129 0.9 13630
1648794317099 0.9 13680
1648794356920 0.9 13686
1648794365840 0.9 13735
1648794372543 0.9 13785
1648794379289 0.9 13835
1648794386027 0.9 13885
1648794392869 0.9 13935
1648794399632 0.9 13985
1648794406766 0.9 14035
1648794413614 0.9 14085
1648794420332 0.9 14135
1648794427039 0.9 14185
1648794434126 0.9 14235
1648794440871 0.9 14285
1648794447640 0.9 14335
1648794454379 0.9 14385
1648794461179 0.9 14435
1648794467995 0.9 14485
1648794474785 0.9 14535
1648794481728 0.9 14585
1648794488522 0.9 14635
1648794495229 0.9 14685
1648794502024 0.9 14735
1648794508926 0.9 14785
1648794515663 0.9 14835
1648794522410 0.9 14885
1648794529151 0.9 14935
1648794535914 0.9 14985
1648794543063 0.9 15035
1648794549836 0.9 15085
1648794556936 0.9 15135
1648794563724 0.9 15185
1648794570464 0.9 15235
1648794577336 0.9 15285
1648794584072 0.9 15335
1648794590710 0.9 15385
1648794597471 0.9 15435
1648794604368 0.9 15485
1648794611272 0.9 15535
1648794618424 0.9 15585
1648794625773 0.9 15635
1648794665987 0.9 15641
1648794675315 0.9 15690
1648794682451 0.9 15740
1648794689255 0.9 15790
1648794696053 0.9 15840
1648794702716 0.9 15890
1648794709399 0.9 15940
1648794716433 0.9 15990
1648794723141 0.9 16040
1648794730146 0.9 16090
1648794736864 0.9 16140
1648794743579 0.9 16190
1648794750427 0.9 16240
1648794757166 0.9 16290
1648794764103 0.9 16340
1648794770980 0.9 16390
1648794777735 0.9 16440
1648794784440 0.9 16490
1648794791218 0.9 16540
1648794798152 0.9 16590
1648794804932 0.9 16640
1648794812103 0.9 16690
1648794819561 0.9 16740
1648794826813 0.9 16790
1648794834223 0.9 16840
1648794841173 0.9 16890
1648794848206 0.9 16940
1648794854957 0.9 16990
1648794861648 0.9 17040
1648794868538 0.9 17090
1648794875256 0.9 17140
1648794881989 0.9 17190
1648794888693 0.9 17240
1648794895612 0.9 17290
1648794902326 0.9 17340
1648794908982 0.9 17390
1648794915690 0.9 17440
1648794922423 0.9 17490
1648794929153 0.9 17540
1648794935889 0.9 17590
1648794975466 0.9 17596
1648794984451 0.9 17645
1648794991257 0.9 17695
1648794998015 0.9 17745
1648795004854 0.9 17795
1648795011872 0.9 17845
1648795018633 0.9 17895
1648795025452 0.9 17945
1648795032267 0.9 17995
1648795039346 0.9 18045
1648795046044 0.9 18095
1648795053037 0.9 18145
1648795059773 0.9 18195
1648795066564 0.9 18245
1648795073486 0.9 18295
1648795080655 0.9 18345
1648795087358 0.9 18395
1648795094128 0.9 18445
1648795100911 0.9 18495
1648795107756 0.9 18545
1648795114803 0.9 18595
1648795121604 0.9 18645
1648795128452 0.9 18695
1648795135196 0.9 18745
1648795142313 0.9 18795
1648795149005 0.9 18845
1648795155690 0.9 18895
1648795162430 0.9 18945
1648795169156 0.9 18995
1648795175997 0.9 19045
1648795182988 0.9 19095
1648795189754 0.9 19145
1648795196701 0.9 19195
1648795203466 0.9 19245
1648795210292 0.9 19295
1648795217198 0.9 19345
1648795223890 0.9 19395
1648795230925 0.9 19445
1648795237859 0.9 19495
1648795244630 0.9 19545
1648795284932 0.9 19551
1648795293859 0.9 19600
1648795300919 0.9 19650
1648795308034 0.9 19700
1648795314827 0.9 19750
1648795321661 0.9 19800
1648795328594 0.9 19850
1648795336174 0.9 19900
1648795343130 0.9 19950
1648795349820 0.9 20000
1648795356634 0.9 20050
1648795364624 0.9 20100
1648795371297 0.9 20150
1648795378539 0.9 20200
1648795385742 0.9 20250
1648795392458 0.9 20300
1648795399412 0.9 20350
1648795406459 0.9 20400
1648795413335 0.9 20450
1648795420220 0.9 20500
1648795427146 0.9 20550
1648795433899 0.9 20600
1648795440928 0.9 20650
1648795447748 0.9 20700
1648795454538 0.9 20750
1648795461709 0.9 20800
1648795468432 0.9 20850
1648795476112 0.9 20900
1648795483096 0.9 20950
1648795489798 0.9 21000
1648795496588 0.9 21050
1648795503346 0.9 21100
1648795510198 0.9 21150
1648795516925 0.9 21200
1648795523796 0.9 21250
1648795530498 0.9 21300
1648795538075 0.9 21350
1648795544924 0.9 21400
1648795551935 0.9 21450
1648795559507 0.9 21500
1648795600945 0.9 21506
1648795609904 0.9 21555
1648795616684 0.9 21605
1648795623811 0.9 21655
1648795630769 0.9 21705
1648795637739 0.9 21755
1648795644669 0.9 21805
1648795652209 0.9 21855
1648795659122 0.9 21905
1648795665927 0.9 21955
1648795672711 0.9 22005
1648795679685 0.9 22055
1648795686838 0.9 22105
1648795693656 0.9 22155
1648795700710 0.9 22205
1648795707520 0.9 22255
1648795714535 0.9 22305
1648795722007 0.9 22355
1648795728888 0.9 22405
1648795735661 0.9 22455
1648795742682 0.9 22505
1648795749399 0.9 22555
1648795756818 0.9 22605
1648795763882 0.9 22655
1648795770774 0.9 22705
1648795778426 0.9 22755
1648795785306 0.9 22805
1648795792552 0.9 22855
1648795799483 0.9 22905
1648795806273 0.9 22955
1648795813006 0.9 23005
1648795819838 0.9 23055
1648795826719 0.9 23105
1648795833476 0.9 23155
1648795840407 0.9 23205
1648795847179 0.9 23255
1648795854113 0.9 23305
1648795861015 0.9 23355
1648795868104 0.9 23405
1648795874841 0.9 23455
1648795914625 0.9 23461
