1649212810687 0.6205406260490417 50
1649212856588 0.41088935285806655 100
1649212902729 0.2309226469695568 150
1649212947345 0.1271432364732027 200
1649212992453 0.1322930458188057 250
1649213038224 0.12875185005366802 300
1649213083292 0.0789981023594737 350
1649213128748 0.07489243514835835 400
1649213173876 0.06517088796943427 450
1649213219027 0.05771397277712822 500
1649213263965 0.07961685275658965 550
1649213308657 0.0867592878267169 600
1649213353956 0.05567596582695842 650
1649213399430 0.064016035143286 700
1649213445475 0.07174259897321462 750
1649213490325 0.04713913654210046 800
1649213535528 0.06190416763536632 850
1649213580931 0.06378805782645941 900
1649213626077 0.05667483225464821 950
1649213655737 0.04588802111335099 1000
1649213680945 0.06279634810052812 1050
1649213705713 0.07823366420343518 1100
1649213731520 0.052270226934924724 1150
1649213756919 0.05936584452167153 1200
1649213781751 0.06339207442477346 1250
1649213807165 0.06511864119209348 1300
1649213832270 0.042174078412353995 1350
1649213857230 0.05518786983564496 1400
1649213882411 0.05340230591595173 1450
1649213907151 0.07054341988638044 1500
1649213932410 0.053003908656537535 1550
1649213958255 0.058049194859340784 1600
1649213983441 0.04501251639798284 1650
1649214008522 0.03137963014189154 1700
1649214033518 0.04232018820010126 1750
1649214058531 0.06774596750736236 1800
1649214083759 0.04991550116799772 1850
1649214109073 0.045230337157845496 1900
1649214134449 0.04291287181898951 1950
1649214159389 0.04095163451042026 2000
1649214184589 0.06381024433299899 2050
1649214209309 0.04974767176434398 2100
1649214234407 0.04916314825415611 2150
1649214259868 0.042343992162495854 2200
1649214285026 0.04785691867116839 2250
1649214310348 0.046129723167978226 2300
1649214335717 0.0531027399096638 2350
1649214361291 0.04080341994063929 2400
1649214833652 0.03339483832940459 2492
1649214858256 0.03682895173784345 2542
1649214883321 0.03444612627965398 2592
1649214908241 0.04291144483257085 2642
1649214933499 0.041602842323482034 2692
1649214958661 0.042199699957855046 2742
1649214983603 0.04582134239375591 2792
1649215008804 0.041952701187692586 2842
1649215034072 0.04956859550438821 2892
1649215059190 0.039902650346048174 2942
1649215084288 0.04745611823163927 2992
1649215109242 0.042745311195030805 3042
1649215134358 0.05071366896852851 3092
1649215159659 0.03701173896435648 3142
1649215184768 0.033981932001188396 3192
1649215209808 0.04202926516067237 3242
1649215234660 0.027208578826393933 3292
1649215259643 0.03740174810402095 3342
1649215284405 0.04095168902538717 3392
1649215308993 0.038391375937499105 3442
1649215333748 0.03625451382715255 3492
1649215358680 0.02606497368309647 3542
1649215384316 0.04524819345679134 3592
1649215409447 0.04201139856595546 3642
1649215434932 0.04822991855442524 3692
1649215460306 0.04197475201450288 3742
1649215485184 0.044251807099208236 3792
1649215510032 0.038915265656542034 3842
1649215534885 0.04470193352084607 3892
1649215560267 0.03837057222612202 3942
1649215585127 0.04979386673308909 3992
1649215609872 0.029067828082479538 4042
1649215634782 0.03915913451928645 4092
1649215659669 0.05702231458388269 4142
1649215684928 0.03362431784742512 4192
1649215710369 0.039338329546153544 4242
1649215735566 0.05238720498047769 4292
1649215760487 0.03850391753949225 4342
1649215785484 0.03293874068185687 4392
1649215810290 0.04194167168345302 4442
1649215835248 0.031762781664729116 4492
1649215860131 0.03875694843009114 4542
1649215885281 0.03397954888641834 4592
1649215910279 0.03451763160759583 4642
1649215935406 0.04486510240007192 4692
1649215960534 0.05745818951632828 4742
1649215985374 0.03450016394723207 4792
1649216010409 0.04660526167601347 4842
1649216481026 0.03436647850554436 4934
1649216506303 0.0392832211824134 4984
1649216531347 0.027222874783910812 5034
1649216556166 0.022319973682169803 5084
1649216581854 0.02445256522158161 5134
1649216607223 0.04284483231604099 5184
1649216632444 0.03388009794289246 5234
1649216657428 0.043011866635642944 5284
1649216682432 0.032642039242200556 5334
1649216707688 0.04242904216516763 5384
1649216732838 0.03839276147074997 5434
1649216757690 0.03229646742576733 5484
1649216782953 0.03877972274553031 5534
1649216807588 0.03518037082976662 5584
1649216832319 0.04403418489266187 5634
1649216857478 0.050088561840821055 5684
1649216882777 0.035012716581113636 5734
1649216907993 0.03965874253306538 5784
1649216932752 0.039071737818885593 5834
1649216958236 0.029899313459172846 5884
1649216983362 0.030371017456054687 5934
1649217008270 0.027362694902112707 5984
1649217033317 0.025912205048953182 6034
1649217058298 0.0234939765650779 6084
1649217083180 0.02982350321486592 6134
1649217108719 0.03682048819726333 6184
1649217133786 0.031451845527626573 6234
1649217158799 0.032151345084421336 6284
1649217183785 0.02951696121133864 6334
1649217209277 0.04675949400756508 6384
1649217234220 0.03311069533461705 6434
1649217259217 0.03871559284627438 6484
1649217284385 0.04913502024486661 6534
1649217309328 0.03542564176023007 6584
1649217334261 0.0328247852018103 6634
1649217359313 0.03334211252164096 6684
1649217384329 0.03326278589433059 6734
1649217409461 0.034499077999498695 6784
1649217434432 0.031412220019847156 6834
1649217459246 0.03030952255241573 6884
1649217484385 0.02431188546586782 6934
1649217509349 0.03552178411744535 6984
1649217534244 0.03836944847367704 7034
1649217558959 0.03863766249734908 7084
1649217583814 0.020834888372337445 7134
1649217608908 0.028610469112172722 7184
1649217633998 0.02982686988543719 7234
1649217658934 0.031387780769728126 7284
1649218132108 0.033595836046151815 7376
1649218157464 0.027581148319877683 7426
1649218182355 0.03648643409600481 7476
1649218207241 0.03597950686234981 7526
1649218232328 0.03638024697080255 7576
1649218257230 0.02524470567237586 7626
1649218282325 0.030870236080372707 7676
1649218307703 0.03542108422145247 7726
1649218332645 0.036954831164330244 7776
1649218357726 0.034821202245075254 7826
1649218382927 0.03003353690728545 7876
1649218408243 0.0391117538837716 7926
1649218433000 0.02913896234240383 7976
1649218458844 0.02866307333810255 8026
1649218484352 0.024385481810895726 8076
1649218509330 0.028632357206661255 8126
1649218533995 0.02263722077361308 8176
1649218558943 0.03428489036625251 8226
1649218584048 0.03391108789946884 8276
1649218608972 0.02046635259874165 8326
1649218634262 0.032829017608892175 8376
1649218658864 0.03767008183524013 8426
1649218683672 0.034728866443037985 8476
1649218708513 0.03182227079290897 8526
1649218733715 0.03617213667486794 8576
1649218758719 0.03426489805802703 8626
1649218783733 0.03769730234518647 8676
1649218808557 0.03170821271545719 8726
1649218833334 0.03011772918282077 8776
1649218858030 0.028925000850576907 8826
1649218882774 0.029996974308160132 8876
1649218907993 0.027674129353836178 8926
1649218932852 0.02636367707978934 8976
1649218957793 0.025067607804667203 9026
1649218982912 0.025974229127168656 9076
1649219007829 0.024619962202850728 9126
1649219032750 0.029343940913677216 9176
1649219057814 0.03313617432373576 9226
1649219082993 0.026098380137700588 9276
1649219108023 0.024265315656084568 9326
1649219133065 0.028274508394533767 9376
1649219158040 0.028245754656381905 9426
1649219183476 0.031169704105705024 9476
1649219208196 0.032643813949543986 9526
1649219233319 0.030257270382717253 9576
1649219258128 0.03220321513013914 9626
1649219283057 0.034938925337046386 9676
1649219308282 0.03109162038890645 9726
1649219781731 0.023672038402874022 9818
1649219806812 0.0327344396756962 9868
1649219831694 0.029251357079483568 9918
1649219856358 0.026902827210724355 9968
1649219881305 0.02782271055271849 10018
1649219906260 0.03348916901974008 10068
1649219931206 0.028344442481175066 10118
1649219956153 0.03153245528170373 10168
1649219981183 0.02860428164480254 10218
1649220006148 0.02381577340187505 10268
1649220031241 0.027650703468825668 10318
1649220056374 0.02813843849231489 10368
1649220081429 0.02486239656805992 10418
1649220106201 0.03070622917963192 10468
1649220131313 0.02799930573091842 10518
1649220156288 0.028223946422804146 10568
1649220181313 0.024349582358263434 10618
1649220206083 0.023607977510546333 10668
1649220231482 0.03272665857337415 10718
1649220256264 0.02942632162477821 10768
1649220281262 0.02781771353678778 10818
1649220306117 0.02250724336132407 10868
1649220331146 0.028262454859213904 10918
1649220356286 0.03155308476183563 10968
1649220381198 0.022019319687387906 11018
1649220406127 0.024460336290067063 11068
1649220431339 0.027615918209776283 11118
1649220456286 0.022257376534398646 11168
1649220481264 0.028725900318822824 11218
1649220506028 0.029989763741614297 11268
1649220531060 0.020908322589239105 11318
1649220555865 0.02367715022759512 11368
1649220581713 0.028148123027058318 11418
1649220606400 0.02819913064071443 11468
1649220631729 0.025538962533464656 11518
1649220656594 0.03896526242722757 11568
1649220681773 0.03677160290069878 11618
1649220706945 0.025408235788345338 11668
1649220731974 0.028017997050192207 11718
1649220756732 0.024398354685399682 11768
1649220781390 0.024938055006787183 11818
1649220806551 0.026229196087224408 11868
1649220831867 0.024140923186787403 11918
1649220856997 0.02171546348487027 11968
1649220881861 0.03039586539613083 12018
1649220906770 0.028596831371542068 12068
1649220931823 0.02876119738444686 12118
1649220956572 0.026076978692435658 12168
1649221427840 0.029299793825484814 12260
1649221452840 0.019364695213735104 12310
1649221478072 0.020435052952961996 12360
1649221503761 0.028828755196300335 12410
1649221528719 0.021716924672946333 12460
1649221553259 0.02173865456134081 12510
1649221577953 0.018213768611312842 12560
1649221603091 0.024306206861510873 12610
1649221628247 0.023371724113821983 12660
1649221653094 0.01669494668021798 12710
1649221678286 0.01812136098043993 12760
1649221703304 0.019673176042269914 12810
1649221728944 0.02565024189534597 12860
1649221753902 0.025680346050066874 12910
1649221778992 0.02007801511324942 12960
1649221803845 0.01938930883537978 13010
1649221828739 0.02916471732314676 13060
1649221853739 0.031225085140031295 13110
1649221878813 0.019143173585180192 13160
1649221903650 0.01898798489419278 13210
1649221928542 0.02034233157464769 13260
1649221953276 0.02629556680767564 13310
1649221978189 0.022314141008537264 13360
1649222003223 0.018988802441017468 13410
1649222028007 0.02400717103970237 13460
1649222053006 0.03342611621599644 13510
1649222078011 0.02303630243288353 13560
1649222102891 0.025808065559322132 13610
1649222128295 0.029797478007385508 13660
1649222153572 0.02070419957046397 13710
1649222178599 0.029022428651805966 13760
1649222203677 0.025292425095103682 13810
1649222228326 0.03334065347909927 13860
1649222253128 0.02719682523747906 13910
1649222278045 0.024265789249911903 13960
1649222302916 0.02420298649056349 14010
1649222328289 0.02862363959895447 14060
1649222353382 0.030332326458301397 14110
1649222378410 0.027074386863969267 14160
1649222404385 0.03155864711618051 14210
1649222429558 0.023260053743142634 14260
1649222454864 0.020341396705480293 14310
1649222480410 0.020603678271872924 14360
1649222505837 0.027311065073590726 14410
1649222531387 0.02367209322284907 14460
1649222556536 0.02714352009817958 14510
1649222581705 0.01965434158919379 14560
1649222606352 0.016490126587450506 14610
1649223078569 0.02485070789203746 14702
1649223103829 0.01988508040900342 14752
1649223128637 0.027782715851208194 14802
1649223153794 0.02326094493677374 14852
1649223178852 0.02346562286838889 14902
1649223204225 0.02463760549784638 14952
1649223229052 0.02363299921620637 15002
1649223254292 0.019345949587295762 15052
1649223279451 0.027175229637650775 15102
1649223304332 0.02201462018536404 15152
1649223329298 0.021473451087949798 15202
1649223354520 0.019427367389434947 15252
1649223379370 0.027709166475688107 15302
1649223404392 0.02507385699544102 15352
1649223429759 0.026492590387060772 15402
1649223454783 0.013082452469388954 15452
1649223479799 0.02205239585484378 15502
1649223504859 0.02313883869035635 15552
1649223529917 0.018389844970079137 15602
1649223554997 0.022587856843310872 15652
1649223580362 0.02310990846424829 15702
1649223605203 0.024401282446924598 15752
1649223630169 0.020550023453542964 15802
1649223655391 0.021985458387061955 15852
1649223680938 0.02476189600303769 15902
1649223705801 0.03346418675500899 15952
1649223730523 0.02791455349419266 16002
1649223755803 0.019805276580154896 16052
1649223781426 0.0234731910796836 16102
1649223806689 0.024968452439643442 16152
1649223831826 0.02510137905366719 16202
1649223856870 0.024453642051084898 16252
1649223882242 0.01766963561763987 16302
1649223907319 0.023676116962451487 16352
1649223932397 0.021234923884039743 16402
1649223957280 0.01737127351050731 16452
1649223982132 0.024925705144414678 16502
1649224006782 0.027201066850684585 16552
1649224031394 0.019401961737312377 16602
1649224056025 0.019595966499764472 16652
1649224081977 0.020118591466452927 16702
1649224107308 0.018172885653330015 16752
1649224132431 0.02481609428708907 16802
1649224157793 0.02588403777219355 16852
1649224183144 0.0194295649023843 16902
1649224208259 0.02376015345565975 16952
1649224233220 0.02392786823795177 17002
1649224258348 0.020248800984118135 17052
1649224732641 0.022806311773019842 17144
1649224757805 0.0166458259295905 17194
1649224782840 0.021033147753914818 17244
1649224808488 0.022733330499904697 17294
1649224834062 0.017158435486489907 17344
1649224858844 0.017348884566454215 17394
1649224883806 0.01803173114763922 17444
1649224908774 0.022809229473932647 17494
1649224933784 0.021536636803066358 17544
1649224959069 0.018619000251637773 17594
1649224984093 0.022226428096182645 17644
1649225009081 0.01836469450034201 17694
1649225034496 0.01781068771670107 17744
1649225060486 0.018388039728160947 17794
1649225086278 0.023917742338380777 17844
1649225111290 0.017710967067978346 17894
1649225136191 0.025219028814462946 17944
1649225161296 0.019993778482894412 17994
1649225186242 0.021157935691880993 18044
1649225211387 0.015738890526699835 18094
1649225236783 0.016455183006473816 18144
1649225262005 0.020578559748828412 18194
1649225287296 0.024710305795888416 18244
1649225312384 0.01677791246387642 18294
1649225337869 0.02010361431108322 18344
1649225362818 0.021549634595867246 18394
1649225388863 0.025562980299582705 18444
1649225414672 0.02482707703486085 18494
1649225439387 0.015824168332037515 18544
1649225464350 0.02159000775194727 18594
1649225489420 0.018840401239285712 18644
1649225515159 0.01552826565282885 18694
1649225539904 0.01705760707031004 18744
1649225565699 0.025459741544909775 18794
1649225591091 0.021230346473748794 18844
1649225616470 0.020750164565397425 18894
1649225641553 0.014414215558208526 18944
1649225666658 0.023673832570202648 18994
1649225691646 0.01941986825899221 19044
1649225716809 0.025590428562863962 19094
1649225741728 0.023165342380525544 19144
1649225766697 0.022304193372838198 19194
1649225792249 0.021126540624827612 19244
1649225817232 0.014311710730398773 19294
1649225842412 0.018293144115014003 19344
1649225867552 0.02354665214661509 19394
1649225892481 0.029714217176660895 19444
1649225917388 0.026108730240957813 19494
1649226387174 0.02085064313811017 19586
1649226412506 0.01821403047273634 19636
1649226437258 0.018934094225987793 19686
1649226462267 0.018348670979612507 19736
1649226486632 0.013848526604706422 19786
1649226511272 0.012277008461824153 19836
1649226536118 0.017977273331489414 19886
1649226561239 0.015042922743596136 19936
1649226586307 0.017478985150228256 19986
1649226611338 0.018494126902660356 20036
1649226636235 0.012433845684863627 20086
1649226661218 0.01615017244970659 20136
1649226686671 0.017010742129641584 20186
1649226711831 0.013501183066109661 20236
1649226736688 0.013486850319895893 20286
1649226761689 0.014437962651718407 20336
1649226786820 0.010881509429891594 20386
1649226812011 0.017132822590647266 20436
1649226836837 0.010780100061820121 20486
1649226861855 0.013063470044289715 20536
1649226887133 0.017603621941452728 20586
1649226912442 0.01859115653554909 20636
1649226937777 0.01209625040224637 20686
1649226963554 0.015423739217221738 20736
1649226988320 0.012869817468163092 20786
1649227012960 0.012885477565650944 20836
1649227037981 0.01612460961085162 20886
1649227063442 0.012505068562750238 20936
1649227088315 0.013893844085396267 20986
1649227113875 0.011566966330865397 21036
1649227138708 0.013672453996550758 21086
1649227163888 0.01339451744890539 21136
1649227188955 0.015853987085429254 21186
1649227213950 0.011141802910133265 21236
1649227239239 0.016948685115785338 21286
1649227264294 0.011838478377030696 21336
1649227288803 0.011952403166505974 21386
1649227314383 0.017369090554857393 21436
1649227339305 0.015061074853292666 21486
1649227364186 0.011038626545050646 21536
1649227389718 0.013087508581447764 21586
1649227414419 0.014421753599890508 21636
1649227439274 0.012975096722802846 21686
1649227464373 0.01290928660062491 21736
1649227489498 0.014847511345578823 21786
1649227514814 0.01424841595639009 21836
1649227539734 0.01409308756745304 21886
1649227564470 0.012612671725510154 21936
1649228032070 0.012285847033781465 22028
1649228056735 0.012057791552506388 22078
1649228081715 0.010735833746148274 22128
1649228106256 0.014367991573235485 22178
1649228131641 0.011787725581089035 22228
1649228156729 0.01173460022371728 22278
1649228181625 0.012955482201068663 22328
1649228206234 0.011509904954000377 22378
1649228231224 0.009859225435357076 22428
1649228256471 0.009868143803614657 22478
1649228281735 0.015753066173056142 22528
1649228307096 0.014608212322636973 22578
1649228331839 0.014985207526697195 22628
1649228356489 0.016237670455593614 22678
1649228381397 0.010812539496691897 22728
1649228406768 0.013676854341465514 22778
1649228431818 0.011445020797546022 22828
1649228456742 0.015423644664115272 22878
1649228481816 0.011561433855968061 22928
1649228507129 0.011430907317262609 22978
1649228531630 0.01425382952176733 23028
1649228556735 0.011238872391695623 23078
1649228581365 0.01139850559164188 23128
1649228606572 0.009875668103341013 23178
1649228631202 0.01078417436343443 23228
1649228656341 0.010399614853668027 23278
1649228681691 0.01059986212203512 23328
1649228706424 0.00867473253289063 23378
1649228731167 0.010117058304022066 23428
1649228756203 0.013736230811628048 23478
1649228781330 0.012865232323820237 23528
1649228806200 0.011762618439388462 23578
1649228831278 0.01082591829035664 23628
1649228855839 0.009830224643483234 23678
1649228880816 0.011009747899661306 23728
1649228905408 0.010304662444104907 23778
1649228930310 0.01177374103492184 23828
1649228955228 0.01193974429377704 23878
1649228980188 0.016018672888167204 23928
1649229005260 0.010942453819443471 23978
1649229030272 0.012873470336253377 24028
1649229054925 0.016019052462506806 24078
1649229079838 0.011023304908449064 24128
1649229104641 0.013081228566006757 24178
1649229129053 0.011729755490887329 24228
1649229154290 0.010588419068371878 24278
1649229179490 0.012621155668894062 24328
1649229204659 0.010366617739346112 24378
1649229672753 0.00989073597243987 24470
1649229697822 0.011077014175243675 24520
1649229722770 0.01582780833588913 24570
1649229747923 0.01336156687902985 24620
1649229772799 0.011815556805813685 24670
1649229798019 0.012385931937169517 24720
1649229823356 0.012755595363851171 24770
1649229848220 0.01142719327355735 24820
1649229873294 0.009263379976982834 24870
1649229898299 0.010767560037202202 24920
1649229923617 0.012546821444557281 24970
1649229948502 0.010103212087706197 25020
1649229973232 0.011932084934524028 25070
1649229998247 0.013322961040685186 25120
1649230023304 0.011641098542604596 25170
1649230048222 0.011098405787779484 25220
1649230073014 0.011436329912685323 25270
1649230097694 0.013551173434971133 25320
1649230122471 0.013714773975443677 25370
1649230147344 0.011698974876198918 25420
1649230172088 0.008730396303144516 25470
1649230197019 0.009619574197276961 25520
1649230221584 0.011188799501978793 25570
1649230246341 0.009008528036501958 25620
1649230271094 0.009442234462476336 25670
1649230296242 0.0119077655338333 25720
1649230321143 0.010246488958946429 25770
1649230346265 0.010895131584547926 25820
1649230371151 0.01449860926506517 25870
1649230396279 0.01031735032564029 25920
1649230421200 0.012482527117390419 25970
1649230446180 0.009590118070336757 26020
1649230471011 0.011480255863280036 26070
1649230495688 0.012201535493641131 26120
1649230520746 0.00841663870276534 26170
1649230546013 0.014231542656198144 26220
1649230570875 0.00957490522559965 26270
1649230596261 0.013472424071514978 26320
1649230621506 0.009808958055800758 26370
1649230646581 0.009328226371435449 26420
1649230670908 0.011177074525185161 26470
1649230695990 0.011788353246956831 26520
1649230720756 0.009799184392613824 26570
1649230746231 0.013836818154377397 26620
1649230771289 0.013143885282188421 26670
1649230795843 0.009083895567891886 26720
1649230820728 0.009272342565163854 26770
1649230845741 0.009321399811451556 26820
1649231312533 0.012649437593718177 26912
1649231337414 0.009908283291006228 26962
1649231362139 0.009176559893094237 27012
1649231387732 0.0102931831296155 27062
1649231412673 0.01473910328670172 27112
1649231437244 0.009411386561841937 27162
1649231462128 0.01156274611086701 27212
1649231487213 0.012818395736103412 27262
1649231511901 0.009762186256994028 27312
1649231536743 0.01137248195358552 27362
1649231561477 0.010279459808589308 27412
1649231586256 0.01220398445839237 27462
1649231610995 0.011607205171021633 27512
1649231636107 0.00987092817100347 27562
1649231661270 0.011335421070107259 27612
1649231686455 0.0118503216013778 27662
1649231711517 0.012338582815427799 27712
1649231736921 0.008089502517905203 27762
1649231762318 0.010991608280091896 27812
1649231787620 0.013428356308340881 27862
1649231812948 0.007717681308931788 27912
1649231838251 0.010069910279707984 27962
1649231863406 0.011375772456813139 28012
1649231888194 0.01512472260830691 28062
1649231913243 0.011790493014559615 28112
1649231938261 0.009945605537068332 28162
1649231963486 0.009228625813120743 28212
1649231988627 0.011322636696277186 28262
1649232013199 0.014305247836746275 28312
1649232038497 0.010129501260053075 28362
1649232063694 0.010338374550628941 28412
1649232088169 0.009803239252141794 28462
1649232113276 0.00934504809381906 28512
1649232138117 0.009509897822281345 28562
1649232162717 0.013171622282243334 28612
1649232187770 0.009384659723727963 28662
1649232212522 0.010220683677762282 28712
1649232237687 0.010821705213747918 28762
1649232262895 0.011534654232382308 28812
1649232287659 0.010650885433424264 28862
1649232312758 0.01405436159693636 28912
1649232338156 0.008769446951628197 28962
1649232363185 0.008885635755141265 29012
1649232387849 0.00725434272459097 29062
1649232413284 0.012500721292453817 29112
1649232438383 0.008977392034430522 29162
1649232463223 0.009820892557108891 29212
1649232488453 0.011604933252965566 29262
