1649212810687 0.042787089413031935 50
1649212856588 0.049717257567681375 100
1649212902729 0.05272108275443316 150
1649212947345 0.03639567736070603 200
1649212992453 0.04662134574726224 250
1649213038224 0.044343712322879585 300
1649213083292 0.03297599251847714 350
1649213128748 0.034200905477628114 400
1649213173876 0.029688274464569987 450
1649213219027 0.028521846113726497 500
1649213263965 0.044377701226621866 550
1649213308657 0.0552541296184063 600
1649213353956 0.04448650027625263 650
1649213399430 0.0471912201680243 700
1649213445475 0.045200957879424096 750
1649213490325 0.033026085835881534 800
1649213535528 0.048618262321688234 850
1649213580931 0.035213949992321435 900
1649213626077 0.036629130807705225 950
1649213655737 0.031015758188441395 1000
1649213680945 0.04944233508314937 1050
1649213705713 0.05476025660987943 1100
1649213731520 0.03900925108697265 1150
1649213756919 0.04407141965813935 1200
1649213781751 0.03611179782310501 1250
1649213807165 0.03722743986640126 1300
1649213832270 0.029095379747450353 1350
1649213857230 0.036020809044130145 1400
1649213882411 0.029146795235574244 1450
1649213907151 0.03987975980620831 1500
1649213932410 0.044333044835366306 1550
1649213958255 0.0444429507991299 1600
1649213983441 0.03507465312024578 1650
1649214008522 0.03144690799992531 1700
1649214033518 0.02679580760654062 1750
1649214058531 0.04695600291714072 1800
1649214083759 0.03425917045678943 1850
1649214109073 0.028158354719635098 1900
1649214134449 0.025155722417403013 1950
1649214159389 0.029607958029955625 2000
1649214184589 0.036256819954141976 2050
1649214209309 0.03375076159834862 2100
1649214234407 0.03685418730718084 2150
1649214259868 0.03330254648812115 2200
1649214285026 0.04020396420266479 2250
1649214310348 0.03970247836783528 2300
1649214335717 0.04473361846990884 2350
1649214361291 0.033330516568385066 2400
1649214833652 0.032108563869260254 2492
1649214858256 0.03369035893585533 2542
1649214883321 0.024917810605838895 2592
1649214908241 0.031913394378498196 2642
1649214933499 0.03069912944920361 2692
1649214958661 0.030523472339846192 2742
1649214983603 0.04015548823401332 2792
1649215008804 0.02930048475507647 2842
1649215034072 0.03238929729210213 2892
1649215059190 0.034274827176705006 2942
1649215084288 0.040375337987206876 2992
1649215109242 0.030053507955744862 3042
1649215134358 0.03131272229831666 3092
1649215159659 0.038037359376903626 3142
1649215184768 0.036045857360586527 3192
1649215209808 0.031233972301706672 3242
1649215234660 0.025034902207553385 3292
1649215259643 0.026093426435254516 3342
1649215284405 0.029892564569599926 3392
1649215308993 0.023822910371236503 3442
1649215333748 0.02999246204039082 3492
1649215358680 0.03335096163675189 3542
1649215384316 0.040805414747446776 3592
1649215409447 0.03741317589068785 3642
1649215434932 0.03436072410782799 3692
1649215460306 0.03526557386387139 3742
1649215485184 0.034005199004895986 3792
1649215510032 0.026476974389515816 3842
1649215534885 0.034829264614963905 3892
1649215560267 0.023881980273872613 3942
1649215585127 0.0391547892568633 3992
1649215609872 0.021538485824130475 4042
1649215634782 0.03327596295624971 4092
1649215659669 0.04133630623342469 4142
1649215684928 0.025426363891456277 4192
1649215710369 0.03232018734095618 4242
1649215735566 0.03682738164206967 4292
1649215760487 0.036531089106574655 4342
1649215785484 0.02091180867748335 4392
1649215810290 0.036121422816067936 4442
1649215835248 0.023445714078843594 4492
1649215860131 0.026893373350612818 4542
1649215885281 0.03392754164058715 4592
1649215910279 0.031499947528354826 4642
1649215935406 0.03643656556494534 4692
1649215960534 0.04913198672235012 4742
1649215985374 0.030526284277439118 4792
1649216010409 0.041072274341713635 4842
1649216481026 0.029008781323209405 4934
1649216506303 0.03989284687908366 4984
1649216531347 0.020717889482621103 5034
1649216556166 0.027171410631854086 5084
1649216581854 0.027134571413043887 5134
1649216607223 0.03384204256115481 5184
1649216632444 0.03493327444419265 5234
1649216657428 0.04039406191324815 5284
1649216682432 0.031986349751241504 5334
1649216707688 0.03211597914341837 5384
1649216732838 0.03794435976073146 5434
1649216757690 0.03277766151353717 5484
1649216782953 0.03446786828804761 5534
1649216807588 0.031366325169801715 5584
1649216832319 0.0360824608290568 5634
1649216857478 0.03475006860215217 5684
1649216882777 0.026147379968315364 5734
1649216907993 0.035950740044936536 5784
1649216932752 0.031715806088177485 5834
1649216958236 0.022977289145346733 5884
1649216983362 0.023581093125976622 5934
1649217008270 0.02834508352447301 5984
1649217033317 0.02827106775017455 6034
1649217058298 0.02225920625962317 6084
1649217083180 0.026163657791912556 6134
1649217108719 0.0309493378829211 6184
1649217133786 0.03426227945368737 6234
1649217158799 0.02398649584967643 6284
1649217183785 0.026679627164267004 6334
1649217209277 0.02970566580013838 6384
1649217234220 0.026739908910822122 6434
1649217259217 0.030267558516934513 6484
1649217284385 0.030347816165303812 6534
1649217309328 0.029524595122784377 6584
1649217334261 0.033703883754787965 6634
1649217359313 0.02687645155470818 6684
1649217384329 0.021307479918468743 6734
1649217409461 0.03192316303262487 6784
1649217434432 0.02646756945643574 6834
1649217459246 0.03077301895711571 6884
1649217484385 0.023667339836247265 6934
1649217509349 0.027350854128599167 6984
1649217534244 0.028624777612276376 7034
1649217558959 0.03489334522979334 7084
1649217583814 0.020237897480838 7134
1649217608908 0.026024247081950308 7184
1649217633998 0.027399419581051916 7234
1649217658934 0.026270668779034168 7284
1649218132108 0.03221819144440815 7376
1649218157464 0.030482743554748594 7426
1649218182355 0.02893696188228205 7476
1649218207241 0.02715196767356247 7526
1649218232328 0.029504115507006646 7576
1649218257230 0.025892360417637972 7626
1649218282325 0.023927201833575964 7676
1649218307703 0.03644571862649173 7726
1649218332645 0.0420672225067392 7776
1649218357726 0.028766017383895816 7826
1649218382927 0.02869732842547819 7876
1649218408243 0.02897838337812573 7926
1649218433000 0.02712350501213223 7976
1649218458844 0.02730871285777539 8026
1649218484352 0.020857374749612065 8076
1649218509330 0.03191417563706636 8126
1649218533995 0.02679246069630608 8176
1649218558943 0.025416928306221963 8226
1649218584048 0.031173296766355635 8276
1649218608972 0.02068987231934443 8326
1649218634262 0.030568966255523265 8376
1649218658864 0.028417712724767626 8426
1649218683672 0.026661846401402726 8476
1649218708513 0.02258286087308079 8526
1649218733715 0.028520979355089366 8576
1649218758719 0.03271435684990138 8626
1649218783733 0.03973930366337299 8676
1649218808557 0.03280159020097926 8726
1649218833334 0.025128529237117617 8776
1649218858030 0.01945815222337842 8826
1649218882774 0.030490358974784613 8876
1649218907993 0.021935222091851756 8926
1649218932852 0.03231827694922686 8976
1649218957793 0.021037624498130753 9026
1649218982912 0.02679521601879969 9076
1649219007829 0.03112234197091311 9126
1649219032750 0.026824132199399175 9176
1649219057814 0.027489832658320664 9226
1649219082993 0.031267301857005804 9276
1649219108023 0.022019945927895607 9326
1649219133065 0.022850739068817346 9376
1649219158040 0.02655364336911589 9426
1649219183476 0.02491380408871919 9476
1649219208196 0.024099535099230705 9526
1649219233319 0.026079626330174507 9576
1649219258128 0.034164132862351836 9626
1649219283057 0.03200961521361023 9676
1649219308282 0.030897156749852002 9726
1649219781731 0.024954643577802926 9818
1649219806812 0.03209344532573596 9868
1649219831694 0.02678861701628193 9918
1649219856358 0.027986764879897236 9968
1649219881305 0.02526164482580498 10018
1649219906260 0.026414441406959668 10068
1649219931206 0.03255996342515573 10118
1649219956153 0.02538524745730683 10168
1649219981183 0.02304486543405801 10218
1649220006148 0.0274870167626068 10268
1649220031241 0.027852219115011394 10318
1649220056374 0.028400980015285314 10368
1649220081429 0.02853914798470214 10418
1649220106201 0.029585732710547746 10468
1649220131313 0.02581204639747739 10518
1649220156288 0.027197410101071 10568
1649220181313 0.02535280066775158 10618
1649220206083 0.020355146671063265 10668
1649220231482 0.03569222261547111 10718
1649220256264 0.027908029896207154 10768
1649220281262 0.02669838788919151 10818
1649220306117 0.025911454907618463 10868
1649220331146 0.029235417610034346 10918
1649220356286 0.034527381320949645 10968
1649220381198 0.022290575082879512 11018
1649220406127 0.022892344987485557 11068
1649220431339 0.034216365066822615 11118
1649220456286 0.02502200522692874 11168
1649220481264 0.03039167302194983 11218
1649220506028 0.025098788395989686 11268
1649220531060 0.02375627640169114 11318
1649220555865 0.029446861436590553 11368
1649220581713 0.026279192524962126 11418
1649220606400 0.022796729312976823 11468
1649220631729 0.024413528684526682 11518
1649220656594 0.02982299111550674 11568
1649220681773 0.026831928743049502 11618
1649220706945 0.02187219006475061 11668
1649220731974 0.03210455875378102 11718
1649220756732 0.021276917069917543 11768
1649220781390 0.025273666686844082 11818
1649220806551 0.02435033895075321 11868
1649220831867 0.028305737804621457 11918
1649220856997 0.01831574587384239 11968
1649220881861 0.029726234986446796 12018
1649220906770 0.026875176578760148 12068
1649220931823 0.028635199894197286 12118
1649220956572 0.02315804088488221 12168
1649221427840 0.035468158656731245 12260
1649221452840 0.02194966471288353 12310
1649221478072 0.027705037980340422 12360
1649221503761 0.03133346626069397 12410
1649221528719 0.024345374703407287 12460
1649221553259 0.02209853902924806 12510
1649221577953 0.023368932323064653 12560
1649221603091 0.02487893957644701 12610
1649221628247 0.02225110737257637 12660
1649221653094 0.017023368179798125 12710
1649221678286 0.01805961596779525 12760
1649221703304 0.01897350920829922 12810
1649221728944 0.026375005799345673 12860
1649221753902 0.026542165463324635 12910
1649221778992 0.02616465736180544 12960
1649221803845 0.02487185101956129 13010
1649221828739 0.02601109479786828 13060
1649221853739 0.03203883159905672 13110
1649221878813 0.020965059045702217 13160
1649221903650 0.019221381263341754 13210
1649221928542 0.023035783427767454 13260
1649221953276 0.03271559630054981 13310
1649221978189 0.023091955179115758 13360
1649222003223 0.02321923121693544 13410
1649222028007 0.031514045177027585 13460
1649222053006 0.03419531991239637 13510
1649222078011 0.032521001140121374 13560
1649222102891 0.03223209934309125 13610
1649222128295 0.025978321190923453 13660
1649222153572 0.028269080293830483 13710
1649222178599 0.02033206042367965 13760
1649222203677 0.026151228167582304 13810
1649222228326 0.02772788496920839 13860
1649222253128 0.029425950427539645 13910
1649222278045 0.023211331623606384 13960
1649222302916 0.027783800008473917 14010
1649222328289 0.025608066096901895 14060
1649222353382 0.024008178347721697 14110
1649222378410 0.03104997223475948 14160
1649222404385 0.034311205253470686 14210
1649222429558 0.021900780419819056 14260
1649222454864 0.021853298044297843 14310
1649222480410 0.02341365545289591 14360
1649222505837 0.03127607334405184 14410
1649222531387 0.03278894156217575 14460
1649222556536 0.03234221280086785 14510
1649222581705 0.023410434359684585 14560
1649222606352 0.0252119158487767 14610
1649223078569 0.030824755334760992 14702
1649223103829 0.029963254719041287 14752
1649223128637 0.026449276220519097 14802
1649223153794 0.025881944310385735 14852
1649223178852 0.02262161820428446 14902
1649223204225 0.031123393322341143 14952
1649223229052 0.031507964013144374 15002
1649223254292 0.021610919440863654 15052
1649223279451 0.031060610646381975 15102
1649223304332 0.02686829458689317 15152
1649223329298 0.018843765622004866 15202
1649223354520 0.020744724782416596 15252
1649223379370 0.030099036176688968 15302
1649223404392 0.03267435477231629 15352
1649223429759 0.02507512503536418 15402
1649223454783 0.019627078124321996 15452
1649223479799 0.019674182292073964 15502
1649223504859 0.02434241784387268 15552
1649223529917 0.02218814589548856 15602
1649223554997 0.02343793016858399 15652
1649223580362 0.019139288493897767 15702
1649223605203 0.029648922925116495 15752
1649223630169 0.021678291661664843 15802
1649223655391 0.015520633319392801 15852
1649223680938 0.02864182587713003 15902
1649223705801 0.02972249165759422 15952
1649223730523 0.02731827288866043 16002
1649223755803 0.019002690664492547 16052
1649223781426 0.024716168041341007 16102
1649223806689 0.03154547583311796 16152
1649223831826 0.028706068228930234 16202
1649223856870 0.02675732099218294 16252
1649223882242 0.02419780518132029 16302
1649223907319 0.0243180218199268 16352
1649223932397 0.01960522372275591 16402
1649223957280 0.03020294655812904 16452
1649223982132 0.026451690566027537 16502
1649224006782 0.029775117449462415 16552
1649224031394 0.02868280208669603 16602
1649224056025 0.022619126443751157 16652
1649224081977 0.021084960512816907 16702
1649224107308 0.023573401109315453 16752
1649224132431 0.030465715858154 16802
1649224157793 0.02320317488629371 16852
1649224183144 0.02010031669633463 16902
1649224208259 0.027992460869718343 16952
1649224233220 0.024320920023601502 17002
1649224258348 0.02185555098578334 17052
1649224732641 0.028436121605336664 17144
1649224757805 0.02235865721711889 17194
1649224782840 0.026026223711669447 17244
1649224808488 0.027881701951846482 17294
1649224834062 0.02167500406736508 17344
1649224858844 0.025023963787825777 17394
1649224883806 0.021502793254330754 17444
1649224908774 0.026113966160919516 17494
1649224933784 0.027027464569546283 17544
1649224959069 0.019778749156976118 17594
1649224984093 0.02815380528802052 17644
1649225009081 0.021847817352972924 17694
1649225034496 0.021095942242536695 17744
1649225060486 0.026764237403403966 17794
1649225086278 0.031137278508394955 17844
1649225111290 0.023525513890199364 17894
1649225136191 0.02974388092989102 17944
1649225161296 0.024542348566465078 17994
1649225186242 0.026666599565651268 18044
1649225211387 0.019160937110427767 18094
1649225236783 0.021697257165797054 18144
1649225262005 0.02180953703355044 18194
1649225287296 0.02873555198777467 18244
1649225312384 0.020816986879799514 18294
1649225337869 0.02399384854827076 18344
1649225362818 0.021465970076387748 18394
1649225388863 0.03077809490961954 18444
1649225414672 0.024098352927248923 18494
1649225439387 0.020767223734874277 18544
1649225464350 0.02356959887431003 18594
1649225489420 0.02199459534836933 18644
1649225515159 0.023030763850547375 18694
1649225539904 0.018464314145967366 18744
1649225565699 0.028643129798583685 18794
1649225591091 0.02675439273705706 18844
1649225616470 0.02385803697165102 18894
1649225641553 0.017107420014217497 18944
1649225666658 0.0284583399258554 18994
1649225691646 0.031024908553808926 19044
1649225716809 0.02222192508284934 19094
1649225741728 0.02634163562208414 19144
1649225766697 0.021062829100992532 19194
1649225792249 0.02517419061390683 19244
1649225817232 0.017143459134968 19294
1649225842412 0.022870441540144382 19344
1649225867552 0.031844663803931327 19394
1649225892481 0.027313204737147316 19444
1649225917388 0.02793085116893053 19494
1649226387174 0.027134032484609633 19586
1649226412506 0.028727109488099815 19636
1649226437258 0.025173354905564337 19686
1649226462267 0.018999356045387685 19736
1649226486632 0.021061815856955945 19786
1649226511272 0.018366241903277115 19836
1649226536118 0.021007931388448923 19886
1649226561239 0.018081181400921197 19936
1649226586307 0.026471238653175532 19986
1649226611338 0.021449837550753727 20036
1649226636235 0.017337733953027054 20086
1649226661218 0.020460350732319058 20136
1649226686671 0.0205490014271345 20186
1649226711831 0.018704934962443076 20236
1649226736688 0.02057792911422439 20286
1649226761689 0.0227364335837774 20336
1649226786820 0.01573942419141531 20386
1649226812011 0.023462133285356686 20436
1649226836837 0.015449807976838202 20486
1649226861855 0.019306613345397638 20536
1649226887133 0.024089754549786447 20586
1649226912442 0.027098784521222115 20636
1649226937777 0.01954440097208135 20686
1649226963554 0.027623795273248108 20736
1649226988320 0.01806632561609149 20786
1649227012960 0.01593260109657422 20836
1649227037981 0.026154363825917244 20886
1649227063442 0.020215255019720643 20936
1649227088315 0.025169818884460255 20986
1649227113875 0.01681721849134192 21036
1649227138708 0.02047422839794308 21086
1649227163888 0.017503823542501778 21136
1649227188955 0.027124765384942292 21186
1649227213950 0.015284163502510637 21236
1649227239239 0.026578162631485613 21286
1649227264294 0.02057662103557959 21336
1649227288803 0.017492338228039445 21386
1649227314383 0.024989134868374095 21436
1649227339305 0.02705093291820958 21486
1649227364186 0.014569204796571285 21536
1649227389718 0.021581431843806058 21586
1649227414419 0.02379001958295703 21636
1649227439274 0.0206502428962267 21686
1649227464373 0.020963712255470456 21736
1649227489498 0.02457030158606358 21786
1649227514814 0.021755206203088163 21836
1649227539734 0.023471170468255878 21886
1649227564470 0.017687458120053633 21936
1649228032070 0.02337231362471357 22028
1649228056735 0.022803070864174515 22078
1649228081715 0.01609774332959205 22128
1649228106256 0.021788267099764197 22178
1649228131641 0.022070371999870986 22228
1649228156729 0.019585242966422813 22278
1649228181625 0.019912552618188785 22328
1649228206234 0.019152343191672118 22378
1649228231224 0.014716857969760895 22428
1649228256471 0.021548466556705535 22478
1649228281735 0.025395804797299207 22528
1649228307096 0.024520494670141488 22578
1649228331839 0.023413470641244202 22628
1649228356489 0.022755303483572787 22678
1649228381397 0.01759724472067319 22728
1649228406768 0.021041648485697804 22778
1649228431818 0.01715417544124648 22828
1649228456742 0.026469074200140313 22878
1649228481816 0.018582340420689434 22928
1649228507129 0.020623445915989577 22978
1649228531630 0.026710685604484752 23028
1649228556735 0.0161744998767972 23078
1649228581365 0.016630414917017333 23128
1649228606572 0.021817992375581526 23178
1649228631202 0.021976039679720998 23228
1649228656341 0.015157744556199759 23278
1649228681691 0.019801070704124867 23328
1649228706424 0.020258531331201084 23378
1649228731167 0.01617439719266258 23428
1649228756203 0.01917710812878795 23478
1649228781330 0.02081071575405076 23528
1649228806200 0.01760809188010171 23578
1649228831278 0.019374473934294655 23628
1649228855839 0.018694646859075875 23678
1649228880816 0.014340546559542417 23728
1649228905408 0.018316178327659145 23778
1649228930310 0.020559258374851196 23828
1649228955228 0.018148043379187583 23878
1649228980188 0.023837023561354725 23928
1649229005260 0.020003490829840303 23978
1649229030272 0.01644583174260333 24028
1649229054925 0.02464501392561942 24078
1649229079838 0.015823816030751912 24128
1649229104641 0.02088810450863093 24178
1649229129053 0.020422770358854904 24228
1649229154290 0.01765505162300542 24278
1649229179490 0.019275532354367898 24328
1649229204659 0.016077179682906718 24378
1649229672753 0.01695549740223214 24470
1649229697822 0.022037768554873764 24520
1649229722770 0.028465535641880705 24570
1649229747923 0.017566058814991264 24620
1649229772799 0.021600520049687474 24670
1649229798019 0.023337752255611122 24720
1649229823356 0.017649382740492003 24770
1649229848220 0.018857271935557945 24820
1649229873294 0.015954902252415196 24870
1649229898299 0.01607406311901286 24920
1649229923617 0.019099614357110113 24970
1649229948502 0.021716693377820773 25020
1649229973232 0.022310963628115132 25070
1649229998247 0.019153278757585213 25120
1649230023304 0.018942215506685896 25170
1649230048222 0.014572387247462758 25220
1649230073014 0.017222600146778858 25270
1649230097694 0.0199731187755242 25320
1649230122471 0.01770486636320129 25370
1649230147344 0.016233655638061464 25420
1649230172088 0.022777563709532843 25470
1649230197019 0.01689058605406899 25520
1649230221584 0.02494964701589197 25570
1649230246341 0.020708496381994335 25620
1649230271094 0.021032280100043863 25670
1649230296242 0.02008854282903485 25720
1649230321143 0.01793919552001171 25770
1649230346265 0.017029272818472236 25820
1649230371151 0.026626386208808982 25870
1649230396279 0.016450860511977226 25920
1649230421200 0.016892144898884 25970
1649230446180 0.017710435467306523 26020
1649230471011 0.019063253741478547 26070
1649230495688 0.01719064372824505 26120
1649230520746 0.01870759202633053 26170
1649230546013 0.023507097315159625 26220
1649230570875 0.01447694668197073 26270
1649230596261 0.028180549307726323 26320
1649230621506 0.02156822575139813 26370
1649230646581 0.019453788865357636 26420
1649230670908 0.020169541281647982 26470
1649230695990 0.018096915422938765 26520
1649230720756 0.018141685109294484 26570
1649230746231 0.021872862097807227 26620
1649230771289 0.01975401736679487 26670
1649230795843 0.019969181432388725 26720
1649230820728 0.012803705246187746 26770
1649230845741 0.015465858665993436 26820
1649231312533 0.026457396764308215 26912
1649231337414 0.01964996329275891 26962
1649231362139 0.015121890773589258 27012
1649231387732 0.01731701089651324 27062
1649231412673 0.02405086352257058 27112
1649231437244 0.012494023480685427 27162
1649231462128 0.01854638069635257 27212
1649231487213 0.014151367669110187 27262
1649231511901 0.015400449362350627 27312
1649231536743 0.01848702910123393 27362
1649231561477 0.01985113731585443 27412
1649231586256 0.018038991389330475 27462
1649231610995 0.024992406696546822 27512
1649231636107 0.017796679718885572 27562
1649231661270 0.019052384516689926 27612
1649231686455 0.021486224455293267 27662
1649231711517 0.026606868468225003 27712
1649231736921 0.012218826340977103 27762
1649231762318 0.019642007474321873 27812
1649231787620 0.01892203973256983 27862
1649231812948 0.017711461577564477 27912
1649231838251 0.020229955638642425 27962
1649231863406 0.01882118737557903 28012
1649231888194 0.023530817991122603 28062
1649231913243 0.018316496647894382 28112
1649231938261 0.016635405295528472 28162
1649231963486 0.01847652188502252 28212
1649231988627 0.025215067768003793 28262
1649232013199 0.020189480549888686 28312
1649232038497 0.01777603198075667 28362
1649232063694 0.018728166911751033 28412
1649232088169 0.01993134813150391 28462
1649232113276 0.016131120522040875 28512
1649232138117 0.016556694248574786 28562
1649232162717 0.017246552361175418 28612
1649232187770 0.012702163918875157 28662
1649232212522 0.016732139044906943 28712
1649232237687 0.018685984354233368 28762
1649232262895 0.02397551459725946 28812
1649232287659 0.019352178445551545 28862
1649232312758 0.026486193740274756 28912
1649232338156 0.018194611945655196 28962
1649232363185 0.021069545722566543 29012
1649232387849 0.016153696561814285 29062
1649232413284 0.015070777557557449 29112
1649232438383 0.018359226698521525 29162
1649232463223 0.01709778157994151 29212
1649232488453 0.019369485815986992 29262
