1649212810687 3.1705802810192107 50
1649212856588 0.9365968191623688 100
1649212902729 0.8530713492631912 150
1649212947345 0.6994182732701302 200
1649212992453 0.8324087989330292 250
1649213038224 0.8725323602557182 300
1649213083292 0.7066649737954139 350
1649213128748 0.7045989513397217 400
1649213173876 0.6586148627102375 450
1649213219027 0.6947910434007645 500
1649213263965 0.8977700620889664 550
1649213308657 0.9075572866201401 600
1649213353956 0.8523918676376343 650
1649213399430 0.7551676693558693 700
1649213445475 0.9180248364806175 750
1649213490325 0.841244122684002 800
1649213535528 1.0282179966568947 850
1649213580931 0.9649081268906593 900
1649213626077 0.9392013975977898 950
1649213655737 0.7850032392144203 1000
1649213680945 0.9603668069839477 1050
1649213705713 1.0366133332252503 1100
1649213731520 0.9541510942578316 1150
1649213756919 0.9206796759366989 1200
1649213781751 0.9177298167347908 1250
1649213807165 0.9601998350024223 1300
1649213832270 0.9081597930192947 1350
1649213857230 0.8555926644802093 1400
1649213882411 0.8203890281915664 1450
1649213907151 1.024234545826912 1500
1649213932410 0.9203595796227455 1550
1649213958255 0.9769201475381851 1600
1649213983441 0.8025198727846146 1650
1649214008522 0.8217778307199478 1700
1649214033518 0.8348354166746139 1750
1649214058531 0.9144979995489121 1800
1649214083759 0.8953893554210662 1850
1649214109073 0.7729627880454063 1900
1649214134449 0.8195706689357758 1950
1649214159389 0.8370652931928635 2000
1649214184589 0.8788358521461487 2050
1649214209309 0.8879893073439598 2100
1649214234407 0.9119312065839768 2150
1649214259868 0.8879402628540993 2200
1649214285026 0.8878919383883477 2250
1649214310348 0.8454355689883232 2300
1649214335717 0.8556103873252868 2350
1649214361291 0.8857207241654396 2400
1649214833652 0.8808678308129311 2492
1649214858256 0.8958893111348152 2542
1649214883321 0.6259600216150284 2592
1649214908241 0.8502069789171219 2642
1649214933499 0.8012675333023072 2692
1649214958661 0.8361063572764397 2742
1649214983603 0.9369858929514885 2792
1649215008804 0.7666488346457482 2842
1649215034072 0.8700727483630181 2892
1649215059190 0.8432356613874435 2942
1649215084288 0.9495562767982483 2992
1649215109242 0.8881758758425713 3042
1649215134358 0.838102862238884 3092
1649215159659 0.8844989895820617 3142
1649215184768 0.8029567331075669 3192
1649215209808 0.7883288475871086 3242
1649215234660 0.6962025094032288 3292
1649215259643 0.9233510684967041 3342
1649215284405 0.9346887356042862 3392
1649215308993 0.7607944586873054 3442
1649215333748 0.8313652288913727 3492
1649215358680 0.8279028305411339 3542
1649215384316 0.9043517071008682 3592
1649215409447 0.8482087108492852 3642
1649215434932 0.8453460016846657 3692
1649215460306 0.8375006434321404 3742
1649215485184 0.8983478841185569 3792
1649215510032 0.7694069370627403 3842
1649215534885 0.9184559240937233 3892
1649215560267 0.766409327685833 3942
1649215585127 1.0161045762896537 3992
1649215609872 0.7179165118932724 4042
1649215634782 0.7998217277228832 4092
1649215659669 0.8977590936422348 4142
1649215684928 0.6411055453121662 4192
1649215710369 0.8418817880749703 4242
1649215735566 0.9468619701266289 4292
1649215760487 0.7773214304447174 4342
1649215785484 0.6318954819440842 4392
1649215810290 0.8757944969832897 4442
1649215835248 0.6904970371723175 4492
1649215860131 0.8780756896734238 4542
1649215885281 0.8396115785837174 4592
1649215910279 0.8094975101947784 4642
1649215935406 0.8417134347558022 4692
1649215960534 1.0794878235459329 4742
1649215985374 0.8458724409341812 4792
1649216010409 0.919913749396801 4842
1649216481026 0.7966001883149147 4934
1649216506303 0.8166404089331627 4984
1649216531347 0.6949684417247772 5034
1649216556166 0.7070360031723976 5084
1649216581854 0.7199004594981671 5134
1649216607223 0.8006142893433571 5184
1649216632444 0.7984372393786907 5234
1649216657428 0.9503437182307244 5284
1649216682432 0.7455298188328743 5334
1649216707688 0.9619318917393684 5384
1649216732838 0.8759049201011657 5434
1649216757690 0.7699907323718072 5484
1649216782953 0.8332395321130752 5534
1649216807588 0.7584809386730194 5584
1649216832319 0.8952645102143287 5634
1649216857478 0.9119365993142128 5684
1649216882777 0.6999238160252571 5734
1649216907993 0.8005719935894012 5784
1649216932752 0.931308531165123 5834
1649216958236 0.811901570558548 5884
1649216983362 0.6906311094760895 5934
1649217008270 0.7521789368987083 5984
1649217033317 0.7920646008849144 6034
1649217058298 0.6785774838924408 6084
1649217083180 0.7012554812431335 6134
1649217108719 0.8773585753142834 6184
1649217133786 0.8206076271831989 6234
1649217158799 0.6764208748936653 6284
1649217183785 0.6468762165307999 6334
1649217209277 0.7481293874979019 6384
1649217234220 0.7352091047167778 6434
1649217259217 0.9126449021697044 6484
1649217284385 0.8475723379850387 6534
1649217309328 0.7943030494451523 6584
1649217334261 0.7638756343722344 6634
1649217359313 0.7874325793981553 6684
1649217384329 0.7060543355345726 6734
1649217409461 0.8941871558129787 6784
1649217434432 0.7114988458156586 6834
1649217459246 0.8223454387485981 6884
1649217484385 0.6371495762467384 6934
1649217509349 0.8220463484525681 6984
1649217534244 0.7543222211301327 7034
1649217558959 0.8097548200190068 7084
1649217583814 0.6477133086323739 7134
1649217608908 0.7397647832334041 7184
1649217633998 0.8190367624163628 7234
1649217658934 0.7633599583804608 7284
1649218132108 0.7512680432200431 7376
1649218157464 0.7701782391965389 7426
1649218182355 0.7458453114330769 7476
1649218207241 0.7360889011621475 7526
1649218232328 0.7788165998458862 7576
1649218257230 0.6631222867965698 7626
1649218282325 0.6423570995032787 7676
1649218307703 0.8648867443203926 7726
1649218332645 0.8710485097765922 7776
1649218357726 0.7086081285774708 7826
1649218382927 0.6610052228718996 7876
1649218408243 0.6541801725327968 7926
1649218433000 0.7374573785066605 7976
1649218458844 0.7730839890241623 8026
1649218484352 0.6993180848658085 8076
1649218509330 0.7281800258159637 8126
1649218533995 0.5562146458029747 8176
1649218558943 0.6723771251738071 8226
1649218584048 0.7621537563204765 8276
1649218608972 0.6342250283062458 8326
1649218634262 0.6850108325481414 8376
1649218658864 0.7247020195424557 8426
1649218683672 0.677018521875143 8476
1649218708513 0.658015416264534 8526
1649218733715 0.6910160484910012 8576
1649218758719 0.8112170045077801 8626
1649218783733 0.8871263486146926 8676
1649218808557 0.7774539639055729 8726
1649218833334 0.793971825838089 8776
1649218858030 0.6976699638366699 8826
1649218882774 0.811658732444048 8876
1649218907993 0.698923666626215 8926
1649218932852 0.7729600031673908 8976
1649218957793 0.6631219214200974 9026
1649218982912 0.757580715417862 9076
1649219007829 0.7155729845166207 9126
1649219032750 0.6576859396696091 9176
1649219057814 0.7521071127057075 9226
1649219082993 0.7851758982241154 9276
1649219108023 0.660986955165863 9326
1649219133065 0.7488094589114189 9376
1649219158040 0.7716700541973114 9426
1649219183476 0.766673111319542 9476
1649219208196 0.7892610037326813 9526
1649219233319 0.7511743801832199 9576
1649219258128 0.8889345353841782 9626
1649219283057 0.7267962241172791 9676
1649219308282 0.7152786029875279 9726
1649219781731 0.6217216821014881 9818
1649219806812 0.7570645797252655 9868
1649219831694 0.7694433608651161 9918
1649219856358 0.7172325928509236 9968
1649219881305 0.7442779070138932 10018
1649219906260 0.6837554293870926 10068
1649219931206 0.6597000765800476 10118
1649219956153 0.7092523135244846 10168
1649219981183 0.5703357634693385 10218
1649220006148 0.6969583590328693 10268
1649220031241 0.6378142227232456 10318
1649220056374 0.7624473515152931 10368
1649220081429 0.6457770709693432 10418
1649220106201 0.6922540937364101 10468
1649220131313 0.6895647144317627 10518
1649220156288 0.7114811104536056 10568
1649220181313 0.6826249840855598 10618
1649220206083 0.6146798828244209 10668
1649220231482 0.8574465535581112 10718
1649220256264 0.6467343336343765 10768
1649220281262 0.614786112010479 10818
1649220306117 0.6101976568996906 10868
1649220331146 0.7326796713471413 10918
1649220356286 0.8137069825828075 10968
1649220381198 0.72339660435915 11018
1649220406127 0.6058756040036678 11068
1649220431339 0.7283996140956879 11118
1649220456286 0.6850287514925003 11168
1649220481264 0.7988280022144317 11218
1649220506028 0.735190672725439 11268
1649220531060 0.6878019285202026 11318
1649220555865 0.7279009500145912 11368
1649220581713 0.6800851264595985 11418
1649220606400 0.6513574425876141 11468
1649220631729 0.6639817447960377 11518
1649220656594 0.7591997203230858 11568
1649220681773 0.6447477969527244 11618
1649220706945 0.6537184679508209 11668
1649220731974 0.7159699080884456 11718
1649220756732 0.6060821266472339 11768
1649220781390 0.697926579117775 11818
1649220806551 0.6923168866336346 11868
1649220831867 0.8238140004873276 11918
1649220856997 0.6583897659182548 11968
1649220881861 0.7654751420021058 12018
1649220906770 0.7580063152313232 12068
1649220931823 0.7338282203674317 12118
1649220956572 0.7022242365777492 12168
1649221427840 0.7642523305118084 12260
1649221452840 0.5749029038846493 12310
1649221478072 0.6351174247264862 12360
1649221503761 0.7537106302380562 12410
1649221528719 0.6363873726129532 12460
1649221553259 0.6112350125610828 12510
1649221577953 0.5975766102224589 12560
1649221603091 0.6667386442422867 12610
1649221628247 0.585194728821516 12660
1649221653094 0.5552692816406488 12710
1649221678286 0.5954196713864803 12760
1649221703304 0.5804881930351258 12810
1649221728944 0.6508872637152672 12860
1649221753902 0.7395658087730408 12910
1649221778992 0.6570194625854492 12960
1649221803845 0.6331064850091934 13010
1649221828739 0.6667012664675712 13060
1649221853739 0.7580115297436714 13110
1649221878813 0.53352484613657 13160
1649221903650 0.6262970517575741 13210
1649221928542 0.6721478579938411 13260
1649221953276 0.7399952048063279 13310
1649221978189 0.7091628094017506 13360
1649222003223 0.59369295835495 13410
1649222028007 0.6885157161951065 13460
1649222053006 0.6976330204308033 13510
1649222078011 0.6879660467803478 13560
1649222102891 0.7375537176430226 13610
1649222128295 0.6871014791727066 13660
1649222153572 0.645794924646616 13710
1649222178599 0.6344343814253807 13760
1649222203677 0.6309111610054969 13810
1649222228326 0.6874996331334114 13860
1649222253128 0.6940196511149407 13910
1649222278045 0.6116959649324417 13960
1649222302916 0.6383835804462433 14010
1649222328289 0.6994913042336702 14060
1649222353382 0.6879944649338722 14110
1649222378410 0.692288351804018 14160
1649222404385 0.8120866388082504 14210
1649222429558 0.6424058805406093 14260
1649222454864 0.6624116943776608 14310
1649222480410 0.6415596686303615 14360
1649222505837 0.6868207985162735 14410
1649222531387 0.7353626817464829 14460
1649222556536 0.7790884160995484 14510
1649222581705 0.6296177522838116 14560
1649222606352 0.6212844562530517 14610
1649223078569 0.6665871357917785 14702
1649223103829 0.6334123410284519 14752
1649223128637 0.7109395989775658 14802
1649223153794 0.5840186084806919 14852
1649223178852 0.6605719025433063 14902
1649223204225 0.6777292451262474 14952
1649223229052 0.7309101776778698 15002
1649223254292 0.5604157431423664 15052
1649223279451 0.6908469551801681 15102
1649223304332 0.6301314376294613 15152
1649223329298 0.6392614921927452 15202
1649223354520 0.5733689649403095 15252
1649223379370 0.6915956123173237 15302
1649223404392 0.7193133655190468 15352
1649223429759 0.7591536180675029 15402
1649223454783 0.5499357022345066 15452
1649223479799 0.5570542815327645 15502
1649223504859 0.6491262720525265 15552
1649223529917 0.5768557877838612 15602
1649223554997 0.5950655981898307 15652
1649223580362 0.5660186636447907 15702
1649223605203 0.6701361697912216 15752
1649223630169 0.642184527516365 15802
1649223655391 0.5254601977765561 15852
1649223680938 0.692820954322815 15902
1649223705801 0.6215996822714805 15952
1649223730523 0.6450433930754662 16002
1649223755803 0.6105904048681259 16052
1649223781426 0.7600371080636978 16102
1649223806689 0.7244199535250664 16152
1649223831826 0.6639887166023254 16202
1649223856870 0.6357353208959102 16252
1649223882242 0.5998895958065986 16302
1649223907319 0.5898839096724987 16352
1649223932397 0.5448274317383767 16402
1649223957280 0.5538937556743622 16452
1649223982132 0.6584396208822727 16502
1649224006782 0.6990742266178132 16552
1649224031394 0.6351361885666847 16602
1649224056025 0.6121578748524189 16652
1649224081977 0.5507643458992243 16702
1649224107308 0.6368208964169025 16752
1649224132431 0.6838605491816998 16802
1649224157793 0.6187598077952862 16852
1649224183144 0.5769928286969662 16902
1649224208259 0.6719390822947026 16952
1649224233220 0.6847507379949093 17002
1649224258348 0.5763569557666779 17052
1649224732641 0.6338611073046923 17144
1649224757805 0.5434168393909932 17194
1649224782840 0.6149064908921719 17244
1649224808488 0.589513812661171 17294
1649224834062 0.5561238069832325 17344
1649224858844 0.5556183052062988 17394
1649224883806 0.5796006715297699 17444
1649224908774 0.6728447896242141 17494
1649224933784 0.6292482161521912 17544
1649224959069 0.5976853565871716 17594
1649224984093 0.5761302933096886 17644
1649225009081 0.5583055819571018 17694
1649225034496 0.48315766870975496 17744
1649225060486 0.5783610771596431 17794
1649225086278 0.7236135432124138 17844
1649225111290 0.5879324328899384 17894
1649225136191 0.6899173337221146 17944
1649225161296 0.5977445389330387 17994
1649225186242 0.5918735522031784 18044
1649225211387 0.5501904967427254 18094
1649225236783 0.5410808299481868 18144
1649225262005 0.5907495853304863 18194
1649225287296 0.6499200350046158 18244
1649225312384 0.5834237789362668 18294
1649225337869 0.630329669713974 18344
1649225362818 0.5927679671347141 18394
1649225388863 0.6921937763690948 18444
1649225414672 0.6177982445061206 18494
1649225439387 0.5396597350388765 18544
1649225464350 0.6486024479568004 18594
1649225489420 0.554551102668047 18644
1649225515159 0.564566942602396 18694
1649225539904 0.5692526976764202 18744
1649225565699 0.7053836657106877 18794
1649225591091 0.6509987120330334 18844
1649225616470 0.6049606241285801 18894
1649225641553 0.5035741657018662 18944
1649225666658 0.6939223794639111 18994
1649225691646 0.6460452592372894 19044
1649225716809 0.5473012934625149 19094
1649225741728 0.6934650342166424 19144
1649225766697 0.5814428959041834 19194
1649225792249 0.6181623566895723 19244
1649225817232 0.540956921428442 19294
1649225842412 0.6866705225408077 19344
1649225867552 0.6451646460592747 19394
1649225892481 0.5604418477416039 19444
1649225917388 0.6087563872337342 19494
1649226387174 0.6153806041926145 19586
1649226412506 0.6035520977526904 19636
1649226437258 0.5196503783762455 19686
1649226462267 0.5331808336824179 19736
1649226486632 0.46887267760932444 19786
1649226511272 0.4295425222069025 19836
1649226536118 0.5087894120067358 19886
1649226561239 0.47902384631335737 19936
1649226586307 0.5852632376551629 19986
1649226611338 0.446044844686985 20036
1649226636235 0.4031733767688274 20086
1649226661218 0.48197496265172957 20136
1649226686671 0.46483943350613116 20186
1649226711831 0.43989617481827736 20236
1649226736688 0.4369639717042446 20286
1649226761689 0.5353968986868858 20336
1649226786820 0.41753346890211107 20386
1649226812011 0.5617344868928194 20436
1649226836837 0.4449028219282627 20486
1649226861855 0.43299542233347893 20536
1649226887133 0.5396029502898455 20586
1649226912442 0.6506159868836403 20636
1649226937777 0.43971462070941925 20686
1649226963554 0.4896685752272606 20736
1649226988320 0.49094374269247054 20786
1649227012960 0.4301045259088278 20836
1649227037981 0.5146224800497293 20886
1649227063442 0.44557437546551226 20936
1649227088315 0.45084240086376665 20986
1649227113875 0.41026715114712714 21036
1649227138708 0.4888756501674652 21086
1649227163888 0.4439110705256462 21136
1649227188955 0.5058872037380934 21186
1649227213950 0.4594837635010481 21236
1649227239239 0.4485797057300806 21286
1649227264294 0.4296364685893059 21336
1649227288803 0.46793060764670374 21386
1649227314383 0.5328314810991287 21436
1649227339305 0.5556400770694018 21486
1649227364186 0.4028303150832653 21536
1649227389718 0.5263073768094182 21586
1649227414419 0.4793164704740047 21636
1649227439274 0.4835688380897045 21686
1649227464373 0.46498154789209367 21736
1649227489498 0.47560196116566655 21786
1649227514814 0.48169087871909144 21836
1649227539734 0.4999218026548624 21886
1649227564470 0.39742465436458585 21936
1649228032070 0.4317914493381977 22028
1649228056735 0.4649275402724743 22078
1649228081715 0.40670672662556173 22128
1649228106256 0.43142350323498246 22178
1649228131641 0.47267919838428496 22228
1649228156729 0.4359614636003971 22278
1649228181625 0.4302865160256624 22328
1649228206234 0.40123448476195334 22378
1649228231224 0.3502244481444359 22428
1649228256471 0.42945205014199017 22478
1649228281735 0.5104531194269657 22528
1649228307096 0.5108412499725818 22578
1649228331839 0.5275478264689446 22628
1649228356489 0.5089062491431833 22678
1649228381397 0.42572893980890514 22728
1649228406768 0.47390258200466634 22778
1649228431818 0.4265667915716767 22828
1649228456742 0.5063928806781769 22878
1649228481816 0.4331553392112255 22928
1649228507129 0.39662443712353707 22978
1649228531630 0.5404271894693374 23028
1649228556735 0.41412865824997425 23078
1649228581365 0.4052198474854231 23128
1649228606572 0.41463966853916645 23178
1649228631202 0.39862654231488703 23228
1649228656341 0.3694343046844006 23278
1649228681691 0.4087398806959391 23328
1649228706424 0.42786207228899004 23378
1649228731167 0.3762853130698204 23428
1649228756203 0.45651246786117555 23478
1649228781330 0.4640060342848301 23528
1649228806200 0.43002794817090034 23578
1649228831278 0.41820375837385654 23628
1649228855839 0.4130191695690155 23678
1649228880816 0.3902790452539921 23728
1649228905408 0.3593458244204521 23778
1649228930310 0.4153754744678736 23828
1649228955228 0.4601853160560131 23878
1649228980188 0.45867932043969634 23928
1649229005260 0.4465346397459507 23978
1649229030272 0.38344553761184214 24028
1649229054925 0.5325858244299888 24078
1649229079838 0.4200980039685965 24128
1649229104641 0.43771678023040295 24178
1649229129053 0.39905979715287687 24228
1649229154290 0.3988767708465457 24278
1649229179490 0.44099842190742494 24328
1649229204659 0.42440770119428634 24378
1649229672753 0.40038708835840225 24470
1649229697822 0.4395735000818968 24520
1649229722770 0.48679658353328703 24570
1649229747923 0.40548887867480515 24620
1649229772799 0.4307112527638674 24670
1649229798019 0.4427293637022376 24720
1649229823356 0.4036432043462992 24770
1649229848220 0.4076217333599925 24820
1649229873294 0.3735383355617523 24870
1649229898299 0.40811058923602106 24920
1649229923617 0.4045205909013748 24970
1649229948502 0.4293775874376297 25020
1649229973232 0.47826414987444876 25070
1649229998247 0.3763432431221008 25120
1649230023304 0.3810830122232437 25170
1649230048222 0.3975727379322052 25220
1649230073014 0.4212047613784671 25270
1649230097694 0.4204118411242962 25320
1649230122471 0.4271414059028029 25370
1649230147344 0.4077103903889656 25420
1649230172088 0.4231557782739401 25470
1649230197019 0.3866569634899497 25520
1649230221584 0.4323886144161224 25570
1649230246341 0.39811172120273114 25620
1649230271094 0.4112403696775436 25670
1649230296242 0.4204213587194681 25720
1649230321143 0.38985829170793296 25770
1649230346265 0.34620024129748345 25820
1649230371151 0.4828522738069296 25870
1649230396279 0.3632791927456856 25920
1649230421200 0.3614042405039072 25970
1649230446180 0.36389997746795416 26020
1649230471011 0.446491771787405 26070
1649230495688 0.408640251532197 26120
1649230520746 0.37035661078989507 26170
1649230546013 0.461695451810956 26220
1649230570875 0.3748628655821085 26270
1649230596261 0.5002393222600222 26320
1649230621506 0.38354340828955175 26370
1649230646581 0.40701308265328406 26420
1649230670908 0.4211022729426622 26470
1649230695990 0.4328088752925396 26520
1649230720756 0.4163033523783088 26570
1649230746231 0.4513770759478211 26620
1649230771289 0.44340267091989516 26670
1649230795843 0.4112797151505947 26720
1649230820728 0.3156154026836157 26770
1649230845741 0.3750742555782199 26820
1649231312533 0.44133096273988487 26912
1649231337414 0.37963455356657505 26962
1649231362139 0.3299338899552822 27012
1649231387732 0.3888398240879178 27062
1649231412673 0.4426046492159367 27112
1649231437244 0.3166466556489468 27162
1649231462128 0.3972030610591173 27212
1649231487213 0.31110023193061354 27262
1649231511901 0.3658351954817772 27312
1649231536743 0.3889816744625568 27362
1649231561477 0.4005425422638655 27412
1649231586256 0.35713358808308837 27462
1649231610995 0.44687964498996735 27512
1649231636107 0.3331383467465639 27562
1649231661270 0.4830750197172165 27612
1649231686455 0.4533888929337263 27662
1649231711517 0.40225631564855574 27712
1649231736921 0.33460475139319895 27762
1649231762318 0.3876712904125452 27812
1649231787620 0.42000453408807514 27862
1649231812948 0.35773171938955783 27912
1649231838251 0.3778085252642632 27962
1649231863406 0.3421289106830955 28012
1649231888194 0.43675631016492844 28062
1649231913243 0.40870352104306223 28112
1649231938261 0.38478525783866646 28162
1649231963486 0.41021310184150933 28212
1649231988627 0.488115701675415 28262
1649232013199 0.43544162034988404 28312
1649232038497 0.35895172379910945 28362
1649232063694 0.38995289236307146 28412
1649232088169 0.3828881562128663 28462
1649232113276 0.38266494385898114 28512
1649232138117 0.3609761788696051 28562
1649232162717 0.39065926522016525 28612
1649232187770 0.34262499049305917 28662
1649232212522 0.37794119853526353 28712
1649232237687 0.3760522405803204 28762
1649232262895 0.4397959939390421 28812
1649232287659 0.36509728215634824 28862
1649232312758 0.46286786064505575 28912
1649232338156 0.3900223616883159 28962
1649232363185 0.3693414443731308 29012
1649232387849 0.3526414894685149 29062
1649232413284 0.36141717903316023 29112
1649232438383 0.3599672582000494 29162
1649232463223 0.3885720471292734 29212
1649232488453 0.40278637208044527 29262
