1649033151580 4.995100000000008e-06 50
1649033176207 9.990100000000003e-06 100
1649033200928 1.4985100000000007e-05 150
1649033225278 1.9980100000000012e-05 200
1649033250387 2.4975099999999994e-05 250
1649033275471 2.997009999999999e-05 300
1649033300227 3.4965099999999995e-05 350
1649033325387 3.99601e-05 400
1649033350366 4.4955100000000006e-05 450
1649033375425 4.99501e-05 500
1649033400264 5.4945100000000004e-05 550
1649033425318 5.99401e-05 600
1649033450294 6.493510000000001e-05 650
1649033475305 6.99301e-05 700
1649033500263 7.49251e-05 750
1649033524976 7.992010000000001e-05 800
1649033550039 8.49151e-05 850
1649033575117 8.99101e-05 900
1649033600182 9.490510000000001e-05 950
1649033625157 9.990010000000001e-05 1000
1649033650069 0.0001 1050
1649033675077 0.0001 1100
1649033700709 0.0001 1150
1649033726397 0.0001 1200
1649033752239 0.0001 1250
1649033777811 0.0001 1300
1649033803091 0.0001 1350
1649033828381 0.0001 1400
1649033853406 0.0001 1450
1649033878660 0.0001 1500
1649033903797 0.0001 1550
1649033929001 0.0001 1600
1649033953994 0.0001 1650
1649033979458 0.0001 1700
1649034004174 0.0001 1750
1649034029651 0.0001 1800
1649034054866 0.0001 1850
1649034079739 0.0001 1900
1649034104748 0.0001 1950
1649034199430 0.0001 1958
1649034226689 0.0001 2007
1649034251602 0.0001 2057
1649034276724 0.0001 2107
1649034301749 0.0001 2157
1649034326652 0.0001 2207
1649034351945 0.0001 2257
1649034376816 0.0001 2307
1649034401850 0.0001 2357
1649034427265 0.0001 2407
1649034452237 0.0001 2457
1649034477207 0.0001 2507
1649034502474 0.0001 2557
1649034527484 0.0001 2607
1649034552766 0.0001 2657
1649034577802 0.0001 2707
1649034602837 0.0001 2757
1649034627651 0.0001 2807
1649034652187 0.0001 2857
1649034677236 0.0001 2907
1649034702273 0.0001 2957
1649034727403 0.0001 3007
1649034752315 0.0001 3057
1649034777259 0.0001 3107
1649034802449 0.0001 3157
1649034827227 0.0001 3207
1649034852300 0.0001 3257
1649034877343 0.0001 3307
1649034902713 0.0001 3357
1649034928101 0.0001 3407
1649034953332 0.0001 3457
1649034978206 0.0001 3507
1649035003218 0.0001 3557
1649035027815 0.0001 3607
1649035053247 0.0001 3657
1649035078226 0.0001 3707
1649035103283 0.0001 3757
1649035128493 0.0001 3807
1649035153410 0.0001 3857
1649035179222 0.0001 3907
1649035274832 0.0001 3915
1649035302273 0.0001 3964
1649035327487 0.0001 4014
1649035352953 0.0001 4064
1649035378271 0.0001 4114
1649035403855 0.0001 4164
1649035429266 0.0001 4214
1649035454788 0.0001 4264
1649035480056 0.0001 4314
1649035504831 0.0001 4364
1649035529814 0.0001 4414
1649035554862 0.0001 4464
1649035579822 0.0001 4514
1649035604677 0.0001 4564
1649035630118 0.0001 4614
1649035655626 0.0001 4664
1649035680888 0.0001 4714
1649035705827 0.0001 4764
1649035730882 0.0001 4814
1649035756300 0.0001 4864
1649035781470 0.0001 4914
1649035806392 0.0001 4964
1649035831696 0.0001 5014
1649035856372 0.0001 5064
1649035881466 0.0001 5114
1649035906847 0.0001 5164
1649035931709 0.0001 5214
1649035956739 0.0001 5264
1649035981918 0.0001 5314
1649036007506 0.0001 5364
1649036032736 0.0001 5414
1649036057704 0.0001 5464
1649036083003 0.0001 5514
1649036107910 0.0001 5564
1649036133219 0.0001 5614
1649036158760 0.0001 5664
1649036183922 0.0001 5714
1649036209236 0.0001 5764
1649036234295 0.0001 5814
1649036259356 0.0001 5864
1649036356610 0.0001 5872
1649036383713 0.0001 5921
1649036408718 0.0001 5971
1649036434234 0.0001 6021
1649036459373 0.0001 6071
1649036483948 0.0001 6121
1649036509119 0.0001 6171
1649036534455 0.0001 6221
1649036560144 0.0001 6271
1649036584877 0.0001 6321
1649036610173 0.0001 6371
1649036634891 0.0001 6421
1649036659627 0.0001 6471
1649036684437 0.0001 6521
1649036709291 0.0001 6571
1649036733952 0.0001 6621
1649036758435 0.0001 6671
1649036783336 0.0001 6721
1649036808413 0.0001 6771
1649036833518 0.0001 6821
1649036858716 0.0001 6871
1649036883784 0.0001 6921
1649036908884 0.0001 6971
1649036933752 0.0001 7021
1649036958669 0.0001 7071
1649036983933 0.0001 7121
1649037009065 0.0001 7171
1649037034214 0.0001 7221
1649037058959 0.0001 7271
1649037084038 0.0001 7321
1649037109098 0.0001 7371
1649037134380 0.0001 7421
1649037159406 0.0001 7471
1649037184237 0.0001 7521
1649037208897 0.0001 7571
1649037234213 0.0001 7621
1649037259341 0.0001 7671
1649037284432 0.0001 7721
1649037309181 0.0001 7771
1649037334195 0.0001 7821
1649037429742 0.0001 7829
1649037457000 0.0001 7878
1649037482262 0.0001 7928
1649037507570 0.0001 7978
1649037533047 0.0001 8028
1649037558132 0.0001 8078
1649037583611 0.0001 8128
1649037608960 0.0001 8178
1649037634241 0.0001 8228
1649037659335 0.0001 8278
1649037684254 0.0001 8328
1649037709308 0.0001 8378
1649037734359 0.0001 8428
1649037759574 0.0001 8478
1649037784547 0.0001 8528
1649037809328 0.0001 8578
1649037834135 0.0001 8628
1649037858968 0.0001 8678
1649037884186 0.0001 8728
1649037909417 0.0001 8778
1649037934238 0.0001 8828
1649037959141 0.0001 8878
1649037984246 0.0001 8928
1649038009277 0.0001 8978
1649038034317 0.0001 9028
1649038059332 0.0001 9078
1649038084226 0.0001 9128
1649038109237 0.0001 9178
1649038134713 0.0001 9228
1649038159935 0.0001 9278
1649038185112 0.0001 9328
1649038210231 0.0001 9378
1649038235275 0.0001 9428
1649038260594 0.0001 9478
1649038285816 0.0001 9528
1649038310977 0.0001 9578
1649038336342 0.0001 9628
1649038361331 0.0001 9678
1649038386816 0.0001 9728
1649038411931 0.0001 9778
1649038508770 0.0001 9786
1649038536193 0.0001 9835
1649038561248 0.0001 9885
1649038585832 0.0001 9935
1649038610969 0.0001 9985
1649038635711 0.0001 10035
1649038660869 0.0001 10085
1649038686157 0.0001 10135
1649038711266 0.0001 10185
1649038736155 0.0001 10235
1649038760960 0.0001 10285
1649038785609 0.0001 10335
1649038810427 0.0001 10385
1649038835535 0.0001 10435
1649038860822 0.0001 10485
1649038886267 0.0001 10535
1649038911384 0.0001 10585
1649038936766 0.0001 10635
1649038961667 0.0001 10685
1649038986593 0.0001 10735
1649039011945 0.0001 10785
1649039036719 0.0001 10835
1649039061680 0.0001 10885
1649039086793 0.0001 10935
1649039111713 0.0001 10985
1649039136546 0.0001 11035
1649039161757 0.0001 11085
1649039186709 0.0001 11135
1649039211835 0.0001 11185
1649039237284 0.0001 11235
1649039262416 0.0001 11285
1649039287068 0.0001 11335
1649039311997 0.0001 11385
1649039336846 0.0001 11435
1649039361829 0.0001 11485
1649039387270 0.0001 11535
1649039412933 0.0001 11585
1649039438046 0.0001 11635
1649039463195 0.0001 11685
1649039488173 0.0001 11735
1649039583719 0.0001 11743
1649039610944 0.0001 11792
1649039636179 0.0001 11842
1649039661378 0.0001 11892
1649039686670 0.0001 11942
1649039712218 0.0001 11992
1649039737165 0.0001 12042
1649039762442 0.0001 12092
1649039787438 0.0001 12142
1649039812185 0.0001 12192
1649039837297 0.0001 12242
1649039862737 0.0001 12292
1649039888304 0.0001 12342
1649039913345 0.0001 12392
1649039938523 0.0001 12442
1649039963268 0.0001 12492
1649039988252 0.0001 12542
1649040013176 0.0001 12592
1649040037915 0.0001 12642
1649040062935 0.0001 12692
1649040088012 0.0001 12742
1649040112981 0.0001 12792
1649040137768 0.0001 12842
1649040162826 0.0001 12892
1649040187665 0.0001 12942
1649040212678 0.0001 12992
1649040237470 0.0001 13042
1649040262087 0.0001 13092
1649040286793 0.0001 13142
1649040311748 0.0001 13192
1649040336721 0.0001 13242
1649040361597 0.0001 13292
1649040386654 0.0001 13342
1649040411354 0.0001 13392
1649040436561 0.0001 13442
1649040461756 0.0001 13492
1649040486150 0.0001 13542
1649040511080 0.0001 13592
1649040536245 0.0001 13642
1649040561580 0.0001 13692
1649040658500 0.0001 13700
1649040685824 0.0001 13749
1649040710711 0.0001 13799
1649040735789 0.0001 13849
1649040760869 0.0001 13899
1649040785957 0.0001 13949
1649040810817 0.0001 13999
1649040835711 0.0001 14049
1649040860714 0.0001 14099
1649040885629 0.0001 14149
1649040910772 0.0001 14199
1649040935768 0.0001 14249
1649040960713 0.0001 14299
1649040985864 0.0001 14349
1649041010704 0.0001 14399
1649041035918 0.0001 14449
1649041060770 0.0001 14499
1649041085715 0.0001 14549
1649041110505 0.0001 14599
1649041135297 0.0001 14649
1649041160847 0.0001 14699
1649041185592 0.0001 14749
1649041210888 0.0001 14799
1649041235765 0.0001 14849
1649041260795 0.0001 14899
1649041285807 0.0001 14949
1649041310798 0.0001 14999
1649041335712 0.0001 15049
1649041360882 0.0001 15099
1649041385927 0.0001 15149
1649041411138 0.0001 15199
1649041436180 0.0001 15249
1649041460830 0.0001 15299
1649041486121 0.0001 15349
1649041511349 0.0001 15399
1649041536238 0.0001 15449
1649041562274 0.0001 15499
1649041587326 0.0001 15549
1649041612337 0.0001 15599
1649041637290 0.0001 15649
1649041733903 0.0001 15657
1649041761239 1e-05 15706
1649041786205 1e-05 15756
1649041811139 1e-05 15806
1649041835873 1e-05 15856
1649041860939 1e-05 15906
1649041885818 1e-05 15956
1649041911488 1e-05 16006
1649041936765 1e-05 16056
1649041962042 1e-05 16106
1649041987363 1e-05 16156
1649042012672 1e-05 16206
1649042037735 1e-05 16256
1649042062358 1e-05 16306
1649042087123 1e-05 16356
1649042112585 1e-05 16406
1649042138030 1e-05 16456
1649042163231 1e-05 16506
1649042188292 1e-05 16556
1649042213686 1e-05 16606
1649042238715 1e-05 16656
1649042263424 1e-05 16706
1649042288790 1e-05 16756
1649042313709 1e-05 16806
1649042338515 1e-05 16856
1649042363206 1e-05 16906
1649042388245 1e-05 16956
1649042413155 1e-05 17006
1649042438190 1e-05 17056
1649042462811 1e-05 17106
1649042487689 1e-05 17156
1649042512411 1e-05 17206
1649042537409 1e-05 17256
1649042562180 1e-05 17306
1649042586770 1e-05 17356
1649042611859 1e-05 17406
1649042637219 1e-05 17456
1649042662199 1e-05 17506
1649042687230 1e-05 17556
1649042712241 1e-05 17606
1649042807392 1e-05 17614
1649042834719 1e-05 17663
1649042860040 1e-05 17713
1649042885265 1e-05 17763
1649042910257 1e-05 17813
1649042935430 1e-05 17863
1649042960939 1e-05 17913
1649042986288 1e-05 17963
1649043011389 1e-05 18013
1649043036395 1e-05 18063
1649043061843 1e-05 18113
1649043086994 1e-05 18163
1649043112227 1e-05 18213
1649043137180 1e-05 18263
1649043162372 1e-05 18313
1649043187864 1e-05 18363
1649043212731 1e-05 18413
1649043237842 1e-05 18463
1649043262547 1e-05 18513
1649043287347 1e-05 18563
1649043312042 1e-05 18613
1649043337552 1e-05 18663
1649043362807 1e-05 18713
1649043387611 1e-05 18763
1649043413290 1e-05 18813
1649043438338 1e-05 18863
1649043463256 1e-05 18913
1649043488959 1e-05 18963
1649043513872 1e-05 19013
1649043538769 1e-05 19063
1649043564007 1e-05 19113
1649043588840 1e-05 19163
1649043613778 1e-05 19213
1649043638704 1e-05 19263
1649043663754 1e-05 19313
1649043688981 1e-05 19363
1649043713689 1e-05 19413
1649043738773 1e-05 19463
1649043763753 1e-05 19513
1649043788702 1e-05 19563
1649043884140 1e-05 19571
1649043911912 1e-05 19620
1649043937384 1e-05 19670
1649043962290 1e-05 19720
1649043987261 1e-05 19770
1649044012395 1e-05 19820
1649044037731 1e-05 19870
1649044062526 1e-05 19920
1649044087378 1e-05 19970
1649044112267 1e-05 20020
1649044137358 1e-05 20070
1649044162227 1e-05 20120
1649044186897 1e-05 20170
1649044212166 1e-05 20220
1649044238432 1e-05 20270
1649044264013 1e-05 20320
1649044289907 1e-05 20370
1649044315122 1e-05 20420
1649044340417 1e-05 20470
1649044365589 1e-05 20520
1649044390455 1e-05 20570
1649044415671 1e-05 20620
1649044440730 1e-05 20670
1649044465726 1e-05 20720
1649044490718 1e-05 20770
1649044516833 1e-05 20820
1649044542274 1e-05 20870
1649044567373 1e-05 20920
1649044592922 1e-05 20970
1649044618131 1e-05 21020
1649044642874 1e-05 21070
1649044667998 1e-05 21120
1649044693227 1e-05 21170
1649044718307 1e-05 21220
1649044743522 1e-05 21270
1649044768786 1e-05 21320
1649044793948 1e-05 21370
1649044819263 1e-05 21420
1649044844277 1e-05 21470
1649044869158 1e-05 21520
1649044964400 1e-05 21528
1649044991579 1.0000000000000002e-06 21577
1649045016716 1.0000000000000002e-06 21627
1649045041571 1.0000000000000002e-06 21677
1649045066410 1.0000000000000002e-06 21727
1649045091583 1.0000000000000002e-06 21777
1649045116647 1.0000000000000002e-06 21827
1649045141491 1.0000000000000002e-06 21877
1649045166682 1.0000000000000002e-06 21927
1649045191615 1.0000000000000002e-06 21977
1649045216857 1.0000000000000002e-06 22027
1649045242339 1.0000000000000002e-06 22077
1649045267568 1.0000000000000002e-06 22127
1649045292122 1.0000000000000002e-06 22177
1649045316730 1.0000000000000002e-06 22227
1649045341489 1.0000000000000002e-06 22277
1649045366106 1.0000000000000002e-06 22327
1649045391261 1.0000000000000002e-06 22377
1649045416638 1.0000000000000002e-06 22427
1649045441590 1.0000000000000002e-06 22477
1649045466719 1.0000000000000002e-06 22527
1649045491950 1.0000000000000002e-06 22577
1649045516830 1.0000000000000002e-06 22627
1649045542104 1.0000000000000002e-06 22677
1649045567236 1.0000000000000002e-06 22727
1649045592305 1.0000000000000002e-06 22777
1649045617969 1.0000000000000002e-06 22827
1649045643147 1.0000000000000002e-06 22877
1649045668095 1.0000000000000002e-06 22927
1649045692852 1.0000000000000002e-06 22977
1649045717719 1.0000000000000002e-06 23027
1649045742369 1.0000000000000002e-06 23077
1649045767384 1.0000000000000002e-06 23127
1649045792270 1.0000000000000002e-06 23177
1649045817255 1.0000000000000002e-06 23227
1649045842277 1.0000000000000002e-06 23277
1649045867228 1.0000000000000002e-06 23327
1649045892083 1.0000000000000002e-06 23377
1649045917325 1.0000000000000002e-06 23427
1649045942575 1.0000000000000002e-06 23477
1649046038502 1.0000000000000002e-06 23485
