1649033151580 0.9 50
1649033176207 0.9 100
1649033200928 0.9 150
1649033225278 0.9 200
1649033250387 0.9 250
1649033275471 0.9 300
1649033300227 0.9 350
1649033325387 0.9 400
1649033350366 0.9 450
1649033375425 0.9 500
1649033400264 0.9 550
1649033425318 0.9 600
1649033450294 0.9 650
1649033475305 0.9 700
1649033500263 0.9 750
1649033524976 0.9 800
1649033550039 0.9 850
1649033575117 0.9 900
1649033600182 0.9 950
1649033625157 0.9 1000
1649033650069 0.9 1050
1649033675077 0.9 1100
1649033700709 0.9 1150
1649033726397 0.9 1200
1649033752239 0.9 1250
1649033777811 0.9 1300
1649033803091 0.9 1350
1649033828381 0.9 1400
1649033853406 0.9 1450
1649033878660 0.9 1500
1649033903797 0.9 1550
1649033929001 0.9 1600
1649033953994 0.9 1650
1649033979458 0.9 1700
1649034004174 0.9 1750
1649034029651 0.9 1800
1649034054866 0.9 1850
1649034079739 0.9 1900
1649034104748 0.9 1950
1649034199430 0.9 1958
1649034226689 0.9 2007
1649034251602 0.9 2057
1649034276724 0.9 2107
1649034301749 0.9 2157
1649034326652 0.9 2207
1649034351945 0.9 2257
1649034376816 0.9 2307
1649034401850 0.9 2357
1649034427265 0.9 2407
1649034452237 0.9 2457
1649034477207 0.9 2507
1649034502474 0.9 2557
1649034527484 0.9 2607
1649034552766 0.9 2657
1649034577802 0.9 2707
1649034602837 0.9 2757
1649034627651 0.9 2807
1649034652187 0.9 2857
1649034677236 0.9 2907
1649034702273 0.9 2957
1649034727403 0.9 3007
1649034752315 0.9 3057
1649034777259 0.9 3107
1649034802449 0.9 3157
1649034827227 0.9 3207
1649034852300 0.9 3257
1649034877343 0.9 3307
1649034902713 0.9 3357
1649034928101 0.9 3407
1649034953332 0.9 3457
1649034978206 0.9 3507
1649035003218 0.9 3557
1649035027815 0.9 3607
1649035053247 0.9 3657
1649035078226 0.9 3707
1649035103283 0.9 3757
1649035128493 0.9 3807
1649035153410 0.9 3857
1649035179222 0.9 3907
1649035274832 0.9 3915
1649035302273 0.9 3964
1649035327487 0.9 4014
1649035352953 0.9 4064
1649035378271 0.9 4114
1649035403855 0.9 4164
1649035429266 0.9 4214
1649035454788 0.9 4264
1649035480056 0.9 4314
1649035504831 0.9 4364
1649035529814 0.9 4414
1649035554862 0.9 4464
1649035579822 0.9 4514
1649035604677 0.9 4564
1649035630118 0.9 4614
1649035655626 0.9 4664
1649035680888 0.9 4714
1649035705827 0.9 4764
1649035730882 0.9 4814
1649035756300 0.9 4864
1649035781470 0.9 4914
1649035806392 0.9 4964
1649035831696 0.9 5014
1649035856372 0.9 5064
1649035881466 0.9 5114
1649035906847 0.9 5164
1649035931709 0.9 5214
1649035956739 0.9 5264
1649035981918 0.9 5314
1649036007506 0.9 5364
1649036032736 0.9 5414
1649036057704 0.9 5464
1649036083003 0.9 5514
1649036107910 0.9 5564
1649036133219 0.9 5614
1649036158760 0.9 5664
1649036183922 0.9 5714
1649036209236 0.9 5764
1649036234295 0.9 5814
1649036259356 0.9 5864
1649036356610 0.9 5872
1649036383713 0.9 5921
1649036408718 0.9 5971
1649036434234 0.9 6021
1649036459373 0.9 6071
1649036483948 0.9 6121
1649036509119 0.9 6171
1649036534455 0.9 6221
1649036560144 0.9 6271
1649036584877 0.9 6321
1649036610173 0.9 6371
1649036634891 0.9 6421
1649036659627 0.9 6471
1649036684437 0.9 6521
1649036709291 0.9 6571
1649036733952 0.9 6621
1649036758435 0.9 6671
1649036783336 0.9 6721
1649036808413 0.9 6771
1649036833518 0.9 6821
1649036858716 0.9 6871
1649036883784 0.9 6921
1649036908884 0.9 6971
1649036933752 0.9 7021
1649036958669 0.9 7071
1649036983933 0.9 7121
1649037009065 0.9 7171
1649037034214 0.9 7221
1649037058959 0.9 7271
1649037084038 0.9 7321
1649037109098 0.9 7371
1649037134380 0.9 7421
1649037159406 0.9 7471
1649037184237 0.9 7521
1649037208897 0.9 7571
1649037234213 0.9 7621
1649037259341 0.9 7671
1649037284432 0.9 7721
1649037309181 0.9 7771
1649037334195 0.9 7821
1649037429742 0.9 7829
1649037457000 0.9 7878
1649037482262 0.9 7928
1649037507570 0.9 7978
1649037533047 0.9 8028
1649037558132 0.9 8078
1649037583611 0.9 8128
1649037608960 0.9 8178
1649037634241 0.9 8228
1649037659335 0.9 8278
1649037684254 0.9 8328
1649037709308 0.9 8378
1649037734359 0.9 8428
1649037759574 0.9 8478
1649037784547 0.9 8528
1649037809328 0.9 8578
1649037834135 0.9 8628
1649037858968 0.9 8678
1649037884186 0.9 8728
1649037909417 0.9 8778
1649037934238 0.9 8828
1649037959141 0.9 8878
1649037984246 0.9 8928
1649038009277 0.9 8978
1649038034317 0.9 9028
1649038059332 0.9 9078
1649038084226 0.9 9128
1649038109237 0.9 9178
1649038134713 0.9 9228
1649038159935 0.9 9278
1649038185112 0.9 9328
1649038210231 0.9 9378
1649038235275 0.9 9428
1649038260594 0.9 9478
1649038285816 0.9 9528
1649038310977 0.9 9578
1649038336342 0.9 9628
1649038361331 0.9 9678
1649038386816 0.9 9728
1649038411931 0.9 9778
1649038508770 0.9 9786
1649038536193 0.9 9835
1649038561248 0.9 9885
1649038585832 0.9 9935
1649038610969 0.9 9985
1649038635711 0.9 10035
1649038660869 0.9 10085
1649038686157 0.9 10135
1649038711266 0.9 10185
1649038736155 0.9 10235
1649038760960 0.9 10285
1649038785609 0.9 10335
1649038810427 0.9 10385
1649038835535 0.9 10435
1649038860822 0.9 10485
1649038886267 0.9 10535
1649038911384 0.9 10585
1649038936766 0.9 10635
1649038961667 0.9 10685
1649038986593 0.9 10735
1649039011945 0.9 10785
1649039036719 0.9 10835
1649039061680 0.9 10885
1649039086793 0.9 10935
1649039111713 0.9 10985
1649039136546 0.9 11035
1649039161757 0.9 11085
1649039186709 0.9 11135
1649039211835 0.9 11185
1649039237284 0.9 11235
1649039262416 0.9 11285
1649039287068 0.9 11335
1649039311997 0.9 11385
1649039336846 0.9 11435
1649039361829 0.9 11485
1649039387270 0.9 11535
1649039412933 0.9 11585
1649039438046 0.9 11635
1649039463195 0.9 11685
1649039488173 0.9 11735
1649039583719 0.9 11743
1649039610944 0.9 11792
1649039636179 0.9 11842
1649039661378 0.9 11892
1649039686670 0.9 11942
1649039712218 0.9 11992
1649039737165 0.9 12042
1649039762442 0.9 12092
1649039787438 0.9 12142
1649039812185 0.9 12192
1649039837297 0.9 12242
1649039862737 0.9 12292
1649039888304 0.9 12342
1649039913345 0.9 12392
1649039938523 0.9 12442
1649039963268 0.9 12492
1649039988252 0.9 12542
1649040013176 0.9 12592
1649040037915 0.9 12642
1649040062935 0.9 12692
1649040088012 0.9 12742
1649040112981 0.9 12792
1649040137768 0.9 12842
1649040162826 0.9 12892
1649040187665 0.9 12942
1649040212678 0.9 12992
1649040237470 0.9 13042
1649040262087 0.9 13092
1649040286793 0.9 13142
1649040311748 0.9 13192
1649040336721 0.9 13242
1649040361597 0.9 13292
1649040386654 0.9 13342
1649040411354 0.9 13392
1649040436561 0.9 13442
1649040461756 0.9 13492
1649040486150 0.9 13542
1649040511080 0.9 13592
1649040536245 0.9 13642
1649040561580 0.9 13692
1649040658500 0.9 13700
1649040685824 0.9 13749
1649040710711 0.9 13799
1649040735789 0.9 13849
1649040760869 0.9 13899
1649040785957 0.9 13949
1649040810817 0.9 13999
1649040835711 0.9 14049
1649040860714 0.9 14099
1649040885629 0.9 14149
1649040910772 0.9 14199
1649040935768 0.9 14249
1649040960713 0.9 14299
1649040985864 0.9 14349
1649041010704 0.9 14399
1649041035918 0.9 14449
1649041060770 0.9 14499
1649041085715 0.9 14549
1649041110505 0.9 14599
1649041135297 0.9 14649
1649041160847 0.9 14699
1649041185592 0.9 14749
1649041210888 0.9 14799
1649041235765 0.9 14849
1649041260795 0.9 14899
1649041285807 0.9 14949
1649041310798 0.9 14999
1649041335712 0.9 15049
1649041360882 0.9 15099
1649041385927 0.9 15149
1649041411138 0.9 15199
1649041436180 0.9 15249
1649041460830 0.9 15299
1649041486121 0.9 15349
1649041511349 0.9 15399
1649041536238 0.9 15449
1649041562274 0.9 15499
1649041587326 0.9 15549
1649041612337 0.9 15599
1649041637290 0.9 15649
1649041733903 0.9 15657
1649041761239 0.9 15706
1649041786205 0.9 15756
1649041811139 0.9 15806
1649041835873 0.9 15856
1649041860939 0.9 15906
1649041885818 0.9 15956
1649041911488 0.9 16006
1649041936765 0.9 16056
1649041962042 0.9 16106
1649041987363 0.9 16156
1649042012672 0.9 16206
1649042037735 0.9 16256
1649042062358 0.9 16306
1649042087123 0.9 16356
1649042112585 0.9 16406
1649042138030 0.9 16456
1649042163231 0.9 16506
1649042188292 0.9 16556
1649042213686 0.9 16606
1649042238715 0.9 16656
1649042263424 0.9 16706
1649042288790 0.9 16756
1649042313709 0.9 16806
1649042338515 0.9 16856
1649042363206 0.9 16906
1649042388245 0.9 16956
1649042413155 0.9 17006
1649042438190 0.9 17056
1649042462811 0.9 17106
1649042487689 0.9 17156
1649042512411 0.9 17206
1649042537409 0.9 17256
1649042562180 0.9 17306
1649042586770 0.9 17356
1649042611859 0.9 17406
1649042637219 0.9 17456
1649042662199 0.9 17506
1649042687230 0.9 17556
1649042712241 0.9 17606
1649042807392 0.9 17614
1649042834719 0.9 17663
1649042860040 0.9 17713
1649042885265 0.9 17763
1649042910257 0.9 17813
1649042935430 0.9 17863
1649042960939 0.9 17913
1649042986288 0.9 17963
1649043011389 0.9 18013
1649043036395 0.9 18063
1649043061843 0.9 18113
1649043086994 0.9 18163
1649043112227 0.9 18213
1649043137180 0.9 18263
1649043162372 0.9 18313
1649043187864 0.9 18363
1649043212731 0.9 18413
1649043237842 0.9 18463
1649043262547 0.9 18513
1649043287347 0.9 18563
1649043312042 0.9 18613
1649043337552 0.9 18663
1649043362807 0.9 18713
1649043387611 0.9 18763
1649043413290 0.9 18813
1649043438338 0.9 18863
1649043463256 0.9 18913
1649043488959 0.9 18963
1649043513872 0.9 19013
1649043538769 0.9 19063
1649043564007 0.9 19113
1649043588840 0.9 19163
1649043613778 0.9 19213
1649043638704 0.9 19263
1649043663754 0.9 19313
1649043688981 0.9 19363
1649043713689 0.9 19413
1649043738773 0.9 19463
1649043763753 0.9 19513
1649043788702 0.9 19563
1649043884140 0.9 19571
1649043911912 0.9 19620
1649043937384 0.9 19670
1649043962290 0.9 19720
1649043987261 0.9 19770
1649044012395 0.9 19820
1649044037731 0.9 19870
1649044062526 0.9 19920
1649044087378 0.9 19970
1649044112267 0.9 20020
1649044137358 0.9 20070
1649044162227 0.9 20120
1649044186897 0.9 20170
1649044212166 0.9 20220
1649044238432 0.9 20270
1649044264013 0.9 20320
1649044289907 0.9 20370
1649044315122 0.9 20420
1649044340417 0.9 20470
1649044365589 0.9 20520
1649044390455 0.9 20570
1649044415671 0.9 20620
1649044440730 0.9 20670
1649044465726 0.9 20720
1649044490718 0.9 20770
1649044516833 0.9 20820
1649044542274 0.9 20870
1649044567373 0.9 20920
1649044592922 0.9 20970
1649044618131 0.9 21020
1649044642874 0.9 21070
1649044667998 0.9 21120
1649044693227 0.9 21170
1649044718307 0.9 21220
1649044743522 0.9 21270
1649044768786 0.9 21320
1649044793948 0.9 21370
1649044819263 0.9 21420
1649044844277 0.9 21470
1649044869158 0.9 21520
1649044964400 0.9 21528
1649044991579 0.9 21577
1649045016716 0.9 21627
1649045041571 0.9 21677
1649045066410 0.9 21727
1649045091583 0.9 21777
1649045116647 0.9 21827
1649045141491 0.9 21877
1649045166682 0.9 21927
1649045191615 0.9 21977
1649045216857 0.9 22027
1649045242339 0.9 22077
1649045267568 0.9 22127
1649045292122 0.9 22177
1649045316730 0.9 22227
1649045341489 0.9 22277
1649045366106 0.9 22327
1649045391261 0.9 22377
1649045416638 0.9 22427
1649045441590 0.9 22477
1649045466719 0.9 22527
1649045491950 0.9 22577
1649045516830 0.9 22627
1649045542104 0.9 22677
1649045567236 0.9 22727
1649045592305 0.9 22777
1649045617969 0.9 22827
1649045643147 0.9 22877
1649045668095 0.9 22927
1649045692852 0.9 22977
1649045717719 0.9 23027
1649045742369 0.9 23077
1649045767384 0.9 23127
1649045792270 0.9 23177
1649045817255 0.9 23227
1649045842277 0.9 23277
1649045867228 0.9 23327
1649045892083 0.9 23377
1649045917325 0.9 23427
1649045942575 0.9 23477
1649046038502 0.9 23485
