1648776706199 66.806640625 50
1648776712943 97.48828125 100
1648776719755 98.154296875 150
1648776727028 97.04024963378906 200
1648776734138 97.52309204101563 250
1648776740793 97.5261476135254 300
1648776747360 97.4798112487793 350
1648776754005 97.65019317626952 400
1648776760630 97.70891159057618 450
1648776767427 97.69033004760742 500
1648776774190 97.15805526733398 550
1648776781053 97.11433563232421 600
1648776787764 97.22371047973633 650
1648776795474 97.76956665039063 700
1648776802141 97.1229183959961 750
1648776808874 97.00636169433594 800
1648776816254 97.1569467163086 850
1648776823260 96.97989181518555 900
1648776830006 97.30778213500976 950
1648776836620 96.99023330688476 1000
1648776843231 97.55644439697265 1050
1648776849932 97.5548078918457 1100
1648776856556 96.96457733154297 1150
1648776863202 95.98725326538086 1200
1648776870572 97.64529006958008 1250
1648776878085 96.65396377563476 1300
1648776884785 96.68627517700196 1350
1648776891429 96.65629928588868 1400
1648776898226 96.71344451904297 1450
1648776905055 96.54866989135742 1500
1648776911826 97.05257934570312 1550
1648776918759 96.89767852783203 1600
1648776925871 96.8196794128418 1650
1648776932607 97.52083694458008 1700
1648776939688 96.4773323059082 1750
1648776946702 96.3106672668457 1800
1648776954105 96.18752151489258 1850
1648776961518 96.93104827880859 1900
1648776968930 96.95475280761718 1950
1648777017355 97.45915420532226 2007
1648777024269 97.29764465332032 2057
1648777030967 97.23915603637695 2107
1648777038036 96.8369319152832 2157
1648777044740 96.67045822143555 2207
1648777051554 97.09677734375 2257
1648777058279 97.22980789184571 2307
1648777065154 97.26941833496093 2357
1648777071879 96.88978729248046 2407
1648777078996 96.8361784362793 2457
1648777085701 97.07450988769531 2507
1648777092406 97.03389495849609 2557
1648777099093 97.07098571777344 2607
1648777106026 97.03491897583008 2657
1648777112931 97.26825744628906 2707
1648777119736 96.81816619873047 2757
1648777126534 97.17737930297852 2807
1648777133467 96.50956939697265 2857
1648777140348 95.77766967773438 2907
1648777147231 96.36218078613281 2957
1648777154026 96.39304168701172 3007
1648777160877 96.33404052734375 3057
1648777167732 97.06759475708007 3107
1648777174612 97.76804763793945 3157
1648777181733 96.84365539550781 3207
1648777188548 96.5930143737793 3257
1648777195329 97.25764373779298 3307
1648777202021 97.35832901000977 3357
1648777208877 96.90546005249024 3407
1648777215691 96.90199417114258 3457
1648777222336 97.0818180847168 3507
1648777229017 96.86313552856446 3557
1648777235619 96.80689926147461 3607
1648777242278 96.8599723815918 3657
1648777249097 96.79795394897461 3707
1648777256736 96.74723831176757 3757
1648777263558 96.80927337646484 3807
1648777270232 97.79039413452148 3857
1648777277151 97.18223419189454 3907
1648777325378 96.45766738891602 3964
1648777332147 96.4095701599121 4014
1648777339281 96.76991302490234 4064
1648777345949 97.09750411987305 4114
1648777352970 96.24595123291016 4164
1648777359934 97.4520149230957 4214
1648777367460 97.01437866210938 4264
1648777374264 97.47717193603516 4314
1648777381202 97.0338670349121 4364
1648777387969 96.8845263671875 4414
1648777394512 97.08537445068359 4464
1648777401234 96.42187118530273 4514
1648777407989 96.9867625427246 4564
1648777414858 97.16091110229492 4614
1648777422839 96.06293487548828 4664
1648777430185 97.33873229980469 4714
1648777436936 97.28693222045898 4764
1648777444095 97.28801986694336 4814
1648777451222 96.48452194213867 4864
1648777458238 97.32425094604493 4914
1648777465559 96.5754914855957 4964
1648777472200 97.50843383789062 5014
1648777479090 97.15317947387695 5064
1648777485824 97.44994781494141 5114
1648777492542 96.57461135864258 5164
1648777499502 97.08869079589844 5214
1648777506460 96.40416122436524 5264
1648777513241 97.47628173828124 5314
1648777520055 97.41160034179687 5364
1648777526866 96.82824157714843 5414
1648777534405 97.50597198486328 5464
1648777541480 97.38115234375 5514
1648777548570 97.11192749023438 5564
1648777555326 96.84649307250976 5614
1648777562062 96.69022109985352 5664
1648777568802 97.06752685546876 5714
1648777575520 97.01287399291992 5764
1648777582397 97.17256729125977 5814
1648777589146 96.87152084350586 5864
1648777637094 97.16860794067382 5921
1648777644362 97.02328720092774 5971
1648777651465 97.0689779663086 6021
1648777658584 96.9679672241211 6071
1648777665290 97.57482528686523 6121
1648777672686 96.78609603881836 6171
1648777679383 97.36338424682617 6221
1648777686118 97.55384216308593 6271
1648777692949 96.79721374511719 6321
1648777699864 96.6227635192871 6371
1648777706599 97.12725280761718 6421
1648777713418 97.04916641235351 6471
1648777720715 97.71513732910157 6521
1648777727424 96.66171401977539 6571
1648777734774 96.98213943481446 6621
1648777743214 96.91104721069335 6671
1648777749998 97.90905838012695 6721
1648777756633 96.67478576660156 6771
1648777763619 96.85703216552734 6821
1648777770794 96.59633682250977 6871
1648777777594 97.2045684814453 6921
1648777784365 96.65735900878906 6971
1648777791521 96.65942367553711 7021
1648777798245 96.8809407043457 7071
1648777804929 96.95783569335937 7121
1648777811731 97.06935836791992 7171
1648777818502 97.4209927368164 7221
1648777825291 96.26662704467773 7271
1648777832061 96.7508349609375 7321
1648777839006 96.80723922729493 7371
1648777845706 97.23263412475586 7421
1648777852409 97.41525985717773 7471
1648777859451 96.40359573364258 7521
1648777866732 96.72391250610352 7571
1648777873608 97.13137084960937 7621
1648777880373 97.19631072998047 7671
1648777887138 96.57382675170898 7721
1648777894217 97.44862442016601 7771
1648777901108 97.39809722900391 7821
1648777949117 97.10943344116211 7878
1648777956019 97.52044052124023 7928
1648777964152 97.62438003540039 7978
1648777970955 96.78701858520508 8028
1648777977659 97.32926879882812 8078
1648777984364 97.42970199584961 8128
1648777991143 96.8916862487793 8178
1648777997896 97.59805725097657 8228
1648778004718 97.67283447265625 8278
1648778011417 97.54853057861328 8328
1648778018147 96.84623504638672 8378
1648778024861 96.77624710083008 8428
1648778031611 96.18448776245117 8478
1648778038695 96.81474807739258 8528
1648778045431 97.2429005432129 8578
1648778052066 97.5255517578125 8628
1648778058998 97.35578430175781 8678
1648778065962 96.76747650146484 8728
1648778072851 96.7737646484375 8778
1648778079629 96.6760353088379 8828
1648778086838 97.09268966674804 8878
1648778093522 97.31816802978516 8928
1648778100491 96.96913879394532 8978
1648778107213 96.85381454467773 9028
1648778114009 97.57538116455078 9078
1648778120895 96.9420558166504 9128
1648778127813 97.35426315307618 9178
1648778134600 97.70709060668945 9228
1648778141414 97.34699066162109 9278
1648778148430 96.5554443359375 9328
1648778155692 97.36615692138672 9378
1648778163620 97.15923049926758 9428
1648778170410 97.5005096435547 9478
1648778177477 96.2545442199707 9528
1648778184768 97.03493118286133 9578
1648778191619 97.01896545410156 9628
1648778198443 96.90308212280273 9678
1648778205336 96.92079223632813 9728
1648778212270 96.2313264465332 9778
1648778263058 96.63141723632812 9835
1648778270494 96.98384307861328 9885
1648778277338 96.99022186279296 9935
1648778284073 96.88545043945312 9985
1648778290837 97.47038803100585 10035
1648778297530 97.05121673583984 10085
1648778304383 97.86485595703125 10135
1648778311177 96.71343933105469 10185
1648778318020 97.32603378295899 10235
1648778324824 97.19007949829101 10285
1648778331565 97.57271194458008 10335
1648778338249 97.0845083618164 10385
1648778344950 97.56716735839844 10435
1648778351746 97.24011978149414 10485
1648778358869 96.97531967163086 10535
1648778366439 97.06262634277344 10585
1648778373667 97.1771011352539 10635
1648778380277 97.03141174316406 10685
1648778386949 96.30879806518554 10735
1648778393758 96.79826644897462 10785
1648778400584 96.74078475952149 10835
1648778407413 97.5242724609375 10885
1648778414245 97.6657635498047 10935
1648778421005 97.77081161499024 10985
1648778427984 96.98188110351562 11035
1648778434938 97.33408142089844 11085
1648778441755 97.02359619140626 11135
1648778448486 96.75675796508789 11185
1648778455271 96.63950469970703 11235
1648778462448 97.58427978515626 11285
1648778469207 96.83668853759765 11335
1648778475972 96.64095306396484 11385
1648778482713 97.60188751220703 11435
1648778489463 97.26148406982422 11485
1648778496310 96.9086686706543 11535
1648778503029 96.67984481811523 11585
1648778509731 97.72469436645508 11635
1648778516650 96.98276504516602 11685
1648778523931 97.13226028442382 11735
1648778571628 97.460517578125 11792
1648778578424 96.97497528076173 11842
1648778585104 97.33416168212891 11892
1648778591888 96.84453079223633 11942
1648778598634 97.05892486572266 11992
1648778605454 96.74339248657226 12042
1648778612189 97.29574996948242 12092
1648778618953 97.71767959594726 12142
1648778625714 96.90896148681641 12192
1648778632444 97.11422836303711 12242
1648778639126 97.06473007202149 12292
1648778645908 97.00063537597656 12342
1648778652614 97.25743560791015 12392
1648778659511 97.07502777099609 12442
1648778666595 97.04991119384766 12492
1648778673995 97.38613250732422 12542
1648778680731 97.35800354003906 12592
1648778687530 96.77624420166016 12642
1648778694503 97.07464065551758 12692
1648778701327 96.7981088256836 12742
1648778708594 97.23201217651368 12792
1648778715592 97.30457977294923 12842
1648778722920 97.4688688659668 12892
1648778729687 97.96739883422852 12942
1648778736453 97.00553909301757 12992
1648778743231 96.78058349609375 13042
1648778750107 97.51512542724609 13092
1648778757511 97.72719375610352 13142
1648778764152 97.4571955871582 13192
1648778770843 97.69025939941406 13242
1648778777513 96.9779298400879 13292
1648778784207 96.85578735351562 13342
1648778791171 96.49636444091797 13392
1648778797847 97.4630436706543 13442
1648778804827 97.22162033081055 13492
1648778811862 97.05145599365234 13542
1648778818605 96.77623550415039 13592
1648778825354 96.88772598266601 13642
1648778832178 97.14489776611327 13692
1648778883367 97.17865417480469 13749
1648778890098 97.12552841186523 13799
1648778896754 96.98550262451172 13849
1648778903437 97.35327346801758 13899
1648778910101 97.27789962768554 13949
1648778916855 96.53350021362304 13999
1648778923720 96.80398468017579 14049
1648778930530 97.73856155395508 14099
1648778937380 97.45210647583008 14149
1648778944352 96.96397979736328 14199
1648778951144 96.7811410522461 14249
1648778958035 97.79466827392578 14299
1648778964827 97.57952590942382 14349
1648778971900 96.82100219726563 14399
1648778978977 97.29647720336914 14449
1648778985743 97.43148956298828 14499
1648778992499 97.5195590209961 14549
1648778999244 97.13294570922852 14599
1648779007002 97.45052627563477 14649
1648779014437 97.45521194458007 14699
1648779021428 97.58883712768555 14749
1648779028304 97.34194564819336 14799
1648779035082 97.4286149597168 14849
1648779041731 97.89246231079102 14899
1648779048541 96.75701263427734 14949
1648779055437 97.86780349731445 14999
1648779062199 97.41862701416015 15049
1648779069275 96.39268005371093 15099
1648779076751 97.29186294555664 15149
1648779083499 96.92949584960938 15199
1648779090222 97.31162780761719 15249
1648779097075 97.2198388671875 15299
1648779103780 96.81061767578124 15349
1648779110515 97.43241516113281 15399
1648779117449 96.99380645751953 15449
1648779124480 96.80562530517578 15499
1648779131239 96.49142044067383 15549
1648779137983 97.21827056884766 15599
1648779144849 97.39281539916992 15649
1648779194050 97.35487594604493 15706
1648779200739 97.1458058166504 15756
1648779207495 97.08465682983399 15806
1648779214268 97.44009979248047 15856
1648779221038 97.55852722167968 15906
1648779228085 97.40958679199218 15956
1648779235248 97.83008026123046 16006
1648779242035 97.20891082763671 16056
1648779248796 97.69205474853516 16106
1648779255546 97.46790206909179 16156
1648779262287 96.89721771240234 16206
1648779269097 97.20553253173829 16256
1648779276094 97.33945526123047 16306
1648779283627 97.51218399047852 16356
1648779290465 97.70387420654296 16406
1648779297462 97.38577880859376 16456
1648779304180 97.63054809570312 16506
1648779311047 97.61047119140625 16556
1648779317812 97.6169743347168 16606
1648779325400 97.28818054199219 16656
1648779332191 97.22281341552734 16706
1648779339007 97.43789352416992 16756
1648779345894 97.16238998413085 16806
1648779352659 98.1579443359375 16856
1648779359450 97.1889794921875 16906
1648779366183 97.92620025634766 16956
1648779373070 97.53626983642579 17006
1648779379772 97.46977798461914 17056
1648779387155 97.42794021606446 17106
1648779393923 96.45128784179687 17156
1648779400631 97.26230560302734 17206
1648779407363 97.47351272583008 17256
1648779414237 98.16424713134765 17306
1648779420979 97.18596725463867 17356
1648779427727 97.23806121826172 17406
1648779434814 97.7884797668457 17456
1648779442425 97.72029891967773 17506
1648779450239 97.64214111328126 17556
1648779456940 97.52950393676758 17606
1648779504143 97.20825378417969 17663
1648779510910 96.99172592163086 17713
1648779517634 96.98170867919922 17763
1648779524307 97.4701284790039 17813
1648779530986 97.30530639648437 17863
1648779537754 97.41139190673829 17913
1648779544446 97.8154035949707 17963
1648779551110 97.52153366088868 18013
1648779557921 97.83331573486328 18063
1648779564661 97.41608810424805 18113
1648779571389 97.63975540161132 18163
1648779578113 97.28644683837891 18213
1648779584826 97.45345169067383 18263
1648779591651 97.42054901123046 18313
1648779598442 97.47697509765625 18363
1648779605424 97.70834167480469 18413
1648779612196 96.83804595947265 18463
1648779619447 97.31837539672851 18513
1648779626454 97.68857788085937 18563
1648779633299 98.18565948486328 18613
1648779640150 97.37307723999024 18663
1648779647022 97.57891372680665 18713
1648779654194 97.69966903686523 18763
1648779661171 98.10193130493164 18813
1648779668404 97.50171661376953 18863
1648779675360 97.21317901611329 18913
1648779682111 97.95220153808594 18963
1648779689142 97.33483810424805 19013
1648779696458 97.71853790283203 19063
1648779703202 97.65284545898437 19113
1648779710040 97.68220916748047 19163
1648779716811 97.56276580810547 19213
1648779724130 97.52526107788086 19263
1648779731063 97.59392471313477 19313
1648779738026 97.582265625 19363
1648779744839 97.40252059936523 19413
1648779751803 97.45731307983398 19463
1648779758712 97.43411392211914 19513
1648779766006 97.53317077636719 19563
1648779812425 97.46931884765625 19620
1648779819239 97.82630981445313 19670
1648779826260 97.199326171875 19720
1648779832985 97.96036590576172 19770
1648779839683 97.95524963378907 19820
1648779846463 97.234609375 19870
1648779853427 97.52522994995117 19920
1648779860190 97.48155715942383 19970
1648779866882 97.82611679077148 20020
1648779873632 97.9917123413086 20070
1648779880416 97.66779708862305 20120
1648779887208 97.56564697265625 20170
1648779893977 97.70000900268555 20220
1648779900670 98.02570159912109 20270
1648779907521 97.43470901489258 20320
1648779914254 97.29403747558594 20370
1648779921061 97.3372152709961 20420
1648779927810 97.42817825317383 20470
1648779934644 97.23956268310548 20520
1648779941680 97.64150543212891 20570
1648779948624 97.48919555664062 20620
1648779955455 97.93645736694336 20670
1648779962282 97.3769955444336 20720
1648779969108 97.65050689697266 20770
1648779975864 97.54630599975586 20820
1648779982654 97.06408248901367 20870
1648779989393 97.0702815246582 20920
1648779996450 97.43742919921876 20970
1648780004043 97.3197346496582 21020
1648780011754 96.46425827026367 21070
1648780019328 97.587158203125 21120
1648780026139 98.04795196533203 21170
1648780032909 97.60212005615234 21220
1648780040125 97.1902391052246 21270
1648780046887 97.85602935791016 21320
1648780054158 97.82245986938477 21370
1648780060926 97.5642774963379 21420
1648780067687 97.5440609741211 21470
1648780074431 98.24240905761718 21520
1648780121803 97.2609962463379 21577
1648780128518 97.55333770751953 21627
1648780135286 97.22624237060546 21677
1648780143038 97.48480194091798 21727
1648780149883 97.66712921142579 21777
1648780156700 98.01639221191407 21827
1648780164116 98.14140594482421 21877
1648780170984 97.81164352416992 21927
1648780177818 97.46558837890625 21977
1648780184624 97.59394256591797 22027
1648780191467 97.95076477050782 22077
1648780198450 97.97150924682617 22127
1648780205173 97.50320831298828 22177
1648780212857 97.85995712280274 22227
1648780221496 97.81036224365235 22277
1648780228236 97.26381774902343 22327
1648780235052 97.24344451904297 22377
1648780241775 97.77230239868165 22427
1648780248970 97.80460601806641 22477
1648780255796 97.79407592773437 22527
1648780262812 97.28774871826172 22577
1648780269889 97.82234024047851 22627
1648780276667 97.75601470947265 22677
1648780283415 98.09695770263671 22727
1648780290184 97.9334669494629 22777
1648780296947 97.73865097045899 22827
1648780304115 97.30115859985352 22877
1648780310947 97.20586547851562 22927
1648780317740 97.33150146484375 22977
1648780324539 97.38484268188476 23027
1648780331270 97.90575119018554 23077
1648780338031 97.61117660522461 23127
1648780344811 97.08509841918945 23177
1648780351676 97.63801986694335 23227
1648780358459 97.54202804565429 23277
1648780365154 97.93444381713867 23327
1648780372126 97.73437744140625 23377
1648780379195 97.5794320678711 23427
1648780385895 97.86218978881836 23477
