1648776706199 0.04889854474924505 50
1648776712943 0.06281565782846883 100
1648776719755 0.04734431591816247 150
1648776727028 0.0783811686001718 200
1648776734138 0.06852597011253238 250
1648776740793 0.06846076842397451 300
1648776747360 0.07280466163530946 350
1648776754005 0.06499692168086767 400
1648776760630 0.067414974803105 450
1648776767427 0.06704638306051493 500
1648776774190 0.08129982082173229 550
1648776781053 0.08256430307403206 600
1648776787764 0.07698599211871623 650
1648776795474 0.060749539602547885 700
1648776802141 0.08509161870926618 750
1648776808874 0.08514494055882096 800
1648776816254 0.08049234012141823 850
1648776823260 0.08606273672543466 900
1648776830006 0.07629245478659868 950
1648776836620 0.08110327636823059 1000
1648776843231 0.06819500338286161 1050
1648776849932 0.06702034926041961 1100
1648776856556 0.08464259702712297 1150
1648776863202 0.11318954398855567 1200
1648776870572 0.06637881014496089 1250
1648776878085 0.0943926958180964 1300
1648776884785 0.09194168601185083 1350
1648776891429 0.08922050014138222 1400
1648776898226 0.0913749516941607 1450
1648776905055 0.09116358555853367 1500
1648776911826 0.0846032996661961 1550
1648776918759 0.08599780548363924 1600
1648776925871 0.08782860545441508 1650
1648776932607 0.06804314680397511 1700
1648776939688 0.09311180410906672 1750
1648776946702 0.10246066730469465 1800
1648776954105 0.09478039467707276 1850
1648776961518 0.08187502462416887 1900
1648776968930 0.07960834011435508 1950
1648777017355 0.06761714437045158 2007
1648777024269 0.07296562489122152 2057
1648777030967 0.07571008494123817 2107
1648777038036 0.08387686617672444 2157
1648777044740 0.09706427112221717 2207
1648777051554 0.07578900788910686 2257
1648777058279 0.07535378012806176 2307
1648777065154 0.07045224403962493 2357
1648777071879 0.0829951655305922 2407
1648777078996 0.08397196136415004 2457
1648777085701 0.07827844597399235 2507
1648777092406 0.07554401483386755 2557
1648777099093 0.07433965805917979 2607
1648777106026 0.07763641534373164 2657
1648777112931 0.06959364363923669 2707
1648777119736 0.08632207002490759 2757
1648777126534 0.07750651639886201 2807
1648777133467 0.09267515931278467 2857
1648777140348 0.10983192775398493 2907
1648777147231 0.09752968901768327 2957
1648777154026 0.09104454440996052 3007
1648777160877 0.0963094081915915 3057
1648777167732 0.07418219747021794 3107
1648777174612 0.056623144187033174 3157
1648777181733 0.08205590656027198 3207
1648777188548 0.09087840791791678 3257
1648777195329 0.07100642062723636 3307
1648777202021 0.06827766041271388 3357
1648777208877 0.08127536446787417 3407
1648777215691 0.07756605571135879 3457
1648777222336 0.07785059079527855 3507
1648777229017 0.07908661890774965 3557
1648777235619 0.08278706010431051 3607
1648777242278 0.08127635554410517 3657
1648777249097 0.08079574642702937 3707
1648777256736 0.08382591169327497 3757
1648777263558 0.08032158898189663 3807
1648777270232 0.05569246660917997 3857
1648777277151 0.07435859350487589 3907
1648777325378 0.09782848584465682 3964
1648777332147 0.09200961379334331 4014
1648777339281 0.07918456739746034 4064
1648777345949 0.07054727616719901 4114
1648777352970 0.0940327897761017 4164
1648777359934 0.06287178076803684 4214
1648777367460 0.07600125834345818 4264
1648777374264 0.06559515462256968 4314
1648777381202 0.07395132434554398 4364
1648777387969 0.07876185893081128 4414
1648777394512 0.07316411205567419 4464
1648777401234 0.09187412776052951 4514
1648777407989 0.07734148552641272 4564
1648777414858 0.07230211261659861 4614
1648777422839 0.09843962458427996 4664
1648777430185 0.06657878363505006 4714
1648777436936 0.06680482909083367 4764
1648777444095 0.06929345151409506 4814
1648777451222 0.09207930335775018 4864
1648777458238 0.06698074805550278 4914
1648777465559 0.08570744685828685 4964
1648777472200 0.06032383941113949 5014
1648777479090 0.07166816155426205 5064
1648777485824 0.062036282792687414 5114
1648777492542 0.08663464462850243 5164
1648777499502 0.07492273397743703 5214
1648777506460 0.08824866030365229 5264
1648777513241 0.06107543811202049 5314
1648777520055 0.06393020835705102 5364
1648777526866 0.08093383294530213 5414
1648777534405 0.06395703530870378 5464
1648777541480 0.06552441887557507 5514
1648777548570 0.07414998408406973 5564
1648777555326 0.0795576187223196 5614
1648777562062 0.08414995522238314 5664
1648777568802 0.07307757813483477 5714
1648777575520 0.07250445265322923 5764
1648777582397 0.06856751440092922 5814
1648777589146 0.07827319597825408 5864
1648777637094 0.07171983890235424 5921
1648777644362 0.07560281094163657 5971
1648777651465 0.07165221509523689 6021
1648777658584 0.07844648953527213 6071
1648777665290 0.060498573584482074 6121
1648777672686 0.08029537238180637 6171
1648777679383 0.06304759851656855 6221
1648777686118 0.06157651724293828 6271
1648777692949 0.07997618186287582 6321
1648777699864 0.08416615089401602 6371
1648777706599 0.07017078146338462 6421
1648777713418 0.07562336510047317 6471
1648777720715 0.05943383599631488 6521
1648777727424 0.08491689622635022 6571
1648777734774 0.0765317196585238 6621
1648777743214 0.07892281202599406 6671
1648777749998 0.04830901319161057 6721
1648777756633 0.08164393819868565 6771
1648777763619 0.07747189689427614 6821
1648777770794 0.0828777342196554 6871
1648777777594 0.06807665429078043 6921
1648777784365 0.0819041870161891 6971
1648777791521 0.07957855941727758 7021
1648777798245 0.07498490629717708 7071
1648777804929 0.07845781521871686 7121
1648777811731 0.06929958191234618 7171
1648777818502 0.06549875254742801 7221
1648777825291 0.09229217040352523 7271
1648777832061 0.08179943447001278 7321
1648777839006 0.08013001476414501 7371
1648777845706 0.06543905733153224 7421
1648777852409 0.06443213468417525 7471
1648777859451 0.08439082541503012 7521
1648777866732 0.08117993315681815 7571
1648777873608 0.07065954022109508 7621
1648777880373 0.06973861004225909 7671
1648777887138 0.08424668530002237 7721
1648777894217 0.06346451627090573 7771
1648777901108 0.06611217516474426 7821
1648777949117 0.07434125760570169 7878
1648777956019 0.058775895070284606 7928
1648777964152 0.05896201701834798 7978
1648777970955 0.08501429028809071 8028
1648777977659 0.0600402962253429 8078
1648777984364 0.0643518915772438 8128
1648777991143 0.07515516804065556 8178
1648777997896 0.05909186946228147 8228
1648778004718 0.057843696819618345 8278
1648778011417 0.061646766662597656 8328
1648778018147 0.08140512807294727 8378
1648778024861 0.077766881166026 8428
1648778031611 0.09520454522222281 8478
1648778038695 0.0794971693586558 8528
1648778045431 0.0686984243709594 8578
1648778052066 0.061899878522381185 8628
1648778058998 0.0664955622330308 8678
1648778065962 0.07709570491686463 8728
1648778072851 0.07866884880699217 8778
1648778079629 0.0797814483102411 8828
1648778086838 0.06906771309208125 8878
1648778093522 0.06386719369329512 8928
1648778100491 0.07567969232797622 8978
1648778107213 0.07557410136796534 9028
1648778114009 0.05839398127049208 9078
1648778120895 0.0742116918042302 9128
1648778127813 0.06298805129248648 9178
1648778134600 0.056840565549209715 9228
1648778141414 0.06547624993138015 9278
1648778148430 0.08339045944623649 9328
1648778155692 0.06273185885511338 9378
1648778163620 0.0690817910991609 9428
1648778170410 0.061606028210371734 9478
1648778177477 0.09012780860066413 9528
1648778184768 0.07216426823288202 9578
1648778191619 0.07051412312313915 9628
1648778198443 0.07663851274177431 9678
1648778205336 0.08224993187002838 9728
1648778212270 0.09286793052218854 9778
1648778263058 0.08071697177365422 9835
1648778270494 0.07162948426324874 9885
1648778277338 0.0728539661411196 9935
1648778284073 0.07919453774578869 9985
1648778290837 0.06022103779949248 10035
1648778297530 0.07080936897778883 10085
1648778304383 0.05057337637990713 10135
1648778311177 0.0866347899939865 10185
1648778318020 0.0635325931943953 10235
1648778324824 0.06954191310331226 10285
1648778331565 0.056716841161251065 10335
1648778338249 0.06684376672841609 10385
1648778344950 0.05985434979200363 10435
1648778351746 0.06171502714045346 10485
1648778358869 0.07677281233482063 10535
1648778366439 0.07681563053280115 10585
1648778373667 0.0693923601694405 10635
1648778380277 0.07045686731114983 10685
1648778386949 0.08807879138737917 10735
1648778393758 0.07958748986013234 10785
1648778400584 0.08375776162371039 10835
1648778407413 0.05922400486422703 10885
1648778414245 0.054813217911869286 10935
1648778421005 0.05351717331446707 10985
1648778427984 0.07207513314671815 11035
1648778434938 0.06521884763613343 11085
1648778441755 0.0674738550093025 11135
1648778448486 0.07738413308747112 11185
1648778455271 0.08318761329166591 11235
1648778462448 0.059502189569175246 11285
1648778469207 0.07780823808163405 11335
1648778475972 0.08353304716292768 11385
1648778482713 0.06025563146919012 11435
1648778489463 0.06486374906264246 11485
1648778496310 0.07475049205124379 11535
1648778503029 0.08196982421912252 11585
1648778509731 0.053405649606138465 11635
1648778516650 0.07149783864617348 11685
1648778523931 0.07322878862731158 11735
1648778571628 0.06388464950025081 11792
1648778578424 0.07333910387940705 11842
1648778585104 0.06351358935236931 11892
1648778591888 0.07888939524069428 11942
1648778598634 0.06768222946673631 11992
1648778605454 0.08015933576971293 12042
1648778612189 0.06761050906963646 12092
1648778618953 0.0544691772852093 12142
1648778625714 0.0746558017283678 12192
1648778632444 0.06817910019308329 12242
1648778639126 0.07219827924855053 12292
1648778645908 0.072236667284742 12342
1648778652614 0.06691006992943585 12392
1648778659511 0.06484916398301721 12442
1648778666595 0.07238287302665412 12492
1648778673995 0.0637476171180606 12542
1648778680731 0.061085484717041255 12592
1648778687530 0.07831596879288555 12642
1648778694503 0.06811826627701521 12692
1648778701327 0.07260279223322869 12742
1648778708594 0.06439252701587975 12792
1648778715592 0.062454384309239684 12842
1648778722920 0.06451866588555276 12892
1648778729687 0.04528308720793575 12942
1648778736453 0.07326044558547437 12992
1648778743231 0.07571206784807145 13042
1648778750107 0.058825182025320825 13092
1648778757511 0.05493714945390821 13142
1648778764152 0.0625421104580164 13192
1648778770843 0.05049727741628885 13242
1648778777513 0.07402223004028201 13292
1648778784207 0.06756748284213245 13342
1648778791171 0.08081155601888895 13392
1648778797847 0.06466337826102972 13442
1648778804827 0.06723404270596803 13492
1648778811862 0.07008726628497243 13542
1648778818605 0.07634756094310433 13592
1648778825354 0.07416267827618866 13642
1648778832178 0.06349679846316576 13692
1648778883367 0.06649526723660529 13749
1648778890098 0.07178802939131856 13799
1648778896754 0.07073840437456966 13849
1648778903437 0.06685022001154721 13899
1648778910101 0.06697020907886327 13949
1648778916855 0.08623071043752134 13999
1648778923720 0.07283364709466696 14049
1648778930530 0.05074885347858071 14099
1648778937380 0.058373918477445844 14149
1648778944352 0.07506988690234721 14199
1648778951144 0.0830007697828114 14249
1648778958035 0.05437136088963598 14299
1648778964827 0.05544171989895404 14349
1648778971900 0.07749284085817636 14399
1648778978977 0.06389178832061589 14449
1648778985743 0.05943507936783135 14499
1648778992499 0.05749679621309042 14549
1648778999244 0.06549848553258926 14599
1648779007002 0.06080970777198672 14649
1648779014437 0.05785796078853309 14699
1648779021428 0.0545395178347826 14749
1648779028304 0.06421139134094118 14799
1648779035082 0.060319047262892125 14849
1648779041731 0.0506611308362335 14899
1648779048541 0.08120269586332142 14949
1648779055437 0.05369424178265035 14999
1648779062199 0.06433579967357218 15049
1648779069275 0.08556993464939296 15099
1648779076751 0.06807314845733345 15149
1648779083499 0.07500560455955566 15199
1648779090222 0.06100451870588586 15249
1648779097075 0.06303551848977804 15299
1648779103780 0.07952092519495636 15349
1648779110515 0.05807336082682014 15399
1648779117449 0.07063625794835389 15449
1648779124480 0.07372438257560134 15499
1648779131239 0.08609055386856199 15549
1648779137983 0.0666908427886665 15599
1648779144849 0.06309988114982844 15649
1648779194050 0.06797261188738048 15706
1648779200739 0.06924201981630176 15756
1648779207495 0.07186576956883073 15806
1648779214268 0.06014154232107103 15856
1648779221038 0.056642267871648076 15906
1648779228085 0.06406260780990124 15956
1648779235248 0.048341846871189774 16006
1648779242035 0.0659738114872016 16056
1648779248796 0.06148306960240006 16106
1648779255546 0.06032488342374563 16156
1648779262287 0.07376821194775403 16206
1648779269097 0.06709446483524516 16256
1648779276094 0.06389937539119274 16306
1648779283627 0.05565343704074621 16356
1648779290465 0.052424620697274806 16406
1648779297462 0.05780895721632987 16456
1648779304180 0.055131174735724923 16506
1648779311047 0.0545886001130566 16556
1648779317812 0.05673218588344753 16606
1648779325400 0.06614542587660253 16656
1648779332191 0.06590009503066539 16706
1648779339007 0.05785598020069301 16756
1648779345894 0.06884096918627619 16806
1648779352659 0.04065090167801827 16856
1648779359450 0.06717526010121219 16906
1648779366183 0.05095907694194466 16956
1648779373070 0.058981333682313564 17006
1648779379772 0.05936092339456081 17056
1648779387155 0.05661946818232536 17106
1648779393923 0.08181604523211718 17156
1648779400631 0.06850420319475234 17206
1648779407363 0.06006668630987406 17256
1648779414237 0.04125918977893889 17306
1648779420979 0.06649861649610102 17356
1648779427727 0.06581946479156614 17406
1648779434814 0.051658400343731044 17456
1648779442425 0.05213053720537573 17506
1648779450239 0.0582432221295312 17556
1648779456940 0.05572020945139229 17606
1648779504143 0.06855907775927335 17663
1648779510910 0.07371846452588215 17713
1648779517634 0.07404361214954407 17763
1648779524307 0.06316643317695707 17813
1648779530986 0.06275272571947425 17863
1648779537754 0.06245071684010327 17913
1648779544446 0.05330904900096357 17963
1648779551110 0.06100375793874264 18013
1648779557921 0.05052503167651594 18063
1648779564661 0.05932795525062829 18113
1648779571389 0.04993765297811478 18163
1648779578113 0.06495682102628052 18213
1648779584826 0.05770956619642675 18263
1648779591651 0.06380063818302005 18313
1648779598442 0.05707052911398933 18363
1648779605424 0.05531071145087481 18413
1648779612196 0.07669430351816117 18463
1648779619447 0.06500104912556708 18513
1648779626454 0.05286044400185347 18563
1648779633299 0.04132987327873707 18613
1648779640150 0.06354670701548457 18663
1648779647022 0.05656584864016622 18713
1648779654194 0.050931298462674024 18763
1648779661171 0.044309129870962354 18813
1648779668404 0.05921721165068448 18863
1648779675360 0.06466039134655148 18913
1648779682111 0.048722626129165295 18963
1648779689142 0.06250985043589026 19013
1648779696458 0.05351607915014028 19063
1648779703202 0.053441169937141236 19113
1648779710040 0.053911755261942744 19163
1648779716811 0.05520152322947979 19213
1648779724130 0.061755695440806446 19263
1648779731063 0.05856964291073382 19313
1648779738026 0.05578140038996935 19363
1648779744839 0.061136828754097226 19413
1648779751803 0.0563993444852531 19463
1648779758712 0.06134007956366986 19513
1648779766006 0.05470812849700451 19563
1648779812425 0.056323369697201996 19620
1648779819239 0.05126056779641658 19670
1648779826260 0.06750316939549521 19720
1648779832985 0.046922567803412675 19770
1648779839683 0.04633770681917668 19820
1648779846463 0.06587513151578606 19870
1648779853427 0.057524206948000936 19920
1648779860190 0.05839796472573653 19970
1648779866882 0.050392290442250666 20020
1648779873632 0.04369886848609895 20070
1648779880416 0.054305449058301744 20120
1648779887208 0.05524196726502851 20170
1648779893977 0.05390796044375747 20220
1648779900670 0.04310467050876468 20270
1648779907521 0.06152619645930826 20320
1648779914254 0.06128884700126946 20370
1648779921061 0.06163355222903192 20420
1648779927810 0.061449812047649176 20470
1648779934644 0.0645411917567253 20520
1648779941680 0.05539479297120124 20570
1648779948624 0.06176931114401668 20620
1648779955455 0.05172967137768865 20670
1648779962282 0.0656461570248939 20720
1648779969108 0.055188414407894015 20770
1648779975864 0.060996329868212344 20820
1648779982654 0.06953893908765167 20870
1648779989393 0.07150771064683795 20920
1648779996450 0.06098974888212979 20970
1648780004043 0.06406472115311772 21020
1648780011754 0.08912050313316286 21070
1648780019328 0.053374198451638225 21120
1648780026139 0.045832890961319206 21170
1648780032909 0.05664062231779098 21220
1648780040125 0.07144227310549468 21270
1648780046887 0.0489053055876866 21320
1648780054158 0.04940688190050423 21370
1648780060926 0.05702773116994649 21420
1648780067687 0.05711619159206748 21470
1648780074431 0.03712795568630099 21520
1648780121803 0.06166864139959216 21577
1648780128518 0.059341410035267474 21627
1648780135286 0.067686157990247 21677
1648780143038 0.06407187510281802 21727
1648780149883 0.05605669188546017 21777
1648780156700 0.044430909086950125 21827
1648780164116 0.042365809567272664 21877
1648780170984 0.05127132601104677 21927
1648780177818 0.05969694859813899 21977
1648780184624 0.056715675685554745 22027
1648780191467 0.04651902706362307 22077
1648780198450 0.0480472047906369 22127
1648780205173 0.06101603236515075 22177
1648780212857 0.05252324735280126 22227
1648780221496 0.04982302753254771 22277
1648780228236 0.06063659891486168 22327
1648780235052 0.06456792283803224 22377
1648780241775 0.050698012206703426 22427
1648780248970 0.04994440624024719 22477
1648780255796 0.05029951887205243 22527
1648780262812 0.06327957940055057 22577
1648780269889 0.04886737011605874 22627
1648780276667 0.0545778682641685 22677
1648780283415 0.04367604176048189 22727
1648780290184 0.04826231149956584 22777
1648780296947 0.0512993136770092 22827
1648780304115 0.06424591172486543 22877
1648780310947 0.06866869584657252 22927
1648780317740 0.05929032484535128 22977
1648780324539 0.0638704658439383 23027
1648780331270 0.05077298492193222 23077
1648780338031 0.05227662267163396 23127
1648780344811 0.07391854320652783 23177
1648780351676 0.05396932773757726 23227
1648780358459 0.056732407917734234 23277
1648780365154 0.04467861710116267 23327
1648780372126 0.05689716286025941 23377
1648780379195 0.06108042485080659 23427
1648780385895 0.04643022090196609 23477
