1648776706199 1.3223086732625962 50
1648776712943 0.19680058881640433 100
1648776719755 0.11845242265611887 150
1648776727028 0.18224986523389816 200
1648776734138 0.15771578960120677 250
1648776740793 0.14407185379415752 300
1648776747360 0.1629041115939617 350
1648776754005 0.13797983672469855 400
1648776760630 0.13117867060005664 450
1648776767427 0.14013677798211574 500
1648776774190 0.16143608823418618 550
1648776781053 0.15803313236683608 600
1648776787764 0.1902351000159979 650
1648776795474 0.12721833158284426 700
1648776802141 0.15508895196020603 750
1648776808874 0.15396571330726147 800
1648776816254 0.1455789951980114 850
1648776823260 0.15009633101522923 900
1648776830006 0.14492809802293777 950
1648776836620 0.15039391908794641 1000
1648776843231 0.12484855215996504 1050
1648776849932 0.1241177611425519 1100
1648776856556 0.1501400973647833 1150
1648776863202 0.2051716436818242 1200
1648776870572 0.1121387492865324 1250
1648776878085 0.1610400600731373 1300
1648776884785 0.15063764076679945 1350
1648776891429 0.16611128039658069 1400
1648776898226 0.1591057100892067 1450
1648776905055 0.16019848994910718 1500
1648776911826 0.1325655757263303 1550
1648776918759 0.14387542352080346 1600
1648776925871 0.14759804006665944 1650
1648776932607 0.11749480679631233 1700
1648776939688 0.16862118057906628 1750
1648776946702 0.16879701744765044 1800
1648776954105 0.18414687901735305 1850
1648776961518 0.14843016967177391 1900
1648776968930 0.1522912371903658 1950
1648777017355 0.12034267921000719 2007
1648777024269 0.12682365462183953 2057
1648777030967 0.1298398058861494 2107
1648777038036 0.15494180765002966 2157
1648777044740 0.14713637676090002 2207
1648777051554 0.14206142351031303 2257
1648777058279 0.12909151412546635 2307
1648777065154 0.13652392625808715 2357
1648777071879 0.14203770518302916 2407
1648777078996 0.14610981933772563 2457
1648777085701 0.13225000362843276 2507
1648777092406 0.14157840501517058 2557
1648777099093 0.13340930849313737 2607
1648777106026 0.1378067534789443 2657
1648777112931 0.12695614337921143 2707
1648777119736 0.14199314590543508 2757
1648777126534 0.12852655857801437 2807
1648777133467 0.1711866495385766 2857
1648777140348 0.18934622049331665 2907
1648777147231 0.16225933365523815 2957
1648777154026 0.17188745997846128 3007
1648777160877 0.17025281792506575 3057
1648777167732 0.13733205296099185 3107
1648777174612 0.1036615202203393 3157
1648777181733 0.14570666078478098 3207
1648777188548 0.1491534638404846 3257
1648777195329 0.13044476825743914 3307
1648777202021 0.12077082619071007 3357
1648777208877 0.13679283529520034 3407
1648777215691 0.14272617936134338 3457
1648777222336 0.12610093023627997 3507
1648777229017 0.14901757396757603 3557
1648777235619 0.1509216871112585 3607
1648777242278 0.13686054576188325 3657
1648777249097 0.1352140531875193 3707
1648777256736 0.13924649810418488 3757
1648777263558 0.14335103526711465 3807
1648777270232 0.10446874298155308 3857
1648777277151 0.12386690363287926 3907
1648777325378 0.160336826518178 3964
1648777332147 0.15570544805377723 4014
1648777339281 0.14618427600711584 4064
1648777345949 0.12585925247520208 4114
1648777352970 0.1547882105410099 4164
1648777359934 0.11764807641506195 4214
1648777367460 0.12678637456148864 4264
1648777374264 0.11344839457422495 4314
1648777381202 0.12345242846757173 4364
1648777387969 0.13696573231369258 4414
1648777394512 0.13228015972301363 4464
1648777401234 0.16238120958209037 4514
1648777407989 0.13124128151685 4564
1648777414858 0.1288437646627426 4614
1648777422839 0.17839060958474875 4664
1648777430185 0.11840050671249629 4714
1648777436936 0.11999158356338739 4764
1648777444095 0.11579527916386724 4814
1648777451222 0.14705417681485414 4864
1648777458238 0.11744169495999814 4914
1648777465559 0.15690794106572867 4964
1648777472200 0.12082564244046808 5014
1648777479090 0.12351231589913368 5064
1648777485824 0.11244362980127334 5114
1648777492542 0.1532107082940638 5164
1648777499502 0.13003060985356568 5214
1648777506460 0.15665822848677635 5264
1648777513241 0.12304480399936438 5314
1648777520055 0.1146396178752184 5364
1648777526866 0.1379494450427592 5414
1648777534405 0.10740048969164491 5464
1648777541480 0.1102776001393795 5514
1648777548570 0.12456037502735853 5564
1648777555326 0.1401835783198476 5614
1648777562062 0.14175669306889177 5664
1648777568802 0.12709658231586218 5714
1648777575520 0.13289058979600668 5764
1648777582397 0.12273381130769849 5814
1648777589146 0.13479743216186763 5864
1648777637094 0.12578251719474792 5921
1648777644362 0.12148255333304406 5971
1648777651465 0.13320297695696354 6021
1648777658584 0.12704537879675626 6071
1648777665290 0.1012606805935502 6121
1648777672686 0.14296094972640275 6171
1648777679383 0.12449356220662594 6221
1648777686118 0.10814144242554903 6271
1648777692949 0.12972114134579896 6321
1648777699864 0.14046523749828338 6371
1648777706599 0.12626603811979295 6421
1648777713418 0.12826291482895613 6471
1648777720715 0.10207169687375427 6521
1648777727424 0.13631050022318958 6571
1648777734774 0.12342694539576769 6621
1648777743214 0.12939321290701628 6671
1648777749998 0.08433015070855618 6721
1648777756633 0.14914956510066987 6771
1648777763619 0.1341188881546259 6821
1648777770794 0.13619359716773033 6871
1648777777594 0.12227224223315716 6921
1648777784365 0.14325317181646824 6971
1648777791521 0.14171113330870866 7021
1648777798245 0.13661859791725875 7071
1648777804929 0.12066372569650412 7121
1648777811731 0.12073909413069486 7171
1648777818502 0.10827487006783486 7221
1648777825291 0.15379895847290753 7271
1648777832061 0.14066051471978425 7321
1648777839006 0.12918488057330252 7371
1648777845706 0.1191174491122365 7421
1648777852409 0.10960061322897673 7471
1648777859451 0.16745291851460933 7521
1648777866732 0.14722001451998948 7571
1648777873608 0.12028826896101236 7621
1648777880373 0.12193877670913934 7671
1648777887138 0.13825882390141486 7721
1648777894217 0.11327930618077517 7771
1648777901108 0.11027964252978563 7821
1648777949117 0.11963361904025077 7878
1648777956019 0.10599896773695945 7928
1648777964152 0.10455896090716124 7978
1648777970955 0.13408521911129356 8028
1648777977659 0.1089654042199254 8078
1648777984364 0.11283929705619812 8128
1648777991143 0.13227858424186706 8178
1648777997896 0.09805960075929761 8228
1648778004718 0.09639061474241316 8278
1648778011417 0.1072378850914538 8328
1648778018147 0.12688103500753642 8378
1648778024861 0.13272696889936925 8428
1648778031611 0.15991421937942504 8478
1648778038695 0.12697892187163234 8528
1648778045431 0.11486037652939558 8578
1648778052066 0.11107912421226501 8628
1648778058998 0.11167407218366861 8678
1648778065962 0.13693221304565667 8728
1648778072851 0.12717362260445952 8778
1648778079629 0.13980242233723403 8828
1648778086838 0.11782675938680769 8878
1648778093522 0.12391362812370062 8928
1648778100491 0.13083951357752086 8978
1648778107213 0.13582379821687937 9028
1648778114009 0.10135687958449126 9078
1648778120895 0.12013652391731738 9128
1648778127813 0.11039767464622856 9178
1648778134600 0.09339315347373485 9228
1648778141414 0.11026227965950966 9278
1648778148430 0.14297536309808492 9328
1648778155692 0.11445119548588992 9378
1648778163620 0.1196366897970438 9428
1648778170410 0.10443145092576742 9478
1648778177477 0.15679627833887935 9528
1648778184768 0.12270525243133307 9578
1648778191619 0.13061117263510824 9628
1648778198443 0.12839474767446518 9678
1648778205336 0.12949624247848987 9728
1648778212270 0.15010429605841635 9778
1648778263058 0.13702610965818166 9835
1648778270494 0.12308133108541369 9885
1648778277338 0.11955833341926336 9935
1648778284073 0.1332157415524125 9985
1648778290837 0.09857380459085106 10035
1648778297530 0.11718773536384106 10085
1648778304383 0.08340986596420408 10135
1648778311177 0.13687020882964135 10185
1648778318020 0.10406125100329518 10235
1648778324824 0.12979700542986394 10285
1648778331565 0.11178007334470749 10335
1648778338249 0.11690895196050405 10385
1648778344950 0.09986073080450296 10435
1648778351746 0.11551050977781414 10485
1648778358869 0.12412598310038447 10535
1648778366439 0.11454960836097598 10585
1648778373667 0.12081072799861431 10635
1648778380277 0.1273206590861082 10685
1648778386949 0.1568759160488844 10735
1648778393758 0.12757567571476103 10785
1648778400584 0.13073359329253434 10835
1648778407413 0.10063855804502964 10885
1648778414245 0.09376161012798548 10935
1648778421005 0.0892837369814515 10985
1648778427984 0.1256640934944153 11035
1648778434938 0.10638189382851124 11085
1648778441755 0.12626626880839467 11135
1648778448486 0.1297116780653596 11185
1648778455271 0.13392196444794535 11235
1648778462448 0.09741111155599355 11285
1648778469207 0.12895234009251 11335
1648778475972 0.13441598165780305 11385
1648778482713 0.09317235842347145 11435
1648778489463 0.11017533903941512 11485
1648778496310 0.12243377897888422 11535
1648778503029 0.13362000353634357 11585
1648778509731 0.09426586020737887 11635
1648778516650 0.12439172629266977 11685
1648778523931 0.11860842451453209 11735
1648778571628 0.09964990187436343 11792
1648778578424 0.12136655107140541 11842
1648778585104 0.10870275836437941 11892
1648778591888 0.11957603070884942 11942
1648778598634 0.1143998859077692 11992
1648778605454 0.13411099568009377 12042
1648778612189 0.1092760993167758 12092
1648778618953 0.08986497171223164 12142
1648778625714 0.1265921774879098 12192
1648778632444 0.11464617293328047 12242
1648778639126 0.11368904381990433 12292
1648778645908 0.11297495260834695 12342
1648778652614 0.11143039675429463 12392
1648778659511 0.12831819776445627 12442
1648778666595 0.11403846563771367 12492
1648778673995 0.10942006459459662 12542
1648778680731 0.10471069667488336 12592
1648778687530 0.12788003005087376 12642
1648778694503 0.11759997274726629 12692
1648778701327 0.13371284140273929 12742
1648778708594 0.11645325938239694 12792
1648778715592 0.10492122650146485 12842
1648778722920 0.10376182314008474 12892
1648778729687 0.08217855058610439 12942
1648778736453 0.11693455478176475 12992
1648778743231 0.12918634176254273 13042
1648778750107 0.09352705046534539 13092
1648778757511 0.0904913180321455 13142
1648778764152 0.10382449066266418 13192
1648778770843 0.09554111812263727 13242
1648778777513 0.12400752928107978 13292
1648778784207 0.14481332575902342 13342
1648778791171 0.13751988705247642 13392
1648778797847 0.10732976976782084 13442
1648778804827 0.11330480387434363 13492
1648778811862 0.12065657896921039 13542
1648778818605 0.12037856038659811 13592
1648778825354 0.12066413765773178 13642
1648778832178 0.11351227710023522 13692
1648778883367 0.1159294949285686 13749
1648778890098 0.1102360462769866 13799
1648778896754 0.12269846757873892 13849
1648778903437 0.10296266797930002 13899
1648778910101 0.10328736506402493 13949
1648778916855 0.13623620361089706 13999
1648778923720 0.12683905629441142 14049
1648778930530 0.08826758407056332 14099
1648778937380 0.09923526616767049 14149
1648778944352 0.11772913727909326 14199
1648778951144 0.1174799675308168 14249
1648778958035 0.0882054059766233 14299
1648778964827 0.09704539451748133 14349
1648778971900 0.1252104539424181 14399
1648778978977 0.10908129785209894 14449
1648778985743 0.0966155324690044 14499
1648778992499 0.0971231952123344 14549
1648778999244 0.1183070944622159 14599
1648779007002 0.10209044063463807 14649
1648779014437 0.09455683678388596 14699
1648779021428 0.09543203741312027 14749
1648779028304 0.10184535978361964 14799
1648779035082 0.10356781726703047 14849
1648779041731 0.08507819052785635 14899
1648779048541 0.12879863742738962 14949
1648779055437 0.0849879383854568 14999
1648779062199 0.10506470052525402 15049
1648779069275 0.1487313275411725 15099
1648779076751 0.11062534410506487 15149
1648779083499 0.12024744484573603 15199
1648779090222 0.10651873547583818 15249
1648779097075 0.1103850226290524 15299
1648779103780 0.13152370169758798 15349
1648779110515 0.10573312677443028 15399
1648779117449 0.1178398996219039 15449
1648779124480 0.12481197811663151 15499
1648779131239 0.13991116402670742 15549
1648779137983 0.11092729441821575 15599
1648779144849 0.10529166232794523 15649
1648779194050 0.10061771780252457 15706
1648779200739 0.1070774077065289 15756
1648779207495 0.10535040309652687 15806
1648779214268 0.09613905051723122 15856
1648779221038 0.08906096216291189 15906
1648779228085 0.09405135603621602 15956
1648779235248 0.08085677776485682 16006
1648779242035 0.10118123453110456 16056
1648779248796 0.08267536375671625 16106
1648779255546 0.09314005050808191 16156
1648779262287 0.11514386847615242 16206
1648779269097 0.10727636778727173 16256
1648779276094 0.09610383817926049 16306
1648779283627 0.09041541837155818 16356
1648779290465 0.08004551459103823 16406
1648779297462 0.09530861128121615 16456
1648779304180 0.08652850532904267 16506
1648779311047 0.0862937375344336 16556
1648779317812 0.08797249775379896 16606
1648779325400 0.09782455336302519 16656
1648779332191 0.10366716044023633 16706
1648779339007 0.09459821784868837 16756
1648779345894 0.10369272325187921 16806
1648779352659 0.06759504020214081 16856
1648779359450 0.10189972470514476 16906
1648779366183 0.07430004689842462 16956
1648779373070 0.08766305645927787 17006
1648779379772 0.09267505947500468 17056
1648779387155 0.08820561941713095 17106
1648779393923 0.13088954247534276 17156
1648779400631 0.09749339289963245 17206
1648779407363 0.08585393223911524 17256
1648779414237 0.06586142299696802 17306
1648779420979 0.10145589906722308 17356
1648779427727 0.10383614217862487 17406
1648779434814 0.07687094943597912 17456
1648779442425 0.07986387366428971 17506
1648779450239 0.08506861139088868 17556
1648779456940 0.08595767805352807 17606
1648779504143 0.09593806179240345 17663
1648779510910 0.10800488444045186 17713
1648779517634 0.1064032836817205 17763
1648779524307 0.09130101231858134 17813
1648779530986 0.09478999957442284 17863
1648779537754 0.09125551836565136 17913
1648779544446 0.07550990102812648 17963
1648779551110 0.08839689243584871 18013
1648779557921 0.07830298585817218 18063
1648779564661 0.09329170793294907 18113
1648779571389 0.08154672024771571 18163
1648779578113 0.09369941648095846 18213
1648779584826 0.08803716510534286 18263
1648779591651 0.09028732577338815 18313
1648779598442 0.09011987188830972 18363
1648779605424 0.08157858645543456 18413
1648779612196 0.11492636807262897 18463
1648779619447 0.09859695056453348 18513
1648779626454 0.0841378876939416 18563
1648779633299 0.06405542540363968 18613
1648779640150 0.09019620882347226 18663
1648779647022 0.08318225400522351 18713
1648779654194 0.08135034456849098 18763
1648779661171 0.0687988138385117 18813
1648779668404 0.09225868673995137 18863
1648779675360 0.10142719489056617 18913
1648779682111 0.07382235813885928 18963
1648779689142 0.09157564837485552 19013
1648779696458 0.08205488180741667 19063
1648779703202 0.08178473925217986 19113
1648779710040 0.08350570663809777 19163
1648779716811 0.08537666033953428 19213
1648779724130 0.0861073112487793 19263
1648779731063 0.08781290210783482 19313
1648779738026 0.08920265955850482 19363
1648779744839 0.09510327929630875 19413
1648779751803 0.09131399258971214 19463
1648779758712 0.08983983774669468 19513
1648779766006 0.08778787149116397 19563
1648779812425 0.08798464820720256 19620
1648779819239 0.07347679520025849 19670
1648779826260 0.09438472721725702 19720
1648779832985 0.07191809717565775 19770
1648779839683 0.07351277181878686 19820
1648779846463 0.09724930008873343 19870
1648779853427 0.0882865322008729 19920
1648779860190 0.08851682716049254 19970
1648779866882 0.07821477431803942 20020
1648779873632 0.07166885765269398 20070
1648779880416 0.08307830141857267 20120
1648779887208 0.08562920573167503 20170
1648779893977 0.08073017103597521 20220
1648779900670 0.06784741069190205 20270
1648779907521 0.09049751924350857 20320
1648779914254 0.09137583173811435 20370
1648779921061 0.09206316232681275 20420
1648779927810 0.08653401954099536 20470
1648779934644 0.09660658428445458 20520
1648779941680 0.0852186431735754 20570
1648779948624 0.08740796431899071 20620
1648779955455 0.0715756195038557 20670
1648779962282 0.09169278161600232 20720
1648779969108 0.08023458065465093 20770
1648779975864 0.0878829818405211 20820
1648779982654 0.105289422031492 20870
1648779989393 0.10422414137050509 20920
1648779996450 0.0917044952325523 20970
1648780004043 0.09365739189088344 21020
1648780011754 0.11968259392306209 21070
1648780019328 0.08364286782220005 21120
1648780026139 0.06642576277256013 21170
1648780032909 0.08378733947873115 21220
1648780040125 0.09766605004668236 21270
1648780046887 0.07456487011164427 21320
1648780054158 0.07568718480877579 21370
1648780060926 0.08360427862033248 21420
1648780067687 0.08507243260741233 21470
1648780074431 0.06569350698031486 21520
1648780121803 0.09370648054406047 21577
1648780128518 0.08285612273961306 21627
1648780135286 0.09562542537227273 21677
1648780143038 0.08562132189050317 21727
1648780149883 0.07874654643237591 21777
1648780156700 0.06843052539974451 21827
1648780164116 0.06567229541018606 21877
1648780170984 0.07703236795961857 21927
1648780177818 0.08739418791607022 21977
1648780184624 0.08199870905838907 22027
1648780191467 0.07084043987095356 22077
1648780198450 0.07328332582488656 22127
1648780205173 0.08620728513225913 22177
1648780212857 0.07341848483309149 22227
1648780221496 0.07226066609844566 22277
1648780228236 0.09473952543921768 22327
1648780235052 0.09204833013936878 22377
1648780241775 0.07499396977946163 22427
1648780248970 0.07338298048824071 22477
1648780255796 0.07709553852677345 22527
1648780262812 0.08977593034505844 22577
1648780269889 0.0749152541719377 22627
1648780276667 0.08142717726528645 22677
1648780283415 0.06737538596615195 22727
1648780290184 0.0731915997620672 22777
1648780296947 0.0774251001700759 22827
1648780304115 0.09371190873906016 22877
1648780310947 0.09853640094399452 22927
1648780317740 0.09074111910536885 22977
1648780324539 0.09058363324031234 23027
1648780331270 0.0716506746225059 23077
1648780338031 0.08076790304854513 23127
1648780344811 0.10018377363681794 23177
1648780351676 0.08491571117192506 23227
1648780358459 0.08372481305152178 23277
1648780365154 0.07228850610554219 23327
1648780372126 0.07711027061566711 23377
1648780379195 0.08547496298328042 23427
1648780385895 0.07629412092268467 23477
