1648776706199 2.247768609523773 50
1648776712943 0.8648440939188003 100
1648776719755 0.5947809961438179 150
1648776727028 0.6658012488484383 200
1648776734138 0.5998889070749283 250
1648776740793 0.5895864924788475 300
1648776747360 0.6248550173640252 350
1648776754005 0.5529189750552177 400
1648776760630 0.5024614080786705 450
1648776767427 0.5473996895551682 500
1648776774190 0.5916840851306915 550
1648776781053 0.6207389006018639 600
1648776787764 0.6800888520479202 650
1648776795474 0.5042078605294228 700
1648776802141 0.5287018743157387 750
1648776808874 0.5360675600171089 800
1648776816254 0.4864903022348881 850
1648776823260 0.5358742558956147 900
1648776830006 0.5232725273072719 950
1648776836620 0.5321144488453865 1000
1648776843231 0.45824152112007144 1050
1648776849932 0.4489536419510841 1100
1648776856556 0.5359626993536949 1150
1648776863202 0.660417431294918 1200
1648776870572 0.425067740380764 1250
1648776878085 0.5104244795441627 1300
1648776884785 0.476415148973465 1350
1648776891429 0.5349985925853252 1400
1648776898226 0.5351943992078304 1450
1648776905055 0.5116426527500153 1500
1648776911826 0.4449365039169788 1550
1648776918759 0.47279669255018236 1600
1648776925871 0.4675104424357414 1650
1648776932607 0.3917255227267742 1700
1648776939688 0.571133192628622 1750
1648776946702 0.553054450750351 1800
1648776954105 0.5142409373819828 1850
1648776961518 0.4760391728579998 1900
1648776968930 0.5053177243471145 1950
1648777017355 0.4140234546363354 2007
1648777024269 0.42690250754356385 2057
1648777030967 0.44774223446846007 2107
1648777038036 0.4986716905236244 2157
1648777044740 0.47429229170084 2207
1648777051554 0.4484354293346405 2257
1648777058279 0.4066244027018547 2307
1648777065154 0.41835601672530176 2357
1648777071879 0.46760537937283514 2407
1648777078996 0.48247423470020295 2457
1648777085701 0.4430252397060394 2507
1648777092406 0.4251527129113674 2557
1648777099093 0.41130911245942114 2607
1648777106026 0.41802135393023493 2657
1648777112931 0.40042211845517156 2707
1648777119736 0.4417960272729397 2757
1648777126534 0.4193606671690941 2807
1648777133467 0.5197350691258907 2857
1648777140348 0.5719977596402168 2907
1648777147231 0.5049884283542633 2957
1648777154026 0.4964811971783638 3007
1648777160877 0.4918817482888699 3057
1648777167732 0.4263681423664093 3107
1648777174612 0.35511643007397653 3157
1648777181733 0.45230466142296794 3207
1648777188548 0.44732556737959384 3257
1648777195329 0.45207103550434113 3307
1648777202021 0.3942128837108612 3357
1648777208877 0.4722436644136906 3407
1648777215691 0.4720474037528038 3457
1648777222336 0.43249695241451264 3507
1648777229017 0.4613452887535095 3557
1648777235619 0.4909005230665207 3607
1648777242278 0.4014118823409081 3657
1648777249097 0.43922782614827155 3707
1648777256736 0.43849263213574885 3757
1648777263558 0.4768799002468586 3807
1648777270232 0.3579916714131832 3857
1648777277151 0.4117092825472355 3907
1648777325378 0.4699841918051243 3964
1648777332147 0.4860177472233772 4014
1648777339281 0.4307819554209709 4064
1648777345949 0.3955124795436859 4114
1648777352970 0.4606437969207764 4164
1648777359934 0.3902986393123865 4214
1648777367460 0.3811265446990728 4264
1648777374264 0.38658140823245046 4314
1648777381202 0.3920406771451235 4364
1648777387969 0.4081487284600735 4414
1648777394512 0.39912219569087026 4464
1648777401234 0.47676671281456945 4514
1648777407989 0.4079549363255501 4564
1648777414858 0.41839076653122903 4614
1648777422839 0.5073512756824493 4664
1648777430185 0.3997037251293659 4714
1648777436936 0.3941046406328678 4764
1648777444095 0.378694858327508 4814
1648777451222 0.46778045013546943 4864
1648777458238 0.3507085867226124 4914
1648777465559 0.4617097634077072 4964
1648777472200 0.3389231362938881 5014
1648777479090 0.38733204409480093 5064
1648777485824 0.3525912868976593 5114
1648777492542 0.488754004240036 5164
1648777499502 0.41518844082951545 5214
1648777506460 0.4587792032957077 5264
1648777513241 0.38853737980127334 5314
1648777520055 0.35877604827284815 5364
1648777526866 0.430282670930028 5414
1648777534405 0.3467774861305952 5464
1648777541480 0.347559080645442 5514
1648777548570 0.40618068233132365 5564
1648777555326 0.4201748585700989 5614
1648777562062 0.39860833555459974 5664
1648777568802 0.402934352606535 5714
1648777575520 0.3890438598394394 5764
1648777582397 0.3972888422012329 5814
1648777589146 0.40316653847694395 5864
1648777637094 0.391172750890255 5921
1648777644362 0.3825483240187168 5971
1648777651465 0.4050560741126537 6021
1648777658584 0.3735356384515762 6071
1648777665290 0.3210576117783785 6121
1648777672686 0.4272548319399357 6171
1648777679383 0.3963083005696535 6221
1648777686118 0.33938759565353394 6271
1648777692949 0.3992435339093208 6321
1648777699864 0.4086613892763853 6371
1648777706599 0.3788424795866013 6421
1648777713418 0.4147322025895119 6471
1648777720715 0.3393712056428194 6521
1648777727424 0.4077092592418194 6571
1648777734774 0.3729719403386116 6621
1648777743214 0.39241833731532094 6671
1648777749998 0.28156281031668184 6721
1648777756633 0.43090705886483194 6771
1648777763619 0.4019115337729454 6821
1648777770794 0.41714989975094796 6871
1648777777594 0.3661822214722633 6921
1648777784365 0.4246809123456478 6971
1648777791521 0.4011009307205677 7021
1648777798245 0.38607135564088824 7071
1648777804929 0.38037185691297054 7121
1648777811731 0.3674096396565437 7171
1648777818502 0.3535142295062542 7221
1648777825291 0.46234556585550307 7271
1648777832061 0.41568096339702604 7321
1648777839006 0.3890202023088932 7371
1648777845706 0.3680164094269276 7421
1648777852409 0.35399826511740684 7471
1648777859451 0.4601428931206465 7521
1648777866732 0.4485435079783201 7571
1648777873608 0.36613879434764385 7621
1648777880373 0.38814908877015114 7671
1648777887138 0.4273637929558754 7721
1648777894217 0.353399061113596 7771
1648777901108 0.3449433006346226 7821
1648777949117 0.3672229270637035 7878
1648777956019 0.3096902848035097 7928
1648777964152 0.3304393212497234 7978
1648777970955 0.38626120693981647 8028
1648777977659 0.31764661625027657 8078
1648777984364 0.3407053709030151 8128
1648777991143 0.3754848945885897 8178
1648777997896 0.31233322761952875 8228
1648778004718 0.313584152162075 8278
1648778011417 0.3144670482724905 8328
1648778018147 0.4103804498910904 8378
1648778024861 0.38618200808763503 8428
1648778031611 0.45490576840937136 8478
1648778038695 0.37738673329353334 8528
1648778045431 0.3430351012200117 8578
1648778052066 0.3311862160265446 8628
1648778058998 0.3617458786815405 8678
1648778065962 0.41881089061498644 8728
1648778072851 0.388647540807724 8778
1648778079629 0.4056861373782158 8828
1648778086838 0.3520876926928759 8878
1648778093522 0.3909852543473244 8928
1648778100491 0.397642053514719 8978
1648778107213 0.39888211265206336 9028
1648778114009 0.32122195906937123 9078
1648778120895 0.3609277065098286 9128
1648778127813 0.3376266807317734 9178
1648778134600 0.29037156872451303 9228
1648778141414 0.35050529561936855 9278
1648778148430 0.40767932996153833 9328
1648778155692 0.3386419041454792 9378
1648778163620 0.3434313893318176 9428
1648778170410 0.3258213671296835 9478
1648778177477 0.46087325885891917 9528
1648778184768 0.36476837545633317 9578
1648778191619 0.3832363739609718 9628
1648778198443 0.4024075596034527 9678
1648778205336 0.3976243474334478 9728
1648778212270 0.43416271403431894 9778
1648778263058 0.3842203415930271 9835
1648778270494 0.3556848310679197 9885
1648778277338 0.3539290297031403 9935
1648778284073 0.3961803599447012 9985
1648778290837 0.294381699860096 10035
1648778297530 0.3436331716179848 10085
1648778304383 0.2606821878999472 10135
1648778311177 0.4087729549407959 10185
1648778318020 0.30410731583833694 10235
1648778324824 0.39181571632623674 10285
1648778331565 0.33997358322143556 10335
1648778338249 0.35532319501042364 10385
1648778344950 0.3058026787638664 10435
1648778351746 0.34865840755403044 10485
1648778358869 0.38123156122863294 10535
1648778366439 0.35272494062781334 10585
1648778373667 0.3689615710824728 10635
1648778380277 0.356300940066576 10685
1648778386949 0.42665007680654526 10735
1648778393758 0.3867352347075939 10785
1648778400584 0.39540678724646566 10835
1648778407413 0.29746337786316873 10885
1648778414245 0.2892293083667755 10935
1648778421005 0.28500952273607255 10985
1648778427984 0.36954580426216127 11035
1648778434938 0.32695061415433885 11085
1648778441755 0.3435022874176502 11135
1648778448486 0.3758368866145611 11185
1648778455271 0.40091748006641864 11235
1648778462448 0.29113167509436605 11285
1648778469207 0.3843013705313206 11335
1648778475972 0.3766190988570452 11385
1648778482713 0.29354790776968004 11435
1648778489463 0.31865851283073426 11485
1648778496310 0.3622909264266491 11535
1648778503029 0.3798693896830082 11585
1648778509731 0.295752167776227 11635
1648778516650 0.3809800925850868 11685
1648778523931 0.3805580931901932 11735
1648778571628 0.30115348406136033 11792
1648778578424 0.36171019949018957 11842
1648778585104 0.32253516927361486 11892
1648778591888 0.3615099206566811 11942
1648778598634 0.3442662592977285 11992
1648778605454 0.383062125146389 12042
1648778612189 0.32241786845028403 12092
1648778618953 0.2732668493688106 12142
1648778625714 0.379763126373291 12192
1648778632444 0.3441882903128862 12242
1648778639126 0.32669227570295334 12292
1648778645908 0.34161873944103716 12342
1648778652614 0.34158104069530965 12392
1648778659511 0.34825935259461405 12442
1648778666595 0.33871399544179437 12492
1648778673995 0.31773769833147525 12542
1648778680731 0.30907987549901006 12592
1648778687530 0.36117846965789796 12642
1648778694503 0.33570187784731387 12692
1648778701327 0.3743383192270994 12742
1648778708594 0.3458779221773148 12792
1648778715592 0.3229568059742451 12842
1648778722920 0.3249760723859072 12892
1648778729687 0.23694103926420212 12942
1648778736453 0.34137299917638303 12992
1648778743231 0.3740617626160383 13042
1648778750107 0.27352006003260615 13092
1648778757511 0.2679541678726673 13142
1648778764152 0.30379152923822406 13192
1648778770843 0.29785265058279037 13242
1648778777513 0.38463631615042687 13292
1648778784207 0.3787521971017122 13342
1648778791171 0.3782980763912201 13392
1648778797847 0.33818613886833193 13442
1648778804827 0.32971885934472084 13492
1648778811862 0.3685039609670639 13542
1648778818605 0.3486458469927311 13592
1648778825354 0.35973047696053984 13642
1648778832178 0.3299894092977047 13692
1648778883367 0.3358462015539408 13749
1648778890098 0.32098465241491797 13799
1648778896754 0.3392766547203064 13849
1648778903437 0.31001443780958654 13899
1648778910101 0.3060747826844454 13949
1648778916855 0.38270837187767026 13999
1648778923720 0.3465288104861975 14049
1648778930530 0.27147617235779764 14099
1648778937380 0.2762761652469635 14149
1648778944352 0.3377661343663931 14199
1648778951144 0.3424693192541599 14249
1648778958035 0.28205953128635886 14299
1648778964827 0.29611712649464605 14349
1648778971900 0.3693974731862545 14399
1648778978977 0.330294296965003 14449
1648778985743 0.2924888670444489 14499
1648778992499 0.28900811649858954 14549
1648778999244 0.34415406435728074 14599
1648779007002 0.29646410353481767 14649
1648779014437 0.2766482324153185 14699
1648779021428 0.29361050851643083 14749
1648779028304 0.3263566718250513 14799
1648779035082 0.31383582584559916 14849
1648779041731 0.25574510924518107 14899
1648779048541 0.39566359482705593 14949
1648779055437 0.2642195340245962 14999
1648779062199 0.31047483675181864 15049
1648779069275 0.41039022922515866 15099
1648779076751 0.32785201124846935 15149
1648779083499 0.3533187363296747 15199
1648779090222 0.3135601932555437 15249
1648779097075 0.3186708888411522 15299
1648779103780 0.37714937508106233 15349
1648779110515 0.30368944473564624 15399
1648779117449 0.3552361124753952 15449
1648779124480 0.35339361160993576 15499
1648779131239 0.3885668098181486 15549
1648779137983 0.32449874259531497 15599
1648779144849 0.32283153451979163 15649
1648779194050 0.3025120943784714 15706
1648779200739 0.3149754486978054 15756
1648779207495 0.3041263433545828 15806
1648779214268 0.2776973221451044 15856
1648779221038 0.26374454103410244 15906
1648779228085 0.2805831162631512 15956
1648779235248 0.23347758382558823 16006
1648779242035 0.2878387025743723 16056
1648779248796 0.25441914819180966 16106
1648779255546 0.2787838999181986 16156
1648779262287 0.3162318968772888 16206
1648779269097 0.3013789799064398 16256
1648779276094 0.2880328998714685 16306
1648779283627 0.2538737477734685 16356
1648779290465 0.22869539730250835 16406
1648779297462 0.2574637487530708 16456
1648779304180 0.2602169370651245 16506
1648779311047 0.23780259303748608 16556
1648779317812 0.2483208901435137 16606
1648779325400 0.2836251710355282 16656
1648779332191 0.29234501387923956 16706
1648779339007 0.2553098441660404 16756
1648779345894 0.28510791197419166 16806
1648779352659 0.19806715674698352 16856
1648779359450 0.28304245803505185 16906
1648779366183 0.22726482916623353 16956
1648779373070 0.24819817952811718 17006
1648779379772 0.2700328115746379 17056
1648779387155 0.24193661622703075 17106
1648779393923 0.36467838637530803 17156
1648779400631 0.2868677146732807 17206
1648779407363 0.2575564432144165 17256
1648779414237 0.19292337223887443 17306
1648779420979 0.2770837916061282 17356
1648779427727 0.286743927821517 17406
1648779434814 0.2177544902265072 17456
1648779442425 0.23050050266087055 17506
1648779450239 0.25689644396305084 17556
1648779456940 0.24128354493528603 17606
1648779504143 0.27829586252570154 17663
1648779510910 0.30515242259949443 17713
1648779517634 0.29263195835053923 17763
1648779524307 0.2664023273438215 17813
1648779530986 0.2614598824828863 17863
1648779537754 0.2531795154511929 17913
1648779544446 0.2304355788230896 17963
1648779551110 0.25718942485749724 18013
1648779557921 0.22309376001358033 18063
1648779564661 0.2643459507077932 18113
1648779571389 0.22184657767415047 18163
1648779578113 0.2580033740401268 18213
1648779584826 0.25849545173346994 18263
1648779591651 0.2577453751862049 18313
1648779598442 0.25094055209308863 18363
1648779605424 0.2322854807972908 18413
1648779612196 0.305917549431324 18463
1648779619447 0.2789940340816975 18513
1648779626454 0.23345080442726612 18563
1648779633299 0.19101409081369639 18613
1648779640150 0.2570783092454076 18663
1648779647022 0.2410012199729681 18713
1648779654194 0.2302933643758297 18763
1648779661171 0.19648455291986466 18813
1648779668404 0.25841242134571074 18863
1648779675360 0.273763754144311 18913
1648779682111 0.2119630054011941 18963
1648779689142 0.25875595036894083 19013
1648779696458 0.22887697368860244 19063
1648779703202 0.23449179992079736 19113
1648779710040 0.23814467273652554 19163
1648779716811 0.24093688890337944 19213
1648779724130 0.25101187914609907 19263
1648779731063 0.2495922900736332 19313
1648779738026 0.25322279825806615 19363
1648779744839 0.27286439601331947 19413
1648779751803 0.2505779046937823 19463
1648779758712 0.2534972460195422 19513
1648779766006 0.24320617750287055 19563
1648779812425 0.24137481298297644 19620
1648779819239 0.21603798057883977 19670
1648779826260 0.26325727205723526 19720
1648779832985 0.21045325100421905 19770
1648779839683 0.19712400019168855 19820
1648779846463 0.26651059415191414 19870
1648779853427 0.23359276168048382 19920
1648779860190 0.24614561315625905 19970
1648779866882 0.21250389739871026 20020
1648779873632 0.2009251806139946 20070
1648779880416 0.2323996527120471 20120
1648779887208 0.237832398340106 20170
1648779893977 0.2236428016424179 20220
1648779900670 0.19448898635804654 20270
1648779907521 0.27065012823790313 20320
1648779914254 0.2505004580318928 20370
1648779921061 0.2573627765849233 20420
1648779927810 0.24888226240873337 20470
1648779934644 0.25753761030733585 20520
1648779941680 0.2382898936420679 20570
1648779948624 0.2517219255119562 20620
1648779955455 0.2227939809858799 20670
1648779962282 0.2623360324651003 20720
1648779969108 0.23666864782571792 20770
1648779975864 0.2518487457185984 20820
1648779982654 0.28915013805031775 20870
1648779989393 0.28267334584146736 20920
1648779996450 0.26586745522916316 20970
1648780004043 0.26692133612930774 21020
1648780011754 0.32635965656489135 21070
1648780019328 0.23045027926564216 21120
1648780026139 0.1972877836972475 21170
1648780032909 0.2368771506845951 21220
1648780040125 0.2791385823860765 21270
1648780046887 0.20658559702336787 21320
1648780054158 0.21325637049973012 21370
1648780060926 0.23589682925492525 21420
1648780067687 0.24198561005294322 21470
1648780074431 0.18959059219807387 21520
1648780121803 0.25839681617915633 21577
1648780128518 0.23166155461221932 21627
1648780135286 0.2654240045323968 21677
1648780143038 0.24552925940603018 21727
1648780149883 0.2295525148138404 21777
1648780156700 0.19167726770043372 21827
1648780164116 0.18877028565853834 21877
1648780170984 0.21672936398535966 21927
1648780177818 0.24467502370476724 21977
1648780184624 0.23226380065083505 22027
1648780191467 0.20899091109633447 22077
1648780198450 0.2089384787157178 22127
1648780205173 0.23995263945311307 22177
1648780212857 0.21273758072406054 22227
1648780221496 0.20604900989681482 22277
1648780228236 0.2557717730104923 22327
1648780235052 0.24872107576578856 22377
1648780241775 0.2210156648606062 22427
1648780248970 0.21247527096420527 22477
1648780255796 0.21981749698519706 22527
1648780262812 0.25369814306497573 22577
1648780269889 0.2124870642274618 22627
1648780276667 0.23254889860749245 22677
1648780283415 0.19165909685194493 22727
1648780290184 0.2004871301352978 22777
1648780296947 0.21273210542276502 22827
1648780304115 0.26279164105653763 22877
1648780310947 0.26528110653162 22927
1648780317740 0.23873492501676083 22977
1648780324539 0.2615935102105141 23027
1648780331270 0.21304783165454866 23077
1648780338031 0.22054160453379154 23127
1648780344811 0.27304677344858647 23177
1648780351676 0.2338662550225854 23227
1648780358459 0.2356465482711792 23277
1648780365154 0.20318787433207036 23327
1648780372126 0.22297557845711707 23377
1648780379195 0.24147644758224487 23427
1648780385895 0.20940998248755932 23477
