1648776706199 0.6654395139217377 50
1648776712943 0.42219917446374894 100
1648776719755 0.2664339715242386 150
1648776727028 0.22233327858150007 200
1648776734138 0.2050916124880314 250
1648776740793 0.21534049771726133 300
1648776747360 0.2195307184010744 350
1648776754005 0.185532000400126 400
1648776760630 0.16461404077708722 450
1648776767427 0.18288734748959543 500
1648776774190 0.18013510145246983 550
1648776781053 0.22388942666351797 600
1648776787764 0.2511456175148487 650
1648776795474 0.18119497485458852 700
1648776802141 0.14651733376085757 750
1648776808874 0.15717710267752408 800
1648776816254 0.1301913698390126 850
1648776823260 0.1530455868691206 900
1648776830006 0.16572549384087323 950
1648776836620 0.15461354777216912 1000
1648776843231 0.13792324684560298 1050
1648776849932 0.13841401321813465 1100
1648776856556 0.15980608202517033 1150
1648776863202 0.1781253807991743 1200
1648776870572 0.11603705655783415 1250
1648776878085 0.12639109967276455 1300
1648776884785 0.10548420194536448 1350
1648776891429 0.1500313238054514 1400
1648776898226 0.15589838944375514 1450
1648776905055 0.1285653828829527 1500
1648776911826 0.10760836837813258 1550
1648776918759 0.12038552224636077 1600
1648776925871 0.11378267176449298 1650
1648776932607 0.0953453228995204 1700
1648776939688 0.1695229320600629 1750
1648776946702 0.1393853837624192 1800
1648776954105 0.11249954376369714 1850
1648776961518 0.11809765852987766 1900
1648776968930 0.14621238745748996 1950
1648777017355 0.1209080284461379 2007
1648777024269 0.11298827085644007 2057
1648777030967 0.12402164682745934 2107
1648777038036 0.12556730557233095 2157
1648777044740 0.1027529955841601 2207
1648777051554 0.11385003916919231 2257
1648777058279 0.08971257267519832 2307
1648777065154 0.11229342462494969 2357
1648777071879 0.1246514454483986 2407
1648777078996 0.12868087334558367 2457
1648777085701 0.11494220418855548 2507
1648777092406 0.09566148369573056 2557
1648777099093 0.10036324393004178 2607
1648777106026 0.09918623941019178 2657
1648777112931 0.09463340897113084 2707
1648777119736 0.09548725817352534 2757
1648777126534 0.09936040390282869 2807
1648777133467 0.12654793821275234 2857
1648777140348 0.13768977355211973 2907
1648777147231 0.11812842579558491 2957
1648777154026 0.11462383043020964 3007
1648777160877 0.11439878368750214 3057
1648777167732 0.10521309047937394 3107
1648777174612 0.09378808744251728 3157
1648777181733 0.1060115660354495 3207
1648777188548 0.09405308166518807 3257
1648777195329 0.13403233278542756 3307
1648777202021 0.09201886784285307 3357
1648777208877 0.11885547004640103 3407
1648777215691 0.13162962794303895 3457
1648777222336 0.10881395821459591 3507
1648777229017 0.11590439844876528 3557
1648777235619 0.1296778878569603 3607
1648777242278 0.07982176627963782 3657
1648777249097 0.10423854716122151 3707
1648777256736 0.10593434177339077 3757
1648777263558 0.12981531482189893 3807
1648777270232 0.09982622005045413 3857
1648777277151 0.10607512887567282 3907
1648777325378 0.09611392082646489 3964
1648777332147 0.1080037872120738 4014
1648777339281 0.10287616638466716 4064
1648777345949 0.091550616286695 4114
1648777352970 0.09407886985689401 4164
1648777359934 0.10412948746234178 4214
1648777367460 0.08044117603451013 4264
1648777374264 0.10272922215983271 4314
1648777381202 0.09128820148296654 4364
1648777387969 0.08514100400730967 4414
1648777394512 0.08772822604048996 4464
1648777401234 0.1080888307467103 4514
1648777407989 0.09277689341455699 4564
1648777414858 0.10395862266421318 4614
1648777422839 0.11119231645017863 4664
1648777430185 0.10843012254685164 4714
1648777436936 0.09611853465437889 4764
1648777444095 0.08777175942435861 4814
1648777451222 0.11309867262840272 4864
1648777458238 0.0745933142490685 4914
1648777465559 0.1056115609779954 4964
1648777472200 0.06785620916634798 5014
1648777479090 0.08800304178148508 5064
1648777485824 0.0846705439593643 5114
1648777492542 0.12497475445270538 5164
1648777499502 0.09348226403817535 5214
1648777506460 0.10005064524710178 5264
1648777513241 0.10724356679711491 5314
1648777520055 0.08472486469894648 5364
1648777526866 0.09953440757468343 5414
1648777534405 0.08198627541773021 5464
1648777541480 0.0790062938258052 5514
1648777548570 0.09487760874442756 5564
1648777555326 0.09255690163001418 5614
1648777562062 0.07821476410143077 5664
1648777568802 0.0979716209322214 5714
1648777575520 0.09010831285268069 5764
1648777582397 0.10481413700152188 5814
1648777589146 0.08696312163025141 5864
1648777637094 0.08456901207566261 5921
1648777644362 0.07973464884795249 5971
1648777651465 0.0976973175816238 6021
1648777658584 0.0669067501462996 6071
1648777665290 0.06405121189542115 6121
1648777672686 0.09329661453142762 6171
1648777679383 0.10464174490422011 6221
1648777686118 0.07839721308788285 6271
1648777692949 0.08509580235928298 6321
1648777699864 0.07448540693148971 6371
1648777706599 0.08066470762714743 6421
1648777713418 0.10468283528462052 6471
1648777720715 0.08129623169079422 6521
1648777727424 0.08538496110588312 6571
1648777734774 0.07775291092693806 6621
1648777743214 0.07738404087722302 6671
1648777749998 0.06472834524698555 6721
1648777756633 0.09479722498916089 6771
1648777763619 0.09092443816363811 6821
1648777770794 0.08446196664124728 6871
1648777777594 0.07602939134463668 6921
1648777784365 0.09432261507958174 6971
1648777791521 0.08410011338070035 7021
1648777798245 0.07706872596405447 7071
1648777804929 0.0774183584190905 7121
1648777811731 0.08171424305066466 7171
1648777818502 0.074582480173558 7221
1648777825291 0.1046433941880241 7271
1648777832061 0.09310301126912236 7321
1648777839006 0.08162180811166764 7371
1648777845706 0.0850338790845126 7421
1648777852409 0.0857832698803395 7471
1648777859451 0.105728720119223 7521
1648777866732 0.11575661405920983 7571
1648777873608 0.07425184886902571 7621
1648777880373 0.09237119474448263 7671
1648777887138 0.09282092865556478 7721
1648777894217 0.08148183204233646 7771
1648777901108 0.07200278976932167 7821
1648777949117 0.07747285710647703 7878
1648777956019 0.061479279091581705 7928
1648777964152 0.07567011414095759 7978
1648777970955 0.06897372644394636 8028
1648777977659 0.06136986478231847 8078
1648777984364 0.06800441661849618 8128
1648777991143 0.07291640841402114 8178
1648777997896 0.06179475617595017 8228
1648778004718 0.07089525014162064 8278
1648778011417 0.0619657336268574 8328
1648778018147 0.0885596613958478 8378
1648778024861 0.0733996832743287 8428
1648778031611 0.08993548885919153 8478
1648778038695 0.07338402810506522 8528
1648778045431 0.06138223232002929 8578
1648778052066 0.06861791493371129 8628
1648778058998 0.08446971742436289 8678
1648778065962 0.09613017680123448 8728
1648778072851 0.08186927197501064 8778
1648778079629 0.08426120346412062 8828
1648778086838 0.07152538067661225 8878
1648778093522 0.10321017432957888 8928
1648778100491 0.0823169017676264 8978
1648778107213 0.09175244108773768 9028
1648778114009 0.06909974095411599 9078
1648778120895 0.0715140513330698 9128
1648778127813 0.07290728602558375 9178
1648778134600 0.05130513289943337 9228
1648778141414 0.07619517564773559 9278
1648778148430 0.07530353646725416 9328
1648778155692 0.06836315467953683 9378
1648778163620 0.06639138916507363 9428
1648778170410 0.06916650112252683 9478
1648778177477 0.09662496648728848 9528
1648778184768 0.07530524984002113 9578
1648778191619 0.0895792081579566 9628
1648778198443 0.10070583462715149 9678
1648778205336 0.08001127733383327 9728
1648778212270 0.0777146120276302 9778
1648778263058 0.06780030847527087 9835
1648778270494 0.06461560760624707 9885
1648778277338 0.06449473457876592 9935
1648778284073 0.0839727045968175 9985
1648778290837 0.05609533028677106 10035
1648778297530 0.06909818982705473 10085
1648778304383 0.051737841146532446 10135
1648778311177 0.07570861712098122 10185
1648778318020 0.05396748173981905 10235
1648778324824 0.0933324697613716 10285
1648778331565 0.07734869178384543 10335
1648778338249 0.07528993960469961 10385
1648778344950 0.06215235743205994 10435
1648778351746 0.07828369189053774 10485
1648778358869 0.07943420280236752 10535
1648778366439 0.059081594832241534 10585
1648778373667 0.08146896623075009 10635
1648778380277 0.06941840728744865 10685
1648778386949 0.0776631977595389 10735
1648778393758 0.07361759781837464 10785
1648778400584 0.07934686478227376 10835
1648778407413 0.057635783879086376 10885
1648778414245 0.058801690079271794 10935
1648778421005 0.057323987339623274 10985
1648778427984 0.07658594507258386 11035
1648778434938 0.06818349566310644 11085
1648778441755 0.06505321864504367 11135
1648778448486 0.0657287311903201 11185
1648778455271 0.07728738840669394 11235
1648778462448 0.049937888616696 11285
1648778469207 0.07870907504111528 11335
1648778475972 0.06110787319950759 11385
1648778482713 0.05692563507705927 11435
1648778489463 0.053821162851527334 11485
1648778496310 0.07344145686365663 11535
1648778503029 0.06589090462774039 11585
1648778509731 0.06520562134683132 11635
1648778516650 0.08006167461629957 11685
1648778523931 0.0888921379391104 11735
1648778571628 0.0517483394825831 11792
1648778578424 0.06570447812788188 11842
1648778585104 0.0582465497776866 11892
1648778591888 0.06522401909343899 11942
1648778598634 0.06696165021508932 11992
1648778605454 0.0700321295298636 12042
1648778612189 0.0602297629090026 12092
1648778618953 0.050503942454233765 12142
1648778625714 0.0796759513579309 12192
1648778632444 0.0666739872097969 12242
1648778639126 0.047914810592774304 12292
1648778645908 0.06330926104448736 12342
1648778652614 0.07161775236949325 12392
1648778659511 0.07134043511934579 12442
1648778666595 0.06153121083509177 12492
1648778673995 0.05985280801542103 12542
1648778680731 0.05950964340940118 12592
1648778687530 0.05755040109157562 12642
1648778694503 0.059802434504963455 12692
1648778701327 0.07772756980732083 12742
1648778708594 0.06938095320947468 12792
1648778715592 0.06607021583709866 12842
1648778722920 0.06219723872840405 12892
1648778729687 0.04549708230886609 12942
1648778736453 0.06147093503735959 12992
1648778743231 0.06613218711689114 13042
1648778750107 0.042687968409154564 13092
1648778757511 0.04626074830070138 13142
1648778764152 0.05107474898453802 13192
1648778770843 0.06885025871917605 13242
1648778777513 0.08122122004628181 13292
1648778784207 0.07862754181027412 13342
1648778791171 0.06268184669315816 13392
1648778797847 0.06831826788373291 13442
1648778804827 0.05804158533923328 13492
1648778811862 0.07755227737128735 13542
1648778818605 0.06447530441917479 13592
1648778825354 0.07480442067608237 13642
1648778832178 0.06206332109402865 13692
1648778883367 0.06380472998134792 13749
1648778890098 0.053177903457544744 13799
1648778896754 0.057812456348910926 13849
1648778903437 0.0503095277864486 13899
1648778910101 0.04990639089839533 13949
1648778916855 0.06410064351279289 13999
1648778923720 0.05526444574352354 14049
1648778930530 0.057284482829272745 14099
1648778937380 0.04002716441173106 14149
1648778944352 0.053976460611447695 14199
1648778951144 0.048537441696971655 14249
1648778958035 0.051218293821439144 14299
1648778964827 0.052095406115986405 14349
1648778971900 0.06895409665070475 14399
1648778978977 0.06296308961696923 14449
1648778985743 0.05303355542011559 14499
1648778992499 0.055739917820319534 14549
1648778999244 0.06822582448832691 14599
1648779007002 0.05039030918851495 14649
1648779014437 0.04755358358379454 14699
1648779021428 0.06209693465381861 14749
1648779028304 0.07374230720102787 14799
1648779035082 0.06365866741165518 14849
1648779041731 0.04581646773964167 14899
1648779048541 0.08051926657557487 14949
1648779055437 0.04382154173217714 14999
1648779062199 0.059811048987321556 15049
1648779069275 0.07009739316999912 15099
1648779076751 0.0612584390072152 15149
1648779083499 0.05972322380170226 15199
1648779090222 0.056079489244148135 15249
1648779097075 0.05904372896999121 15299
1648779103780 0.06875329571776093 15349
1648779110515 0.05443873934913426 15399
1648779117449 0.07277675027027726 15449
1648779124480 0.0639956898894161 15499
1648779131239 0.06252647653222083 15549
1648779137983 0.058678320059552785 15599
1648779144849 0.06498636688105762 15649
1648779194050 0.04850293610710651 15706
1648779200739 0.04914168321527541 15756
1648779207495 0.04034304605796933 15806
1648779214268 0.03987455160822719 15856
1648779221038 0.037486100459937007 15906
1648779228085 0.04335459866560996 15956
1648779235248 0.03855448274640366 16006
1648779242035 0.0392575231497176 16056
1648779248796 0.037191800395958124 16106
1648779255546 0.04126510572619736 16156
1648779262287 0.04066071353387088 16206
1648779269097 0.04811700201593339 16256
1648779276094 0.042343200887553396 16306
1648779283627 0.036844904669560495 16356
1648779290465 0.030272840755060315 16406
1648779297462 0.03305411854526028 16456
1648779304180 0.03619556605583057 16506
1648779311047 0.0343155278172344 16556
1648779317812 0.030222579748369754 16606
1648779325400 0.039614203311502935 16656
1648779332191 0.04039748757844791 16706
1648779339007 0.0342346357461065 16756
1648779345894 0.037959051982033996 16806
1648779352659 0.02915199725423008 16856
1648779359450 0.03345095644704998 16906
1648779366183 0.034769689484965054 16956
1648779373070 0.033891763989813625 17006
1648779379772 0.04030423993128352 17056
1648779387155 0.03087147787446156 17106
1648779393923 0.05849840828217566 17156
1648779400631 0.035482109896838664 17206
1648779407363 0.03329576577525586 17256
1648779414237 0.027396124424412846 17306
1648779420979 0.034131119770463555 17356
1648779427727 0.0397781919920817 17406
1648779434814 0.025859268316999078 17456
1648779442425 0.031837669314118106 17506
1648779450239 0.03799499532324262 17556
1648779456940 0.0316676000203006 17606
1648779504143 0.031879270741483196 17663
1648779510910 0.046832157685421406 17713
1648779517634 0.03243405096232891 17763
1648779524307 0.03376563038444146 17813
1648779530986 0.031917268586112185 17863
1648779537754 0.02792552925995551 17913
1648779544446 0.030116526272613554 17963
1648779551110 0.031761644165962936 18013
1648779557921 0.03169412093469873 18063
1648779564661 0.03454895989736542 18113
1648779571389 0.02508995097829029 18163
1648779578113 0.028686503308126703 18213
1648779584826 0.03315287415869534 18263
1648779591651 0.031111602046294137 18313
1648779598442 0.02929334611282684 18363
1648779605424 0.028875823323614894 18413
1648779612196 0.03361555633367971 18463
1648779619447 0.03269642981234938 18513
1648779626454 0.02966815549181774 18563
1648779633299 0.026365539751714094 18613
1648779640150 0.029291128350887447 18663
1648779647022 0.026336165983229874 18713
1648779654194 0.02816230073105544 18763
1648779661171 0.027947024322347715 18813
1648779668404 0.03523171031381935 18863
1648779675360 0.031182631987612695 18913
1648779682111 0.02511076270369813 18963
1648779689142 0.029225971018895507 19013
1648779696458 0.027786412574350834 19063
1648779703202 0.028078248620731758 19113
1648779710040 0.03150721841491759 19163
1648779716811 0.030933125858427956 19213
1648779724130 0.02975364212645218 19263
1648779731063 0.02779063767986372 19313
1648779738026 0.03508822941221297 19363
1648779744839 0.0375479686469771 19413
1648779751803 0.02865933032007888 19463
1648779758712 0.029895674753934145 19513
1648779766006 0.03266734516248107 19563
1648779812425 0.02852509798714891 19620
1648779819239 0.02393047114601359 19670
1648779826260 0.027054524968843908 19720
1648779832985 0.023876709677278996 19770
1648779839683 0.0184944980381988 19820
1648779846463 0.03610474657267332 19870
1648779853427 0.02343994755879976 19920
1648779860190 0.027708793714409694 19970
1648779866882 0.020013081388315188 20020
1648779873632 0.022653443154413252 20070
1648779880416 0.025522488257847725 20120
1648779887208 0.02929285949736368 20170
1648779893977 0.026897019566968085 20220
1648779900670 0.02198926564771682 20270
1648779907521 0.04094504651147872 20320
1648779914254 0.03136073346249759 20370
1648779921061 0.0309498991118744 20420
1648779927810 0.026030092434957623 20470
1648779934644 0.02846950197883416 20520
1648779941680 0.029614205338293686 20570
1648779948624 0.02768159480765462 20620
1648779955455 0.028177627520635726 20670
1648779962282 0.02978611892554909 20720
1648779969108 0.02976954134646803 20770
1648779975864 0.029131458902265876 20820
1648779982654 0.03380851687164977 20870
1648779989393 0.03211384103400633 20920
1648779996450 0.03497974932659417 20970
1648780004043 0.032436256525106726 21020
1648780011754 0.033630142053589225 21070
1648780019328 0.01967971938662231 21120
1648780026139 0.023491242923773824 21170
1648780032909 0.024787582637509332 21220
1648780040125 0.02919138179626316 21270
1648780046887 0.021855924378614874 21320
1648780054158 0.019129191528772935 21370
1648780060926 0.027878705492476 21420
1648780067687 0.028751519247889518 21470
1648780074431 0.029371289601549506 21520
1648780121803 0.02654979960003402 21577
1648780128518 0.026309937102487312 21627
1648780135286 0.026109180860221386 21677
1648780143038 0.024541562537197022 21727
1648780149883 0.023849873532308264 21777
1648780156700 0.020504001239314677 21827
1648780164116 0.02153647052793531 21877
1648780170984 0.025375525001436472 21927
1648780177818 0.025999756852397696 21977
1648780184624 0.026265358581440523 22027
1648780191467 0.0275606296537444 22077
1648780198450 0.02062323419726454 22127
1648780205173 0.026827147209551185 22177
1648780212857 0.022803131718537772 22227
1648780221496 0.02345291566569358 22277
1648780228236 0.022649844474508428 22327
1648780235052 0.02240554768126458 22377
1648780241775 0.030655112598324194 22427
1648780248970 0.020283214353257792 22477
1648780255796 0.023868809979176148 22527
1648780262812 0.027583148581907153 22577
1648780269889 0.022444912360515445 22627
1648780276667 0.030597395238582976 22677
1648780283415 0.021944003285025247 22727
1648780290184 0.021108511328930036 22777
1648780296947 0.020552414437988772 22827
1648780304115 0.02811069249524735 22877
1648780310947 0.02621805346105248 22927
1648780317740 0.02093560976907611 22977
1648780324539 0.02752088971901685 23027
1648780331270 0.023377583188703283 23077
1648780338031 0.022015475863590837 23127
1648780344811 0.0253901228972245 23177
1648780351676 0.024069096004241147 23227
1648780358459 0.02396649866364896 23277
1648780365154 0.024429064209107308 23327
1648780372126 0.021619273230899124 23377
1648780379195 0.025869833008619024 23427
1648780385895 0.02456293276976794 23477
