1648776706199 0.21112186573445796 50
1648776712943 0.18302867673337458 100
1648776719755 0.16255029082298278 150
1648776727028 0.18283693432807924 200
1648776734138 0.1685555363446474 250
1648776740793 0.16171337045729162 300
1648776747360 0.1696155270934105 350
1648776754005 0.16441021293401717 400
1648776760630 0.13925372138619424 450
1648776767427 0.15732918173074723 500
1648776774190 0.16881307289004327 550
1648776781053 0.1562520368769765 600
1648776787764 0.1617221477627754 650
1648776795474 0.13504502087831496 700
1648776802141 0.14200397416949273 750
1648776808874 0.1397797991335392 800
1648776816254 0.13022759579122067 850
1648776823260 0.14666959688067435 900
1648776830006 0.1363264847546816 950
1648776836620 0.1460037025809288 1000
1648776843231 0.12727472092956305 1050
1648776849932 0.11940151914954185 1100
1648776856556 0.14137393109500407 1150
1648776863202 0.16393086314201355 1200
1648776870572 0.13051312364637851 1250
1648776878085 0.12860062409192324 1300
1648776884785 0.12835162173956632 1350
1648776891429 0.12963548813015222 1400
1648776898226 0.12881534550338983 1450
1648776905055 0.131715192720294 1500
1648776911826 0.12015926316380501 1550
1648776918759 0.12253794372081757 1600
1648776925871 0.11830112092196941 1650
1648776932607 0.11084224946796895 1700
1648776939688 0.13987727750092746 1750
1648776946702 0.14241137765347958 1800
1648776954105 0.12281412295997143 1850
1648776961518 0.12763631902635098 1900
1648776968930 0.12720575977116824 1950
1648777017355 0.10515560228377581 2007
1648777024269 0.11412495367228985 2057
1648777030967 0.11817069824784994 2107
1648777038036 0.13428570777177812 2157
1648777044740 0.12733864616602658 2207
1648777051554 0.11673495829105378 2257
1648777058279 0.11246654134243726 2307
1648777065154 0.09908642530441285 2357
1648777071879 0.1179210690036416 2407
1648777078996 0.12371158376336097 2457
1648777085701 0.11755458258092404 2507
1648777092406 0.11236880917102099 2557
1648777099093 0.10319690365344286 2607
1648777106026 0.10339194571599364 2657
1648777112931 0.10923891827464104 2707
1648777119736 0.11799355961382389 2757
1648777126534 0.11396718986332416 2807
1648777133467 0.1293253205344081 2857
1648777140348 0.13512983605265616 2907
1648777147231 0.12707098476588727 2957
1648777154026 0.1189253643527627 3007
1648777160877 0.11092074353247881 3057
1648777167732 0.1096407999843359 3107
1648777174612 0.1010436774790287 3157
1648777181733 0.11853053588420152 3207
1648777188548 0.11324061553925276 3257
1648777195329 0.11658750809729099 3307
1648777202021 0.11314552817493677 3357
1648777208877 0.13531999610364437 3407
1648777215691 0.12012553732842207 3457
1648777222336 0.11973147541284561 3507
1648777229017 0.11733669955283403 3557
1648777235619 0.12751388512551784 3607
1648777242278 0.1034532131627202 3657
1648777249097 0.11897948000580072 3707
1648777256736 0.1094858805462718 3757
1648777263558 0.1233919608220458 3807
1648777270232 0.09800423856824636 3857
1648777277151 0.10740865152329207 3907
1648777325378 0.11570495665073395 3964
1648777332147 0.13029889769852163 4014
1648777339281 0.10253694674000144 4064
1648777345949 0.10755533516407013 4114
1648777352970 0.11774392113089562 4164
1648777359934 0.10564929446205497 4214
1648777367460 0.09789773587137461 4264
1648777374264 0.10480863900855183 4314
1648777381202 0.10334871975705028 4364
1648777387969 0.10728013455867767 4414
1648777394512 0.10594969710335135 4464
1648777401234 0.1144225450232625 4514
1648777407989 0.10659527393057942 4564
1648777414858 0.11328626524657011 4614
1648777422839 0.11932872414588928 4664
1648777430185 0.10629431292414665 4714
1648777436936 0.1111896925792098 4764
1648777444095 0.10583437310531735 4814
1648777451222 0.11554829623550177 4864
1648777458238 0.09169283013790847 4914
1648777465559 0.11348281592130662 4964
1648777472200 0.08991744423285127 5014
1648777479090 0.10414852004498243 5064
1648777485824 0.09344082858413458 5114
1648777492542 0.12393389299511909 5164
1648777499502 0.11675283763557673 5214
1648777506460 0.11382166717201471 5264
1648777513241 0.09717357106506824 5314
1648777520055 0.09548135794699192 5364
1648777526866 0.1118649860471487 5414
1648777534405 0.09343368660658598 5464
1648777541480 0.09275076881051064 5514
1648777548570 0.11259271815419197 5564
1648777555326 0.10787676237523555 5614
1648777562062 0.09448692593723536 5664
1648777568802 0.1047885718755424 5714
1648777575520 0.09354050694033504 5764
1648777582397 0.1011733808554709 5814
1648777589146 0.10313279129564762 5864
1648777637094 0.10910138498991728 5921
1648777644362 0.10572831140831113 5971
1648777651465 0.10250356893986463 6021
1648777658584 0.10113702028989792 6071
1648777665290 0.09524714296683669 6121
1648777672686 0.11070189855992794 6171
1648777679383 0.10412539156153798 6221
1648777686118 0.09127242185175419 6271
1648777692949 0.10445041097700596 6321
1648777699864 0.10954459816217423 6371
1648777706599 0.10174095205962658 6421
1648777713418 0.10616308428347111 6471
1648777720715 0.09656944338232279 6521
1648777727424 0.10109689814969897 6571
1648777734774 0.09526036161929369 6621
1648777743214 0.10671827007085084 6671
1648777749998 0.0841953019797802 6721
1648777756633 0.10531633201986551 6771
1648777763619 0.099396314881742 6821
1648777770794 0.1136166026070714 6871
1648777777594 0.09980393052101136 6921
1648777784365 0.10520093988627195 6971
1648777791521 0.09571112003177404 7021
1648777798245 0.09739912614226341 7071
1648777804929 0.1038319632411003 7121
1648777811731 0.0956567232683301 7171
1648777818502 0.10515812467783689 7221
1648777825291 0.11161103930324316 7271
1648777832061 0.1001180013269186 7321
1648777839006 0.09808350228704513 7371
1648777845706 0.09842602828517556 7421
1648777852409 0.09418224655091763 7471
1648777859451 0.10257043082267046 7521
1648777866732 0.10438694402575494 7571
1648777873608 0.10093913637101651 7621
1648777880373 0.10410050878301264 7671
1648777887138 0.112037354670465 7721
1648777894217 0.09517340630292892 7771
1648777901108 0.0965486954152584 7821
1648777949117 0.09577519129961728 7878
1648777956019 0.08343614082783461 7928
1648777964152 0.09124822530895471 7978
1648777970955 0.09818797279149294 8028
1648777977659 0.08727105297148227 8078
1648777984364 0.09550976607948541 8128
1648777991143 0.09513473466038704 8178
1648777997896 0.09338699918240309 8228
1648778004718 0.08845459036529064 8278
1648778011417 0.08361666198819875 8328
1648778018147 0.1135346258059144 8378
1648778024861 0.10228847473859787 8428
1648778031611 0.10985151002183556 8478
1648778038695 0.0975266132131219 8528
1648778045431 0.09809406526386738 8578
1648778052066 0.08958930373191834 8628
1648778058998 0.09910652801394462 8678
1648778065962 0.10865279234945774 8728
1648778072851 0.10093579895794391 8778
1648778079629 0.10184106759727002 8828
1648778086838 0.0936678353510797 8878
1648778093522 0.09999425614252687 8928
1648778100491 0.10880594469606876 8978
1648778107213 0.09573177190497517 9028
1648778114009 0.09237135896459221 9078
1648778120895 0.0950654392503202 9128
1648778127813 0.09133367232978344 9178
1648778134600 0.08883271847851575 9228
1648778141414 0.09857158839702607 9278
1648778148430 0.1060099721699953 9328
1648778155692 0.093095692563802 9378
1648778163620 0.08832151766866446 9428
1648778170410 0.09061738414689899 9478
1648778177477 0.11732420541346072 9528
1648778184768 0.09459361115470528 9578
1648778191619 0.0925318718329072 9628
1648778198443 0.09666846703737975 9678
1648778205336 0.10586689015850424 9728
1648778212270 0.11347587577998638 9778
1648778263058 0.09867695348337292 9835
1648778270494 0.09635841075330973 9885
1648778277338 0.09702199578285217 9935
1648778284073 0.0997973757609725 9985
1648778290837 0.0794915284216404 10035
1648778297530 0.08653787467628718 10085
1648778304383 0.07496110584586858 10135
1648778311177 0.10955933909863233 10185
1648778318020 0.08254598904401064 10235
1648778324824 0.09914432671852409 10285
1648778331565 0.09412797654047608 10335
1648778338249 0.09628053583204746 10385
1648778344950 0.08393524441868067 10435
1648778351746 0.09314917305484414 10485
1648778358869 0.10089856253936887 10535
1648778366439 0.1022781079262495 10585
1648778373667 0.09728951636701823 10635
1648778380277 0.08910500794649125 10685
1648778386949 0.10403217099606991 10735
1648778393758 0.10595447093248367 10785
1648778400584 0.10156857132911683 10835
1648778407413 0.07996503226459026 10885
1648778414245 0.08185279011726379 10935
1648778421005 0.08488462660461664 10985
1648778427984 0.09522062972187996 11035
1648778434938 0.08716637913137674 11085
1648778441755 0.08470894834026695 11135
1648778448486 0.10301233801990747 11185
1648778455271 0.10652051258832217 11235
1648778462448 0.084280487280339 11285
1648778469207 0.09883171798661351 11335
1648778475972 0.09756220223382116 11385
1648778482713 0.08319428369402886 11435
1648778489463 0.08979826215654611 11485
1648778496310 0.09166519958525896 11535
1648778503029 0.09838866014033557 11585
1648778509731 0.08287503561004997 11635
1648778516650 0.10502885311841964 11685
1648778523931 0.09982874901965261 11735
1648778571628 0.0858705927617848 11792
1648778578424 0.10130006641149521 11842
1648778585104 0.09207227300852537 11892
1648778591888 0.09782047737389803 11942
1648778598634 0.09522249503061175 11992
1648778605454 0.09875966282561421 12042
1648778612189 0.08530149647966027 12092
1648778618953 0.07842875743284822 12142
1648778625714 0.0988391999900341 12192
1648778632444 0.09468903143890202 12242
1648778639126 0.09289014130830765 12292
1648778645908 0.09309785597026349 12342
1648778652614 0.09162282364442945 12392
1648778659511 0.0837515557743609 12442
1648778666595 0.09076144505292177 12492
1648778673995 0.08471720926463604 12542
1648778680731 0.08377405159175395 12592
1648778687530 0.09743206888437271 12642
1648778694503 0.0901812032982707 12692
1648778701327 0.09029511725530029 12742
1648778708594 0.09565118230879306 12792
1648778715592 0.08951098009943963 12842
1648778722920 0.0944983417354524 12892
1648778729687 0.06398232070729136 12942
1648778736453 0.08970706047490239 12992
1648778743231 0.10303116995841265 13042
1648778750107 0.0784798576682806 13092
1648778757511 0.07626494958996773 13142
1648778764152 0.08635018020868301 13192
1648778770843 0.08296399589627981 13242
1648778777513 0.10538533937186002 13292
1648778784207 0.08774384431540966 13342
1648778791171 0.09728478379547596 13392
1648778797847 0.09787472523748875 13442
1648778804827 0.09113843025639654 13492
1648778811862 0.10020783744752407 13542
1648778818605 0.08744442667812109 13592
1648778825354 0.09009924037382007 13642
1648778832178 0.09091701053082943 13692
1648778883367 0.0896167078986764 13749
1648778890098 0.08578267261385918 13799
1648778896754 0.0880273262411356 13849
1648778903437 0.08989202054217457 13899
1648778910101 0.0859108174033463 13949
1648778916855 0.09614081624895335 13999
1648778923720 0.09159166363067925 14049
1648778930530 0.07517525639384985 14099
1648778937380 0.07863981753587723 14149
1648778944352 0.0909906506165862 14199
1648778951144 0.09345114201307297 14249
1648778958035 0.08826447140425443 14299
1648778964827 0.09153460897505283 14349
1648778971900 0.09774007959291339 14399
1648778978977 0.09435812145471573 14449
1648778985743 0.08340469682589173 14499
1648778992499 0.07864820694550873 14549
1648778999244 0.09212265830487013 14599
1648779007002 0.0831736459210515 14649
1648779014437 0.07667984986677766 14699
1648779021428 0.0815420169942081 14749
1648779028304 0.08655761651694775 14799
1648779035082 0.08629029184579849 14849
1648779041731 0.07418932165950537 14899
1648779048541 0.10514299301430582 14949
1648779055437 0.08171581210568547 14999
1648779062199 0.08126328576356173 15049
1648779069275 0.10599157836288214 15099
1648779076751 0.08789508339017629 15149
1648779083499 0.09834246259182691 15199
1648779090222 0.08995745304971933 15249
1648779097075 0.08620661545544862 15299
1648779103780 0.0973514473438263 15349
1648779110515 0.08544421909376979 15399
1648779117449 0.09398320350795984 15449
1648779124480 0.09086156209930778 15499
1648779131239 0.10003861378878355 15549
1648779137983 0.08820228699594736 15599
1648779144849 0.08945362757891416 15649
1648779194050 0.08541882935911417 15706
1648779200739 0.08951433876529336 15756
1648779207495 0.08656712736934423 15806
1648779214268 0.08154217701405286 15856
1648779221038 0.08055521270260214 15906
1648779228085 0.07911455245688558 15956
1648779235248 0.06572447784245014 16006
1648779242035 0.08142613152042032 16056
1648779248796 0.0730689119361341 16106
1648779255546 0.08405386192724108 16156
1648779262287 0.08665910186246037 16206
1648779269097 0.07889114832505584 16256
1648779276094 0.08568648181855679 16306
1648779283627 0.07095998853445053 16356
1648779290465 0.06595242209732533 16406
1648779297462 0.07129206134006381 16456
1648779304180 0.08236169055104256 16506
1648779311047 0.0626047284528613 16556
1648779317812 0.07339362686499953 16606
1648779325400 0.08004098569974304 16656
1648779332191 0.08238026699982584 16706
1648779339007 0.06862100854516029 16756
1648779345894 0.07461516818031669 16806
1648779352659 0.060669217370450494 16856
1648779359450 0.0805165155697614 16906
1648779366183 0.0672360139619559 16956
1648779373070 0.06766202382743358 17006
1648779379772 0.07769259070977569 17056
1648779387155 0.0662400502897799 17106
1648779393923 0.0934743886999786 17156
1648779400631 0.08538800967857242 17206
1648779407363 0.07834005801007152 17256
1648779414237 0.05840663547627628 17306
1648779420979 0.07499815426766872 17356
1648779427727 0.07731012800708413 17406
1648779434814 0.06336587212979794 17456
1648779442425 0.06666842235252261 17506
1648779450239 0.07558961698785424 17556
1648779456940 0.06793805919587612 17606
1648779504143 0.08191945474594832 17663
1648779510910 0.07659691387787461 17713
1648779517634 0.07975100791081786 17763
1648779524307 0.0781692492030561 17813
1648779530986 0.07199988861568273 17863
1648779537754 0.0715477522276342 17913
1648779544446 0.07150010360404849 17963
1648779551110 0.07602712888270617 18013
1648779557921 0.06257162250578403 18063
1648779564661 0.07717732833698392 18113
1648779571389 0.06527225240133702 18163
1648779578113 0.07066063205711544 18213
1648779584826 0.07959584336727858 18263
1648779591651 0.07254580796696246 18313
1648779598442 0.07445680364966392 18363
1648779605424 0.06652036037296057 18413
1648779612196 0.08068132204934955 18463
1648779619447 0.08269960289821028 18513
1648779626454 0.06678431419655681 18563
1648779633299 0.059263251647353174 18613
1648779640150 0.07404426594264805 18663
1648779647022 0.074916951097548 18713
1648779654194 0.06984941970556974 18763
1648779661171 0.055429584374651314 18813
1648779668404 0.07170481439679861 18863
1648779675360 0.07649353517219425 18913
1648779682111 0.06430725613608956 18963
1648779689142 0.07544448154978455 19013
1648779696458 0.06551960108801723 19063
1648779703202 0.07118764141574502 19113
1648779710040 0.06921998914331198 19163
1648779716811 0.0694255781173706 19213
1648779724130 0.07339523092843592 19263
1648779731063 0.07541910406202078 19313
1648779738026 0.07315050721168519 19363
1648779744839 0.07907632062211632 19413
1648779751803 0.07420523914508521 19463
1648779758712 0.07242165153846145 19513
1648779766006 0.06804283240810037 19563
1648779812425 0.06854169961065054 19620
1648779819239 0.06737014839425683 19670
1648779826260 0.07431484940461815 19720
1648779832985 0.06773587504401803 19770
1648779839683 0.05877902310341596 19820
1648779846463 0.06728141416795552 19870
1648779853427 0.06434207390993833 19920
1648779860190 0.07152202591300011 19970
1648779866882 0.06388375404290855 20020
1648779873632 0.06290401082485914 20070
1648779880416 0.06949341339059174 20120
1648779887208 0.067668366599828 20170
1648779893977 0.06210765277966857 20220
1648779900670 0.06154763985425234 20270
1648779907521 0.07768136266618968 20320
1648779914254 0.06647504925727844 20370
1648779921061 0.07271616287529468 20420
1648779927810 0.07486834163311869 20470
1648779934644 0.06792033423669636 20520
1648779941680 0.06806225348263979 20570
1648779948624 0.07486305315047502 20620
1648779955455 0.07131106561049819 20670
1648779962282 0.07521097340621054 20720
1648779969108 0.07147610955871642 20770
1648779975864 0.07383797702379524 20820
1648779982654 0.08051325963810087 20870
1648779989393 0.07482765172608197 20920
1648779996450 0.07819346257485449 20970
1648780004043 0.07676296625286341 21020
1648780011754 0.08392641607671976 21070
1648780019328 0.07375349206849932 21120
1648780026139 0.06153788941912353 21170
1648780032909 0.07166160354390741 21220
1648780040125 0.08083887822926045 21270
1648780046887 0.06125949673820287 21320
1648780054158 0.06903311192989349 21370
1648780060926 0.06738611591979861 21420
1648780067687 0.07104546737857163 21470
1648780074431 0.05739783992990852 21520
1648780121803 0.07647189592011273 21577
1648780128518 0.06315408451482654 21627
1648780135286 0.07600323885679244 21677
1648780143038 0.0712944994866848 21727
1648780149883 0.07089940344914794 21777
1648780156700 0.058311830721795556 21827
1648780164116 0.05919570833444596 21877
1648780170984 0.06305014610290527 21927
1648780177818 0.07158413183875383 21977
1648780184624 0.06728405595757067 22027
1648780191467 0.06407081503421068 22077
1648780198450 0.06698471473529935 22127
1648780205173 0.0659021762944758 22177
1648780212857 0.06399271711707115 22227
1648780221496 0.0605124019831419 22277
1648780228236 0.07774580644443631 22327
1648780235052 0.06969927402213216 22377
1648780241775 0.06466857079416513 22427
1648780248970 0.06886466554366052 22477
1648780255796 0.06855362867936492 22527
1648780262812 0.07305948352441191 22577
1648780269889 0.06625952805392445 22627
1648780276667 0.06594645732082427 22677
1648780283415 0.05866366459988057 22727
1648780290184 0.057924706302583215 22777
1648780296947 0.06345527682453395 22827
1648780304115 0.07672312751412391 22877
1648780310947 0.07185795636847615 22927
1648780317740 0.06776786979287863 22977
1648780324539 0.07961852392181754 23027
1648780331270 0.06724658927880228 23077
1648780338031 0.06548160199075938 23127
1648780344811 0.07355433193966747 23177
1648780351676 0.07091211894527077 23227
1648780358459 0.07122282949276268 23277
1648780365154 0.06179168673232198 23327
1648780372126 0.06734887436032296 23377
1648780379195 0.06905122700147331 23427
1648780385895 0.06212270896881819 23477
