1648728690085 4.995100000000008e-06 50
1648728704622 9.990100000000003e-06 100
1648728718029 1.4985100000000007e-05 150
1648728731446 1.9980100000000012e-05 200
1648728744668 2.4975099999999994e-05 250
1648728758925 2.997009999999999e-05 300
1648728772150 3.4965099999999995e-05 350
1648728785267 3.99601e-05 400
1648728798486 4.4955100000000006e-05 450
1648728811461 4.99501e-05 500
1648728824890 5.4945100000000004e-05 550
1648728837942 5.99401e-05 600
1648728852027 6.493510000000001e-05 650
1648728865222 6.99301e-05 700
1648728878555 7.49251e-05 750
1648728891560 7.992010000000001e-05 800
1648728904780 8.49151e-05 850
1648728918172 8.99101e-05 900
1648728931820 9.490510000000001e-05 950
1648728945222 9.990010000000001e-05 1000
1648728958479 0.0001 1050
1648728972021 0.0001 1100
1648728985156 0.0001 1150
1648728998732 0.0001 1200
1648729011950 0.0001 1250
1648729025107 0.0001 1300
1648729038277 0.0001 1350
1648729051505 0.0001 1400
1648729064771 0.0001 1450
1648729078420 0.0001 1500
1648729091558 0.0001 1550
1648729104787 0.0001 1600
1648729117518 0.0001 1650
1648729130883 0.0001 1700
1648729144283 0.0001 1750
1648729157344 0.0001 1800
1648729170538 0.0001 1850
1648729184154 0.0001 1900
1648729198048 0.0001 1950
1648729267254 0.0001 1958
1648729282751 0.0001 2007
1648729296075 0.0001 2057
1648729309391 0.0001 2107
1648729322571 0.0001 2157
1648729335950 0.0001 2207
1648729349163 0.0001 2257
1648729362371 0.0001 2307
1648729375366 0.0001 2357
1648729388651 0.0001 2407
1648729402187 0.0001 2457
1648729415858 0.0001 2507
1648729429264 0.0001 2557
1648729442554 0.0001 2607
1648729455957 0.0001 2657
1648729469595 0.0001 2707
1648729483187 0.0001 2757
1648729496862 0.0001 2807
1648729509679 0.0001 2857
1648729522823 0.0001 2907
1648729536424 0.0001 2957
1648729549933 0.0001 3007
1648729563507 0.0001 3057
1648729576532 0.0001 3107
1648729590054 0.0001 3157
1648729603048 0.0001 3207
1648729616500 0.0001 3257
1648729629820 0.0001 3307
1648729644301 0.0001 3357
1648729657269 0.0001 3407
1648729670663 0.0001 3457
1648729683593 0.0001 3507
1648729697162 0.0001 3557
1648729710584 0.0001 3607
1648729723873 0.0001 3657
1648729736945 0.0001 3707
1648729750044 0.0001 3757
1648729762997 0.0001 3807
1648729776570 0.0001 3857
1648729789910 0.0001 3907
1648729859823 0.0001 3915
1648729875775 0.0001 3964
1648729889179 0.0001 4014
1648729902691 0.0001 4064
1648729915917 0.0001 4114
1648729929476 0.0001 4164
1648729942570 0.0001 4214
1648729955406 0.0001 4264
1648729968195 0.0001 4314
1648729981758 0.0001 4364
1648729995622 0.0001 4414
1648730009581 0.0001 4464
1648730022829 0.0001 4514
1648730036570 0.0001 4564
1648730049504 0.0001 4614
1648730063776 0.0001 4664
1648730076762 0.0001 4714
1648730090177 0.0001 4764
1648730103594 0.0001 4814
1648730117939 0.0001 4864
1648730131644 0.0001 4914
1648730145802 0.0001 4964
1648730158930 0.0001 5014
1648730172380 0.0001 5064
1648730185730 0.0001 5114
1648730198840 0.0001 5164
1648730212053 0.0001 5214
1648730225112 0.0001 5264
1648730239106 0.0001 5314
1648730252223 0.0001 5364
1648730265692 0.0001 5414
1648730279467 0.0001 5464
1648730292675 0.0001 5514
1648730305481 0.0001 5564
1648730318084 0.0001 5614
1648730331296 0.0001 5664
1648730344582 0.0001 5714
1648730357473 0.0001 5764
1648730370732 0.0001 5814
1648730384176 0.0001 5864
1648730456211 0.0001 5872
1648730471979 0.0001 5921
1648730486680 0.0001 5971
1648730500226 0.0001 6021
1648730513884 0.0001 6071
1648730526717 0.0001 6121
1648730539819 0.0001 6171
1648730552970 0.0001 6221
1648730566381 0.0001 6271
1648730579622 0.0001 6321
1648730593075 0.0001 6371
1648730606971 0.0001 6421
1648730620098 0.0001 6471
1648730633393 0.0001 6521
1648730647025 0.0001 6571
1648730660902 0.0001 6621
1648730673813 0.0001 6671
1648730686890 0.0001 6721
1648730700804 0.0001 6771
1648730714351 0.0001 6821
1648730728090 0.0001 6871
1648730741414 0.0001 6921
1648730754492 0.0001 6971
1648730767428 0.0001 7021
1648730780196 0.0001 7071
1648730792877 0.0001 7121
1648730806243 0.0001 7171
1648730819575 0.0001 7221
1648730833125 0.0001 7271
1648730846447 0.0001 7321
1648730859724 0.0001 7371
1648730873022 0.0001 7421
1648730886303 0.0001 7471
1648730899721 0.0001 7521
1648730913057 0.0001 7571
1648730926472 0.0001 7621
1648730939689 0.0001 7671
1648730953011 0.0001 7721
1648730966552 0.0001 7771
1648730980133 0.0001 7821
1648731050326 0.0001 7829
1648731065465 0.0001 7878
1648731078603 0.0001 7928
1648731091871 0.0001 7978
1648731105231 0.0001 8028
1648731118200 0.0001 8078
1648731131803 0.0001 8128
1648731144842 0.0001 8178
1648731158833 0.0001 8228
1648731171766 0.0001 8278
1648731185584 0.0001 8328
1648731198905 0.0001 8378
1648731211689 0.0001 8428
1648731225412 0.0001 8478
1648731239487 0.0001 8528
1648731252893 0.0001 8578
1648731266095 0.0001 8628
1648731279380 0.0001 8678
1648731292629 0.0001 8728
1648731305760 0.0001 8778
1648731319535 0.0001 8828
1648731333079 0.0001 8878
1648731346240 0.0001 8928
1648731359544 0.0001 8978
1648731372644 0.0001 9028
1648731385866 0.0001 9078
1648731399133 0.0001 9128
1648731412378 0.0001 9178
1648731425609 0.0001 9228
1648731438922 0.0001 9278
1648731452830 0.0001 9328
1648731466097 0.0001 9378
1648731479615 0.0001 9428
1648731493502 0.0001 9478
1648731506894 0.0001 9528
1648731519988 0.0001 9578
1648731533596 0.0001 9628
1648731547034 0.0001 9678
1648731560526 0.0001 9728
1648731573769 0.0001 9778
1648731642675 0.0001 9786
1648731657974 0.0001 9835
1648731671144 0.0001 9885
1648731684487 0.0001 9935
1648731697702 0.0001 9985
1648731711068 0.0001 10035
1648731724683 0.0001 10085
1648731739319 0.0001 10135
1648731753127 0.0001 10185
1648731766797 0.0001 10235
1648731780227 0.0001 10285
1648731793438 0.0001 10335
1648731806376 0.0001 10385
1648731818978 0.0001 10435
1648731831984 0.0001 10485
1648731845380 0.0001 10535
1648731858539 0.0001 10585
1648731871920 0.0001 10635
1648731885491 0.0001 10685
1648731898925 0.0001 10735
1648731912360 0.0001 10785
1648731925541 0.0001 10835
1648731938791 0.0001 10885
1648731951943 0.0001 10935
1648731964681 0.0001 10985
1648731978281 0.0001 11035
1648731991708 0.0001 11085
1648732005218 0.0001 11135
1648732018430 0.0001 11185
1648732031957 0.0001 11235
1648732045409 0.0001 11285
1648732058478 0.0001 11335
1648732071420 0.0001 11385
1648732084629 0.0001 11435
1648732097772 0.0001 11485
1648732110968 0.0001 11535
1648732124211 0.0001 11585
1648732136952 0.0001 11635
1648732150472 0.0001 11685
1648732163640 0.0001 11735
1648732233575 0.0001 11743
1648732249127 0.0001 11792
1648732262301 0.0001 11842
1648732276149 0.0001 11892
1648732288988 0.0001 11942
1648732302304 0.0001 11992
1648732315056 0.0001 12042
1648732328287 0.0001 12092
1648732341095 0.0001 12142
1648732354155 0.0001 12192
1648732367713 0.0001 12242
1648732380660 0.0001 12292
1648732393721 0.0001 12342
1648732406244 0.0001 12392
1648732419027 0.0001 12442
1648732431789 0.0001 12492
1648732444657 0.0001 12542
1648732458020 0.0001 12592
1648732471226 0.0001 12642
1648732484137 0.0001 12692
1648732496865 0.0001 12742
1648732509874 0.0001 12792
1648732522708 0.0001 12842
1648732536382 0.0001 12892
1648732549432 0.0001 12942
1648732562489 0.0001 12992
1648732575656 0.0001 13042
1648732589231 0.0001 13092
1648732603414 0.0001 13142
1648732617279 0.0001 13192
1648732630498 0.0001 13242
1648732643496 0.0001 13292
1648732656624 0.0001 13342
1648732669517 0.0001 13392
1648732683505 0.0001 13442
1648732696744 0.0001 13492
1648732709923 0.0001 13542
1648732723024 0.0001 13592
1648732735964 0.0001 13642
1648732749156 0.0001 13692
1648732818271 0.0001 13700
1648732833757 0.0001 13749
1648732846904 0.0001 13799
1648732860278 0.0001 13849
1648732873430 0.0001 13899
1648732886827 0.0001 13949
1648732900339 0.0001 13999
1648732913748 0.0001 14049
1648732926827 0.0001 14099
1648732939900 0.0001 14149
1648732953043 0.0001 14199
1648732966139 0.0001 14249
1648732979064 0.0001 14299
1648732991919 0.0001 14349
1648733004848 0.0001 14399
1648733018114 0.0001 14449
1648733031106 0.0001 14499
1648733044642 0.0001 14549
1648733057836 0.0001 14599
1648733071507 0.0001 14649
1648733085143 0.0001 14699
1648733098449 0.0001 14749
1648733111599 0.0001 14799
1648733124447 0.0001 14849
1648733137576 0.0001 14899
1648733150674 0.0001 14949
1648733163705 0.0001 14999
1648733177120 0.0001 15049
1648733190042 0.0001 15099
1648733203051 0.0001 15149
1648733215962 0.0001 15199
1648733228570 0.0001 15249
1648733241727 0.0001 15299
1648733254805 0.0001 15349
1648733268241 0.0001 15399
1648733281428 0.0001 15449
1648733294304 0.0001 15499
1648733308252 0.0001 15549
1648733321262 0.0001 15599
1648733334660 0.0001 15649
1648733405479 0.0001 15657
1648733421750 1e-05 15706
1648733434678 1e-05 15756
1648733447846 1e-05 15806
1648733461024 1e-05 15856
1648733474169 1e-05 15906
1648733487952 1e-05 15956
1648733501004 1e-05 16006
1648733514039 1e-05 16056
1648733527428 1e-05 16106
1648733540427 1e-05 16156
1648733553383 1e-05 16206
1648733566305 1e-05 16256
1648733579431 1e-05 16306
1648733592856 1e-05 16356
1648733605852 1e-05 16406
1648733618814 1e-05 16456
1648733632370 1e-05 16506
1648733646262 1e-05 16556
1648733659213 1e-05 16606
1648733672251 1e-05 16656
1648733685662 1e-05 16706
1648733699006 1e-05 16756
1648733712318 1e-05 16806
1648733725944 1e-05 16856
1648733739461 1e-05 16906
1648733752731 1e-05 16956
1648733765706 1e-05 17006
1648733778598 1e-05 17056
1648733791882 1e-05 17106
1648733805083 1e-05 17156
1648733818366 1e-05 17206
1648733831510 1e-05 17256
1648733844331 1e-05 17306
1648733857265 1e-05 17356
1648733870256 1e-05 17406
1648733883649 1e-05 17456
1648733896664 1e-05 17506
1648733909382 1e-05 17556
1648733922916 1e-05 17606
1648733992127 1e-05 17614
1648734007644 1e-05 17663
1648734020847 1e-05 17713
1648734034280 1e-05 17763
1648734047241 1e-05 17813
1648734060303 1e-05 17863
1648734073306 1e-05 17913
1648734085911 1e-05 17963
1648734098915 1e-05 18013
1648734111949 1e-05 18063
1648734125102 1e-05 18113
1648734138562 1e-05 18163
1648734151800 1e-05 18213
1648734165116 1e-05 18263
1648734178547 1e-05 18313
1648734191510 1e-05 18363
1648734204471 1e-05 18413
1648734217540 1e-05 18463
1648734230219 1e-05 18513
1648734243343 1e-05 18563
1648734256202 1e-05 18613
1648734269334 1e-05 18663
1648734282793 1e-05 18713
1648734295811 1e-05 18763
1648734308894 1e-05 18813
1648734322338 1e-05 18863
1648734335791 1e-05 18913
1648734348730 1e-05 18963
1648734362141 1e-05 19013
1648734375190 1e-05 19063
1648734388139 1e-05 19113
1648734401423 1e-05 19163
1648734414524 1e-05 19213
1648734427741 1e-05 19263
1648734440687 1e-05 19313
1648734453799 1e-05 19363
1648734467070 1e-05 19413
1648734480217 1e-05 19463
1648734493597 1e-05 19513
1648734506914 1e-05 19563
1648734575869 1e-05 19571
1648734591789 1e-05 19620
1648734604665 1e-05 19670
1648734618068 1e-05 19720
1648734631957 1e-05 19770
1648734644827 1e-05 19820
1648734657733 1e-05 19870
1648734670885 1e-05 19920
1648734684026 1e-05 19970
1648734697154 1e-05 20020
1648734710123 1e-05 20070
1648734723194 1e-05 20120
1648734736333 1e-05 20170
1648734749279 1e-05 20220
1648734762853 1e-05 20270
1648734776167 1e-05 20320
1648734789396 1e-05 20370
1648734802288 1e-05 20420
1648734815746 1e-05 20470
1648734828988 1e-05 20520
1648734841639 1e-05 20570
1648734854594 1e-05 20620
1648734867810 1e-05 20670
1648734880884 1e-05 20720
1648734894176 1e-05 20770
1648734907819 1e-05 20820
1648734921140 1e-05 20870
1648734934276 1e-05 20920
1648734947741 1e-05 20970
1648734960990 1e-05 21020
1648734973992 1e-05 21070
1648734987464 1e-05 21120
1648735000640 1e-05 21170
1648735013709 1e-05 21220
1648735027077 1e-05 21270
1648735040009 1e-05 21320
1648735052831 1e-05 21370
1648735065978 1e-05 21420
1648735078829 1e-05 21470
1648735092045 1e-05 21520
1648735161831 1e-05 21528
1648735177631 1.0000000000000002e-06 21577
1648735191239 1.0000000000000002e-06 21627
1648735204452 1.0000000000000002e-06 21677
1648735217816 1.0000000000000002e-06 21727
1648735230990 1.0000000000000002e-06 21777
1648735243983 1.0000000000000002e-06 21827
1648735256883 1.0000000000000002e-06 21877
1648735270165 1.0000000000000002e-06 21927
1648735283211 1.0000000000000002e-06 21977
1648735296673 1.0000000000000002e-06 22027
1648735309844 1.0000000000000002e-06 22077
1648735322852 1.0000000000000002e-06 22127
1648735336083 1.0000000000000002e-06 22177
1648735349495 1.0000000000000002e-06 22227
1648735362474 1.0000000000000002e-06 22277
1648735375890 1.0000000000000002e-06 22327
1648735388997 1.0000000000000002e-06 22377
1648735402154 1.0000000000000002e-06 22427
1648735415291 1.0000000000000002e-06 22477
1648735428888 1.0000000000000002e-06 22527
1648735442228 1.0000000000000002e-06 22577
1648735455235 1.0000000000000002e-06 22627
1648735468474 1.0000000000000002e-06 22677
1648735481780 1.0000000000000002e-06 22727
1648735494816 1.0000000000000002e-06 22777
1648735508417 1.0000000000000002e-06 22827
1648735521650 1.0000000000000002e-06 22877
1648735535037 1.0000000000000002e-06 22927
1648735548850 1.0000000000000002e-06 22977
1648735562189 1.0000000000000002e-06 23027
1648735576124 1.0000000000000002e-06 23077
1648735589293 1.0000000000000002e-06 23127
1648735602364 1.0000000000000002e-06 23177
1648735615996 1.0000000000000002e-06 23227
1648735628717 1.0000000000000002e-06 23277
1648735641664 1.0000000000000002e-06 23327
1648735655277 1.0000000000000002e-06 23377
1648735668329 1.0000000000000002e-06 23427
1648735681627 1.0000000000000002e-06 23477
1648735752104 1.0000000000000002e-06 23485
