1648728690085 0.9 50
1648728704622 0.9 100
1648728718029 0.9 150
1648728731446 0.9 200
1648728744668 0.9 250
1648728758925 0.9 300
1648728772150 0.9 350
1648728785267 0.9 400
1648728798486 0.9 450
1648728811461 0.9 500
1648728824890 0.9 550
1648728837942 0.9 600
1648728852027 0.9 650
1648728865222 0.9 700
1648728878555 0.9 750
1648728891560 0.9 800
1648728904780 0.9 850
1648728918172 0.9 900
1648728931820 0.9 950
1648728945222 0.9 1000
1648728958479 0.9 1050
1648728972021 0.9 1100
1648728985156 0.9 1150
1648728998732 0.9 1200
1648729011950 0.9 1250
1648729025107 0.9 1300
1648729038277 0.9 1350
1648729051505 0.9 1400
1648729064771 0.9 1450
1648729078420 0.9 1500
1648729091558 0.9 1550
1648729104787 0.9 1600
1648729117518 0.9 1650
1648729130883 0.9 1700
1648729144283 0.9 1750
1648729157344 0.9 1800
1648729170538 0.9 1850
1648729184154 0.9 1900
1648729198048 0.9 1950
1648729267254 0.9 1958
1648729282751 0.9 2007
1648729296075 0.9 2057
1648729309391 0.9 2107
1648729322571 0.9 2157
1648729335950 0.9 2207
1648729349163 0.9 2257
1648729362371 0.9 2307
1648729375366 0.9 2357
1648729388651 0.9 2407
1648729402187 0.9 2457
1648729415858 0.9 2507
1648729429264 0.9 2557
1648729442554 0.9 2607
1648729455957 0.9 2657
1648729469595 0.9 2707
1648729483187 0.9 2757
1648729496862 0.9 2807
1648729509679 0.9 2857
1648729522823 0.9 2907
1648729536424 0.9 2957
1648729549933 0.9 3007
1648729563507 0.9 3057
1648729576532 0.9 3107
1648729590054 0.9 3157
1648729603048 0.9 3207
1648729616500 0.9 3257
1648729629820 0.9 3307
1648729644301 0.9 3357
1648729657269 0.9 3407
1648729670663 0.9 3457
1648729683593 0.9 3507
1648729697162 0.9 3557
1648729710584 0.9 3607
1648729723873 0.9 3657
1648729736945 0.9 3707
1648729750044 0.9 3757
1648729762997 0.9 3807
1648729776570 0.9 3857
1648729789910 0.9 3907
1648729859823 0.9 3915
1648729875775 0.9 3964
1648729889179 0.9 4014
1648729902691 0.9 4064
1648729915917 0.9 4114
1648729929476 0.9 4164
1648729942570 0.9 4214
1648729955406 0.9 4264
1648729968195 0.9 4314
1648729981758 0.9 4364
1648729995622 0.9 4414
1648730009581 0.9 4464
1648730022829 0.9 4514
1648730036570 0.9 4564
1648730049504 0.9 4614
1648730063776 0.9 4664
1648730076762 0.9 4714
1648730090177 0.9 4764
1648730103594 0.9 4814
1648730117939 0.9 4864
1648730131644 0.9 4914
1648730145802 0.9 4964
1648730158930 0.9 5014
1648730172380 0.9 5064
1648730185730 0.9 5114
1648730198840 0.9 5164
1648730212053 0.9 5214
1648730225112 0.9 5264
1648730239106 0.9 5314
1648730252223 0.9 5364
1648730265692 0.9 5414
1648730279467 0.9 5464
1648730292675 0.9 5514
1648730305481 0.9 5564
1648730318084 0.9 5614
1648730331296 0.9 5664
1648730344582 0.9 5714
1648730357473 0.9 5764
1648730370732 0.9 5814
1648730384176 0.9 5864
1648730456211 0.9 5872
1648730471979 0.9 5921
1648730486680 0.9 5971
1648730500226 0.9 6021
1648730513884 0.9 6071
1648730526717 0.9 6121
1648730539819 0.9 6171
1648730552970 0.9 6221
1648730566381 0.9 6271
1648730579622 0.9 6321
1648730593075 0.9 6371
1648730606971 0.9 6421
1648730620098 0.9 6471
1648730633393 0.9 6521
1648730647025 0.9 6571
1648730660902 0.9 6621
1648730673813 0.9 6671
1648730686890 0.9 6721
1648730700804 0.9 6771
1648730714351 0.9 6821
1648730728090 0.9 6871
1648730741414 0.9 6921
1648730754492 0.9 6971
1648730767428 0.9 7021
1648730780196 0.9 7071
1648730792877 0.9 7121
1648730806243 0.9 7171
1648730819575 0.9 7221
1648730833125 0.9 7271
1648730846447 0.9 7321
1648730859724 0.9 7371
1648730873022 0.9 7421
1648730886303 0.9 7471
1648730899721 0.9 7521
1648730913057 0.9 7571
1648730926472 0.9 7621
1648730939689 0.9 7671
1648730953011 0.9 7721
1648730966552 0.9 7771
1648730980133 0.9 7821
1648731050326 0.9 7829
1648731065465 0.9 7878
1648731078603 0.9 7928
1648731091871 0.9 7978
1648731105231 0.9 8028
1648731118200 0.9 8078
1648731131803 0.9 8128
1648731144842 0.9 8178
1648731158833 0.9 8228
1648731171766 0.9 8278
1648731185584 0.9 8328
1648731198905 0.9 8378
1648731211689 0.9 8428
1648731225412 0.9 8478
1648731239487 0.9 8528
1648731252893 0.9 8578
1648731266095 0.9 8628
1648731279380 0.9 8678
1648731292629 0.9 8728
1648731305760 0.9 8778
1648731319535 0.9 8828
1648731333079 0.9 8878
1648731346240 0.9 8928
1648731359544 0.9 8978
1648731372644 0.9 9028
1648731385866 0.9 9078
1648731399133 0.9 9128
1648731412378 0.9 9178
1648731425609 0.9 9228
1648731438922 0.9 9278
1648731452830 0.9 9328
1648731466097 0.9 9378
1648731479615 0.9 9428
1648731493502 0.9 9478
1648731506894 0.9 9528
1648731519988 0.9 9578
1648731533596 0.9 9628
1648731547034 0.9 9678
1648731560526 0.9 9728
1648731573769 0.9 9778
1648731642675 0.9 9786
1648731657974 0.9 9835
1648731671144 0.9 9885
1648731684487 0.9 9935
1648731697702 0.9 9985
1648731711068 0.9 10035
1648731724683 0.9 10085
1648731739319 0.9 10135
1648731753127 0.9 10185
1648731766797 0.9 10235
1648731780227 0.9 10285
1648731793438 0.9 10335
1648731806376 0.9 10385
1648731818978 0.9 10435
1648731831984 0.9 10485
1648731845380 0.9 10535
1648731858539 0.9 10585
1648731871920 0.9 10635
1648731885491 0.9 10685
1648731898925 0.9 10735
1648731912360 0.9 10785
1648731925541 0.9 10835
1648731938791 0.9 10885
1648731951943 0.9 10935
1648731964681 0.9 10985
1648731978281 0.9 11035
1648731991708 0.9 11085
1648732005218 0.9 11135
1648732018430 0.9 11185
1648732031957 0.9 11235
1648732045409 0.9 11285
1648732058478 0.9 11335
1648732071420 0.9 11385
1648732084629 0.9 11435
1648732097772 0.9 11485
1648732110968 0.9 11535
1648732124211 0.9 11585
1648732136952 0.9 11635
1648732150472 0.9 11685
1648732163640 0.9 11735
1648732233575 0.9 11743
1648732249127 0.9 11792
1648732262301 0.9 11842
1648732276149 0.9 11892
1648732288988 0.9 11942
1648732302304 0.9 11992
1648732315056 0.9 12042
1648732328287 0.9 12092
1648732341095 0.9 12142
1648732354155 0.9 12192
1648732367713 0.9 12242
1648732380660 0.9 12292
1648732393721 0.9 12342
1648732406244 0.9 12392
1648732419027 0.9 12442
1648732431789 0.9 12492
1648732444657 0.9 12542
1648732458020 0.9 12592
1648732471226 0.9 12642
1648732484137 0.9 12692
1648732496865 0.9 12742
1648732509874 0.9 12792
1648732522708 0.9 12842
1648732536382 0.9 12892
1648732549432 0.9 12942
1648732562489 0.9 12992
1648732575656 0.9 13042
1648732589231 0.9 13092
1648732603414 0.9 13142
1648732617279 0.9 13192
1648732630498 0.9 13242
1648732643496 0.9 13292
1648732656624 0.9 13342
1648732669517 0.9 13392
1648732683505 0.9 13442
1648732696744 0.9 13492
1648732709923 0.9 13542
1648732723024 0.9 13592
1648732735964 0.9 13642
1648732749156 0.9 13692
1648732818271 0.9 13700
1648732833757 0.9 13749
1648732846904 0.9 13799
1648732860278 0.9 13849
1648732873430 0.9 13899
1648732886827 0.9 13949
1648732900339 0.9 13999
1648732913748 0.9 14049
1648732926827 0.9 14099
1648732939900 0.9 14149
1648732953043 0.9 14199
1648732966139 0.9 14249
1648732979064 0.9 14299
1648732991919 0.9 14349
1648733004848 0.9 14399
1648733018114 0.9 14449
1648733031106 0.9 14499
1648733044642 0.9 14549
1648733057836 0.9 14599
1648733071507 0.9 14649
1648733085143 0.9 14699
1648733098449 0.9 14749
1648733111599 0.9 14799
1648733124447 0.9 14849
1648733137576 0.9 14899
1648733150674 0.9 14949
1648733163705 0.9 14999
1648733177120 0.9 15049
1648733190042 0.9 15099
1648733203051 0.9 15149
1648733215962 0.9 15199
1648733228570 0.9 15249
1648733241727 0.9 15299
1648733254805 0.9 15349
1648733268241 0.9 15399
1648733281428 0.9 15449
1648733294304 0.9 15499
1648733308252 0.9 15549
1648733321262 0.9 15599
1648733334660 0.9 15649
1648733405479 0.9 15657
1648733421750 0.9 15706
1648733434678 0.9 15756
1648733447846 0.9 15806
1648733461024 0.9 15856
1648733474169 0.9 15906
1648733487952 0.9 15956
1648733501004 0.9 16006
1648733514039 0.9 16056
1648733527428 0.9 16106
1648733540427 0.9 16156
1648733553383 0.9 16206
1648733566305 0.9 16256
1648733579431 0.9 16306
1648733592856 0.9 16356
1648733605852 0.9 16406
1648733618814 0.9 16456
1648733632370 0.9 16506
1648733646262 0.9 16556
1648733659213 0.9 16606
1648733672251 0.9 16656
1648733685662 0.9 16706
1648733699006 0.9 16756
1648733712318 0.9 16806
1648733725944 0.9 16856
1648733739461 0.9 16906
1648733752731 0.9 16956
1648733765706 0.9 17006
1648733778598 0.9 17056
1648733791882 0.9 17106
1648733805083 0.9 17156
1648733818366 0.9 17206
1648733831510 0.9 17256
1648733844331 0.9 17306
1648733857265 0.9 17356
1648733870256 0.9 17406
1648733883649 0.9 17456
1648733896664 0.9 17506
1648733909382 0.9 17556
1648733922916 0.9 17606
1648733992127 0.9 17614
1648734007644 0.9 17663
1648734020847 0.9 17713
1648734034280 0.9 17763
1648734047241 0.9 17813
1648734060303 0.9 17863
1648734073306 0.9 17913
1648734085911 0.9 17963
1648734098915 0.9 18013
1648734111949 0.9 18063
1648734125102 0.9 18113
1648734138562 0.9 18163
1648734151800 0.9 18213
1648734165116 0.9 18263
1648734178547 0.9 18313
1648734191510 0.9 18363
1648734204471 0.9 18413
1648734217540 0.9 18463
1648734230219 0.9 18513
1648734243343 0.9 18563
1648734256202 0.9 18613
1648734269334 0.9 18663
1648734282793 0.9 18713
1648734295811 0.9 18763
1648734308894 0.9 18813
1648734322338 0.9 18863
1648734335791 0.9 18913
1648734348730 0.9 18963
1648734362141 0.9 19013
1648734375190 0.9 19063
1648734388139 0.9 19113
1648734401423 0.9 19163
1648734414524 0.9 19213
1648734427741 0.9 19263
1648734440687 0.9 19313
1648734453799 0.9 19363
1648734467070 0.9 19413
1648734480217 0.9 19463
1648734493597 0.9 19513
1648734506914 0.9 19563
1648734575869 0.9 19571
1648734591789 0.9 19620
1648734604665 0.9 19670
1648734618068 0.9 19720
1648734631957 0.9 19770
1648734644827 0.9 19820
1648734657733 0.9 19870
1648734670885 0.9 19920
1648734684026 0.9 19970
1648734697154 0.9 20020
1648734710123 0.9 20070
1648734723194 0.9 20120
1648734736333 0.9 20170
1648734749279 0.9 20220
1648734762853 0.9 20270
1648734776167 0.9 20320
1648734789396 0.9 20370
1648734802288 0.9 20420
1648734815746 0.9 20470
1648734828988 0.9 20520
1648734841639 0.9 20570
1648734854594 0.9 20620
1648734867810 0.9 20670
1648734880884 0.9 20720
1648734894176 0.9 20770
1648734907819 0.9 20820
1648734921140 0.9 20870
1648734934276 0.9 20920
1648734947741 0.9 20970
1648734960990 0.9 21020
1648734973992 0.9 21070
1648734987464 0.9 21120
1648735000640 0.9 21170
1648735013709 0.9 21220
1648735027077 0.9 21270
1648735040009 0.9 21320
1648735052831 0.9 21370
1648735065978 0.9 21420
1648735078829 0.9 21470
1648735092045 0.9 21520
1648735161831 0.9 21528
1648735177631 0.9 21577
1648735191239 0.9 21627
1648735204452 0.9 21677
1648735217816 0.9 21727
1648735230990 0.9 21777
1648735243983 0.9 21827
1648735256883 0.9 21877
1648735270165 0.9 21927
1648735283211 0.9 21977
1648735296673 0.9 22027
1648735309844 0.9 22077
1648735322852 0.9 22127
1648735336083 0.9 22177
1648735349495 0.9 22227
1648735362474 0.9 22277
1648735375890 0.9 22327
1648735388997 0.9 22377
1648735402154 0.9 22427
1648735415291 0.9 22477
1648735428888 0.9 22527
1648735442228 0.9 22577
1648735455235 0.9 22627
1648735468474 0.9 22677
1648735481780 0.9 22727
1648735494816 0.9 22777
1648735508417 0.9 22827
1648735521650 0.9 22877
1648735535037 0.9 22927
1648735548850 0.9 22977
1648735562189 0.9 23027
1648735576124 0.9 23077
1648735589293 0.9 23127
1648735602364 0.9 23177
1648735615996 0.9 23227
1648735628717 0.9 23277
1648735641664 0.9 23327
1648735655277 0.9 23377
1648735668329 0.9 23427
1648735681627 0.9 23477
1648735752104 0.9 23485
