1648630011202 4.995100000000008e-06 50
1648630025084 9.990100000000003e-06 100
1648630038927 1.4985100000000007e-05 150
1648630052073 1.9980100000000012e-05 200
1648630065681 2.4975099999999994e-05 250
1648630079202 2.997009999999999e-05 300
1648630093096 3.4965099999999995e-05 350
1648630106598 3.99601e-05 400
1648630120402 4.4955100000000006e-05 450
1648630134013 4.99501e-05 500
1648630147690 5.4945100000000004e-05 550
1648630160960 5.99401e-05 600
1648630174255 6.493510000000001e-05 650
1648630187736 6.99301e-05 700
1648630201768 7.49251e-05 750
1648630214634 7.992010000000001e-05 800
1648630227774 8.49151e-05 850
1648630241475 8.99101e-05 900
1648630254785 9.490510000000001e-05 950
1648630267976 9.990010000000001e-05 1000
1648630281339 0.0001 1050
1648630294473 0.0001 1100
1648630307709 0.0001 1150
1648630321549 0.0001 1200
1648630335223 0.0001 1250
1648630348699 0.0001 1300
1648630362008 0.0001 1350
1648630375496 0.0001 1400
1648630388331 0.0001 1450
1648630401763 0.0001 1500
1648630415131 0.0001 1550
1648630428014 0.0001 1600
1648630441543 0.0001 1650
1648630455175 0.0001 1700
1648630468550 0.0001 1750
1648630481874 0.0001 1800
1648630495073 0.0001 1850
1648630508244 0.0001 1900
1648630521543 0.0001 1950
1648630592646 0.0001 1958
1648630609550 0.0001 2007
1648630622753 0.0001 2057
1648630636043 0.0001 2107
1648630649467 0.0001 2157
1648630662660 0.0001 2207
1648630676020 0.0001 2257
1648630689356 0.0001 2307
1648630703005 0.0001 2357
1648630716091 0.0001 2407
1648630729214 0.0001 2457
1648630742855 0.0001 2507
1648630756778 0.0001 2557
1648630769941 0.0001 2607
1648630783486 0.0001 2657
1648630797200 0.0001 2707
1648630810663 0.0001 2757
1648630823848 0.0001 2807
1648630837357 0.0001 2857
1648630850918 0.0001 2907
1648630863737 0.0001 2957
1648630876892 0.0001 3007
1648630890298 0.0001 3057
1648630903481 0.0001 3107
1648630917026 0.0001 3157
1648630930028 0.0001 3207
1648630943666 0.0001 3257
1648630956908 0.0001 3307
1648630970167 0.0001 3357
1648630983353 0.0001 3407
1648630996444 0.0001 3457
1648631009737 0.0001 3507
1648631023139 0.0001 3557
1648631036750 0.0001 3607
1648631050200 0.0001 3657
1648631063831 0.0001 3707
1648631076947 0.0001 3757
1648631090273 0.0001 3807
1648631104073 0.0001 3857
1648631117432 0.0001 3907
1648631187187 0.0001 3915
1648631203134 0.0001 3964
1648631216442 0.0001 4014
1648631230117 0.0001 4064
1648631243570 0.0001 4114
1648631257000 0.0001 4164
1648631270178 0.0001 4214
1648631283772 0.0001 4264
1648631297330 0.0001 4314
1648631310845 0.0001 4364
1648631324355 0.0001 4414
1648631337613 0.0001 4464
1648631350719 0.0001 4514
1648631364343 0.0001 4564
1648631377769 0.0001 4614
1648631391542 0.0001 4664
1648631405254 0.0001 4714
1648631418556 0.0001 4764
1648631432106 0.0001 4814
1648631445276 0.0001 4864
1648631458664 0.0001 4914
1648631472478 0.0001 4964
1648631485551 0.0001 5014
1648631498907 0.0001 5064
1648631512429 0.0001 5114
1648631525517 0.0001 5164
1648631538789 0.0001 5214
1648631552021 0.0001 5264
1648631565232 0.0001 5314
1648631578602 0.0001 5364
1648631592088 0.0001 5414
1648631605507 0.0001 5464
1648631618880 0.0001 5514
1648631632520 0.0001 5564
1648631645707 0.0001 5614
1648631659104 0.0001 5664
1648631672103 0.0001 5714
1648631685461 0.0001 5764
1648631698472 0.0001 5814
1648631712076 0.0001 5864
1648631782013 0.0001 5872
1648631797871 0.0001 5921
1648631811658 0.0001 5971
1648631825068 0.0001 6021
1648631838111 0.0001 6071
1648631851659 0.0001 6121
1648631864855 0.0001 6171
1648631877991 0.0001 6221
1648631891201 0.0001 6271
1648631904878 0.0001 6321
1648631918066 0.0001 6371
1648631931266 0.0001 6421
1648631944462 0.0001 6471
1648631957894 0.0001 6521
1648631971136 0.0001 6571
1648631984583 0.0001 6621
1648631997596 0.0001 6671
1648632010673 0.0001 6721
1648632023866 0.0001 6771
1648632037245 0.0001 6821
1648632050428 0.0001 6871
1648632063997 0.0001 6921
1648632077107 0.0001 6971
1648632090480 0.0001 7021
1648632103412 0.0001 7071
1648632116444 0.0001 7121
1648632129738 0.0001 7171
1648632143436 0.0001 7221
1648632157070 0.0001 7271
1648632170206 0.0001 7321
1648632183642 0.0001 7371
1648632196812 0.0001 7421
1648632209982 0.0001 7471
1648632223325 0.0001 7521
1648632237641 0.0001 7571
1648632251195 0.0001 7621
1648632264564 0.0001 7671
1648632278019 0.0001 7721
1648632291457 0.0001 7771
1648632305436 0.0001 7821
1648632375894 0.0001 7829
1648632391554 0.0001 7878
1648632404777 0.0001 7928
1648632418151 0.0001 7978
1648632431221 0.0001 8028
1648632444308 0.0001 8078
1648632457595 0.0001 8128
1648632470967 0.0001 8178
1648632484154 0.0001 8228
1648632497810 0.0001 8278
1648632511219 0.0001 8328
1648632524961 0.0001 8378
1648632538214 0.0001 8428
1648632551329 0.0001 8478
1648632564606 0.0001 8528
1648632577934 0.0001 8578
1648632591217 0.0001 8628
1648632604860 0.0001 8678
1648632618169 0.0001 8728
1648632631480 0.0001 8778
1648632644757 0.0001 8828
1648632657998 0.0001 8878
1648632670965 0.0001 8928
1648632684539 0.0001 8978
1648632698237 0.0001 9028
1648632711922 0.0001 9078
1648632725214 0.0001 9128
1648632738200 0.0001 9178
1648632752087 0.0001 9228
1648632765484 0.0001 9278
1648632778955 0.0001 9328
1648632792206 0.0001 9378
1648632805986 0.0001 9428
1648632819088 0.0001 9478
1648632833078 0.0001 9528
1648632846785 0.0001 9578
1648632859749 0.0001 9628
1648632872828 0.0001 9678
1648632885958 0.0001 9728
1648632898814 0.0001 9778
1648632968669 0.0001 9786
1648632984209 0.0001 9835
1648632997591 0.0001 9885
1648633010471 0.0001 9935
1648633023332 0.0001 9985
1648633036825 0.0001 10035
1648633049897 0.0001 10085
1648633062916 0.0001 10135
1648633075914 0.0001 10185
1648633089110 0.0001 10235
1648633102020 0.0001 10285
1648633115319 0.0001 10335
1648633128262 0.0001 10385
1648633141280 0.0001 10435
1648633154017 0.0001 10485
1648633167019 0.0001 10535
1648633180150 0.0001 10585
1648633192955 0.0001 10635
1648633205957 0.0001 10685
1648633219104 0.0001 10735
1648633231813 0.0001 10785
1648633244687 0.0001 10835
1648633257755 0.0001 10885
1648633270862 0.0001 10935
1648633283923 0.0001 10985
1648633297057 0.0001 11035
1648633310503 0.0001 11085
1648633323303 0.0001 11135
1648633336345 0.0001 11185
1648633349361 0.0001 11235
1648633363035 0.0001 11285
1648633376598 0.0001 11335
1648633390147 0.0001 11385
1648633403625 0.0001 11435
1648633417041 0.0001 11485
1648633430284 0.0001 11535
1648633443316 0.0001 11585
1648633456244 0.0001 11635
1648633469116 0.0001 11685
1648633482229 0.0001 11735
1648633552123 0.0001 11743
1648633567536 0.0001 11792
1648633580563 0.0001 11842
1648633593243 0.0001 11892
1648633606362 0.0001 11942
1648633619072 0.0001 11992
1648633632215 0.0001 12042
1648633645597 0.0001 12092
1648633658330 0.0001 12142
1648633671324 0.0001 12192
1648633684281 0.0001 12242
1648633697127 0.0001 12292
1648633710248 0.0001 12342
1648633723120 0.0001 12392
1648633736042 0.0001 12442
1648633749111 0.0001 12492
1648633761767 0.0001 12542
1648633774627 0.0001 12592
1648633787444 0.0001 12642
1648633800387 0.0001 12692
1648633813357 0.0001 12742
1648633826322 0.0001 12792
1648633839359 0.0001 12842
1648633852249 0.0001 12892
1648633865350 0.0001 12942
1648633878327 0.0001 12992
1648633891138 0.0001 13042
1648633904166 0.0001 13092
1648633917647 0.0001 13142
1648633930866 0.0001 13192
1648633943688 0.0001 13242
1648633956655 0.0001 13292
1648633969254 0.0001 13342
1648633982361 0.0001 13392
1648633995694 0.0001 13442
1648634008813 0.0001 13492
1648634022107 0.0001 13542
1648634035240 0.0001 13592
1648634048200 0.0001 13642
1648634061509 0.0001 13692
1648634129667 0.0001 13700
1648634145552 0.0001 13749
1648634158706 0.0001 13799
1648634171598 0.0001 13849
1648634184320 0.0001 13899
1648634197276 0.0001 13949
1648634210052 0.0001 13999
1648634223285 0.0001 14049
1648634236371 0.0001 14099
1648634249403 0.0001 14149
1648634262744 0.0001 14199
1648634275685 0.0001 14249
1648634288509 0.0001 14299
1648634301517 0.0001 14349
1648634314561 0.0001 14399
1648634327564 0.0001 14449
1648634340224 0.0001 14499
1648634353199 0.0001 14549
1648634366284 0.0001 14599
1648634379393 0.0001 14649
1648634392266 0.0001 14699
1648634405346 0.0001 14749
1648634418439 0.0001 14799
1648634431127 0.0001 14849
1648634444329 0.0001 14899
1648634457541 0.0001 14949
1648634470595 0.0001 14999
1648634483475 0.0001 15049
1648634496413 0.0001 15099
1648634509408 0.0001 15149
1648634523070 0.0001 15199
1648634536024 0.0001 15249
1648634549269 0.0001 15299
1648634562090 0.0001 15349
1648634575471 0.0001 15399
1648634588845 0.0001 15449
1648634602143 0.0001 15499
1648634614913 0.0001 15549
1648634627776 0.0001 15599
1648634640609 0.0001 15649
1648634709648 0.0001 15657
1648634725452 1e-05 15706
1648634738506 1e-05 15756
1648634751575 1e-05 15806
1648634764663 1e-05 15856
1648634777599 1e-05 15906
1648634790412 1e-05 15956
1648634803316 1e-05 16006
1648634816150 1e-05 16056
1648634829516 1e-05 16106
1648634842327 1e-05 16156
1648634855087 1e-05 16206
1648634868029 1e-05 16256
1648634881181 1e-05 16306
1648634894259 1e-05 16356
1648634907684 1e-05 16406
1648634920796 1e-05 16456
1648634933722 1e-05 16506
1648634946942 1e-05 16556
1648634959965 1e-05 16606
1648634972812 1e-05 16656
1648634985934 1e-05 16706
1648634998705 1e-05 16756
1648635011660 1e-05 16806
1648635024989 1e-05 16856
1648635038195 1e-05 16906
1648635051457 1e-05 16956
1648635064573 1e-05 17006
1648635077853 1e-05 17056
1648635090560 1e-05 17106
1648635103437 1e-05 17156
1648635116463 1e-05 17206
1648635129785 1e-05 17256
1648635142798 1e-05 17306
1648635156046 1e-05 17356
1648635169030 1e-05 17406
1648635182405 1e-05 17456
1648635195564 1e-05 17506
1648635208781 1e-05 17556
1648635222343 1e-05 17606
1648635289688 1e-05 17614
1648635305177 1e-05 17663
1648635317996 1e-05 17713
1648635331123 1e-05 17763
1648635344259 1e-05 17813
1648635357125 1e-05 17863
1648635370033 1e-05 17913
1648635382877 1e-05 17963
1648635395504 1e-05 18013
1648635408179 1e-05 18063
1648635421042 1e-05 18113
1648635433935 1e-05 18163
1648635446961 1e-05 18213
1648635459925 1e-05 18263
1648635473033 1e-05 18313
1648635485851 1e-05 18363
1648635498966 1e-05 18413
1648635512119 1e-05 18463
1648635525064 1e-05 18513
1648635537730 1e-05 18563
1648635550777 1e-05 18613
1648635564056 1e-05 18663
1648635577189 1e-05 18713
1648635590261 1e-05 18763
1648635603428 1e-05 18813
1648635616155 1e-05 18863
1648635628940 1e-05 18913
1648635641877 1e-05 18963
1648635654697 1e-05 19013
1648635667929 1e-05 19063
1648635680850 1e-05 19113
1648635693773 1e-05 19163
1648635706694 1e-05 19213
1648635719647 1e-05 19263
1648635732633 1e-05 19313
1648635745800 1e-05 19363
1648635758566 1e-05 19413
1648635771576 1e-05 19463
1648635784305 1e-05 19513
1648635797306 1e-05 19563
1648635864831 1e-05 19571
1648635880201 1e-05 19620
1648635893398 1e-05 19670
1648635906279 1e-05 19720
1648635918957 1e-05 19770
1648635931832 1e-05 19820
1648635944714 1e-05 19870
1648635957794 1e-05 19920
1648635970858 1e-05 19970
1648635983776 1e-05 20020
1648635996533 1e-05 20070
1648636009260 1e-05 20120
1648636023007 1e-05 20170
1648636036279 1e-05 20220
1648636050043 1e-05 20270
1648636063058 1e-05 20320
1648636076454 1e-05 20370
1648636090064 1e-05 20420
1648636103283 1e-05 20470
1648636116373 1e-05 20520
1648636129066 1e-05 20570
1648636142312 1e-05 20620
1648636155418 1e-05 20670
1648636168755 1e-05 20720
1648636181690 1e-05 20770
1648636194656 1e-05 20820
1648636207795 1e-05 20870
1648636220775 1e-05 20920
1648636234015 1e-05 20970
1648636246755 1e-05 21020
1648636259633 1e-05 21070
1648636272728 1e-05 21120
1648636285789 1e-05 21170
1648636298857 1e-05 21220
1648636311685 1e-05 21270
1648636324883 1e-05 21320
1648636337940 1e-05 21370
1648636350755 1e-05 21420
1648636363445 1e-05 21470
1648636376412 1e-05 21520
1648636445362 1e-05 21528
1648636461047 1.0000000000000002e-06 21577
1648636474008 1.0000000000000002e-06 21627
1648636487148 1.0000000000000002e-06 21677
1648636500272 1.0000000000000002e-06 21727
1648636513123 1.0000000000000002e-06 21777
1648636526077 1.0000000000000002e-06 21827
1648636539265 1.0000000000000002e-06 21877
1648636552216 1.0000000000000002e-06 21927
1648636565564 1.0000000000000002e-06 21977
1648636578696 1.0000000000000002e-06 22027
1648636591531 1.0000000000000002e-06 22077
1648636604615 1.0000000000000002e-06 22127
1648636617755 1.0000000000000002e-06 22177
1648636630357 1.0000000000000002e-06 22227
1648636643152 1.0000000000000002e-06 22277
1648636656089 1.0000000000000002e-06 22327
1648636668975 1.0000000000000002e-06 22377
1648636682414 1.0000000000000002e-06 22427
1648636695570 1.0000000000000002e-06 22477
1648636708518 1.0000000000000002e-06 22527
1648636721447 1.0000000000000002e-06 22577
1648636734262 1.0000000000000002e-06 22627
1648636747334 1.0000000000000002e-06 22677
1648636760283 1.0000000000000002e-06 22727
1648636773180 1.0000000000000002e-06 22777
1648636786378 1.0000000000000002e-06 22827
1648636799324 1.0000000000000002e-06 22877
1648636812797 1.0000000000000002e-06 22927
1648636826377 1.0000000000000002e-06 22977
1648636840960 1.0000000000000002e-06 23027
1648636854268 1.0000000000000002e-06 23077
1648636867610 1.0000000000000002e-06 23127
1648636880386 1.0000000000000002e-06 23177
1648636892998 1.0000000000000002e-06 23227
1648636905818 1.0000000000000002e-06 23277
1648636918980 1.0000000000000002e-06 23327
1648636932016 1.0000000000000002e-06 23377
1648636944999 1.0000000000000002e-06 23427
1648636957947 1.0000000000000002e-06 23477
1648637025412 1.0000000000000002e-06 23485
