1648630011202 0.9 50
1648630025084 0.9 100
1648630038927 0.9 150
1648630052073 0.9 200
1648630065681 0.9 250
1648630079202 0.9 300
1648630093096 0.9 350
1648630106598 0.9 400
1648630120402 0.9 450
1648630134013 0.9 500
1648630147690 0.9 550
1648630160960 0.9 600
1648630174255 0.9 650
1648630187736 0.9 700
1648630201768 0.9 750
1648630214634 0.9 800
1648630227774 0.9 850
1648630241475 0.9 900
1648630254785 0.9 950
1648630267976 0.9 1000
1648630281339 0.9 1050
1648630294473 0.9 1100
1648630307709 0.9 1150
1648630321549 0.9 1200
1648630335223 0.9 1250
1648630348699 0.9 1300
1648630362008 0.9 1350
1648630375496 0.9 1400
1648630388331 0.9 1450
1648630401763 0.9 1500
1648630415131 0.9 1550
1648630428014 0.9 1600
1648630441543 0.9 1650
1648630455175 0.9 1700
1648630468550 0.9 1750
1648630481874 0.9 1800
1648630495073 0.9 1850
1648630508244 0.9 1900
1648630521543 0.9 1950
1648630592646 0.9 1958
1648630609550 0.9 2007
1648630622753 0.9 2057
1648630636043 0.9 2107
1648630649467 0.9 2157
1648630662660 0.9 2207
1648630676020 0.9 2257
1648630689356 0.9 2307
1648630703005 0.9 2357
1648630716091 0.9 2407
1648630729214 0.9 2457
1648630742855 0.9 2507
1648630756778 0.9 2557
1648630769941 0.9 2607
1648630783486 0.9 2657
1648630797200 0.9 2707
1648630810663 0.9 2757
1648630823848 0.9 2807
1648630837357 0.9 2857
1648630850918 0.9 2907
1648630863737 0.9 2957
1648630876892 0.9 3007
1648630890298 0.9 3057
1648630903481 0.9 3107
1648630917026 0.9 3157
1648630930028 0.9 3207
1648630943666 0.9 3257
1648630956908 0.9 3307
1648630970167 0.9 3357
1648630983353 0.9 3407
1648630996444 0.9 3457
1648631009737 0.9 3507
1648631023139 0.9 3557
1648631036750 0.9 3607
1648631050200 0.9 3657
1648631063831 0.9 3707
1648631076947 0.9 3757
1648631090273 0.9 3807
1648631104073 0.9 3857
1648631117432 0.9 3907
1648631187187 0.9 3915
1648631203134 0.9 3964
1648631216442 0.9 4014
1648631230117 0.9 4064
1648631243570 0.9 4114
1648631257000 0.9 4164
1648631270178 0.9 4214
1648631283772 0.9 4264
1648631297330 0.9 4314
1648631310845 0.9 4364
1648631324355 0.9 4414
1648631337613 0.9 4464
1648631350719 0.9 4514
1648631364343 0.9 4564
1648631377769 0.9 4614
1648631391542 0.9 4664
1648631405254 0.9 4714
1648631418556 0.9 4764
1648631432106 0.9 4814
1648631445276 0.9 4864
1648631458664 0.9 4914
1648631472478 0.9 4964
1648631485551 0.9 5014
1648631498907 0.9 5064
1648631512429 0.9 5114
1648631525517 0.9 5164
1648631538789 0.9 5214
1648631552021 0.9 5264
1648631565232 0.9 5314
1648631578602 0.9 5364
1648631592088 0.9 5414
1648631605507 0.9 5464
1648631618880 0.9 5514
1648631632520 0.9 5564
1648631645707 0.9 5614
1648631659104 0.9 5664
1648631672103 0.9 5714
1648631685461 0.9 5764
1648631698472 0.9 5814
1648631712076 0.9 5864
1648631782013 0.9 5872
1648631797871 0.9 5921
1648631811658 0.9 5971
1648631825068 0.9 6021
1648631838111 0.9 6071
1648631851659 0.9 6121
1648631864855 0.9 6171
1648631877991 0.9 6221
1648631891201 0.9 6271
1648631904878 0.9 6321
1648631918066 0.9 6371
1648631931266 0.9 6421
1648631944462 0.9 6471
1648631957894 0.9 6521
1648631971136 0.9 6571
1648631984583 0.9 6621
1648631997596 0.9 6671
1648632010673 0.9 6721
1648632023866 0.9 6771
1648632037245 0.9 6821
1648632050428 0.9 6871
1648632063997 0.9 6921
1648632077107 0.9 6971
1648632090480 0.9 7021
1648632103412 0.9 7071
1648632116444 0.9 7121
1648632129738 0.9 7171
1648632143436 0.9 7221
1648632157070 0.9 7271
1648632170206 0.9 7321
1648632183642 0.9 7371
1648632196812 0.9 7421
1648632209982 0.9 7471
1648632223325 0.9 7521
1648632237641 0.9 7571
1648632251195 0.9 7621
1648632264564 0.9 7671
1648632278019 0.9 7721
1648632291457 0.9 7771
1648632305436 0.9 7821
1648632375894 0.9 7829
1648632391554 0.9 7878
1648632404777 0.9 7928
1648632418151 0.9 7978
1648632431221 0.9 8028
1648632444308 0.9 8078
1648632457595 0.9 8128
1648632470967 0.9 8178
1648632484154 0.9 8228
1648632497810 0.9 8278
1648632511219 0.9 8328
1648632524961 0.9 8378
1648632538214 0.9 8428
1648632551329 0.9 8478
1648632564606 0.9 8528
1648632577934 0.9 8578
1648632591217 0.9 8628
1648632604860 0.9 8678
1648632618169 0.9 8728
1648632631480 0.9 8778
1648632644757 0.9 8828
1648632657998 0.9 8878
1648632670965 0.9 8928
1648632684539 0.9 8978
1648632698237 0.9 9028
1648632711922 0.9 9078
1648632725214 0.9 9128
1648632738200 0.9 9178
1648632752087 0.9 9228
1648632765484 0.9 9278
1648632778955 0.9 9328
1648632792206 0.9 9378
1648632805986 0.9 9428
1648632819088 0.9 9478
1648632833078 0.9 9528
1648632846785 0.9 9578
1648632859749 0.9 9628
1648632872828 0.9 9678
1648632885958 0.9 9728
1648632898814 0.9 9778
1648632968669 0.9 9786
1648632984209 0.9 9835
1648632997591 0.9 9885
1648633010471 0.9 9935
1648633023332 0.9 9985
1648633036825 0.9 10035
1648633049897 0.9 10085
1648633062916 0.9 10135
1648633075914 0.9 10185
1648633089110 0.9 10235
1648633102020 0.9 10285
1648633115319 0.9 10335
1648633128262 0.9 10385
1648633141280 0.9 10435
1648633154017 0.9 10485
1648633167019 0.9 10535
1648633180150 0.9 10585
1648633192955 0.9 10635
1648633205957 0.9 10685
1648633219104 0.9 10735
1648633231813 0.9 10785
1648633244687 0.9 10835
1648633257755 0.9 10885
1648633270862 0.9 10935
1648633283923 0.9 10985
1648633297057 0.9 11035
1648633310503 0.9 11085
1648633323303 0.9 11135
1648633336345 0.9 11185
1648633349361 0.9 11235
1648633363035 0.9 11285
1648633376598 0.9 11335
1648633390147 0.9 11385
1648633403625 0.9 11435
1648633417041 0.9 11485
1648633430284 0.9 11535
1648633443316 0.9 11585
1648633456244 0.9 11635
1648633469116 0.9 11685
1648633482229 0.9 11735
1648633552123 0.9 11743
1648633567536 0.9 11792
1648633580563 0.9 11842
1648633593243 0.9 11892
1648633606362 0.9 11942
1648633619072 0.9 11992
1648633632215 0.9 12042
1648633645597 0.9 12092
1648633658330 0.9 12142
1648633671324 0.9 12192
1648633684281 0.9 12242
1648633697127 0.9 12292
1648633710248 0.9 12342
1648633723120 0.9 12392
1648633736042 0.9 12442
1648633749111 0.9 12492
1648633761767 0.9 12542
1648633774627 0.9 12592
1648633787444 0.9 12642
1648633800387 0.9 12692
1648633813357 0.9 12742
1648633826322 0.9 12792
1648633839359 0.9 12842
1648633852249 0.9 12892
1648633865350 0.9 12942
1648633878327 0.9 12992
1648633891138 0.9 13042
1648633904166 0.9 13092
1648633917647 0.9 13142
1648633930866 0.9 13192
1648633943688 0.9 13242
1648633956655 0.9 13292
1648633969254 0.9 13342
1648633982361 0.9 13392
1648633995694 0.9 13442
1648634008813 0.9 13492
1648634022107 0.9 13542
1648634035240 0.9 13592
1648634048200 0.9 13642
1648634061509 0.9 13692
1648634129667 0.9 13700
1648634145552 0.9 13749
1648634158706 0.9 13799
1648634171598 0.9 13849
1648634184320 0.9 13899
1648634197276 0.9 13949
1648634210052 0.9 13999
1648634223285 0.9 14049
1648634236371 0.9 14099
1648634249403 0.9 14149
1648634262744 0.9 14199
1648634275685 0.9 14249
1648634288509 0.9 14299
1648634301517 0.9 14349
1648634314561 0.9 14399
1648634327564 0.9 14449
1648634340224 0.9 14499
1648634353199 0.9 14549
1648634366284 0.9 14599
1648634379393 0.9 14649
1648634392266 0.9 14699
1648634405346 0.9 14749
1648634418439 0.9 14799
1648634431127 0.9 14849
1648634444329 0.9 14899
1648634457541 0.9 14949
1648634470595 0.9 14999
1648634483475 0.9 15049
1648634496413 0.9 15099
1648634509408 0.9 15149
1648634523070 0.9 15199
1648634536024 0.9 15249
1648634549269 0.9 15299
1648634562090 0.9 15349
1648634575471 0.9 15399
1648634588845 0.9 15449
1648634602143 0.9 15499
1648634614913 0.9 15549
1648634627776 0.9 15599
1648634640609 0.9 15649
1648634709648 0.9 15657
1648634725452 0.9 15706
1648634738506 0.9 15756
1648634751575 0.9 15806
1648634764663 0.9 15856
1648634777599 0.9 15906
1648634790412 0.9 15956
1648634803316 0.9 16006
1648634816150 0.9 16056
1648634829516 0.9 16106
1648634842327 0.9 16156
1648634855087 0.9 16206
1648634868029 0.9 16256
1648634881181 0.9 16306
1648634894259 0.9 16356
1648634907684 0.9 16406
1648634920796 0.9 16456
1648634933722 0.9 16506
1648634946942 0.9 16556
1648634959965 0.9 16606
1648634972812 0.9 16656
1648634985934 0.9 16706
1648634998705 0.9 16756
1648635011660 0.9 16806
1648635024989 0.9 16856
1648635038195 0.9 16906
1648635051457 0.9 16956
1648635064573 0.9 17006
1648635077853 0.9 17056
1648635090560 0.9 17106
1648635103437 0.9 17156
1648635116463 0.9 17206
1648635129785 0.9 17256
1648635142798 0.9 17306
1648635156046 0.9 17356
1648635169030 0.9 17406
1648635182405 0.9 17456
1648635195564 0.9 17506
1648635208781 0.9 17556
1648635222343 0.9 17606
1648635289688 0.9 17614
1648635305177 0.9 17663
1648635317996 0.9 17713
1648635331123 0.9 17763
1648635344259 0.9 17813
1648635357125 0.9 17863
1648635370033 0.9 17913
1648635382877 0.9 17963
1648635395504 0.9 18013
1648635408179 0.9 18063
1648635421042 0.9 18113
1648635433935 0.9 18163
1648635446961 0.9 18213
1648635459925 0.9 18263
1648635473033 0.9 18313
1648635485851 0.9 18363
1648635498966 0.9 18413
1648635512119 0.9 18463
1648635525064 0.9 18513
1648635537730 0.9 18563
1648635550777 0.9 18613
1648635564056 0.9 18663
1648635577189 0.9 18713
1648635590261 0.9 18763
1648635603428 0.9 18813
1648635616155 0.9 18863
1648635628940 0.9 18913
1648635641877 0.9 18963
1648635654697 0.9 19013
1648635667929 0.9 19063
1648635680850 0.9 19113
1648635693773 0.9 19163
1648635706694 0.9 19213
1648635719647 0.9 19263
1648635732633 0.9 19313
1648635745800 0.9 19363
1648635758566 0.9 19413
1648635771576 0.9 19463
1648635784305 0.9 19513
1648635797306 0.9 19563
1648635864831 0.9 19571
1648635880201 0.9 19620
1648635893398 0.9 19670
1648635906279 0.9 19720
1648635918957 0.9 19770
1648635931832 0.9 19820
1648635944714 0.9 19870
1648635957794 0.9 19920
1648635970858 0.9 19970
1648635983776 0.9 20020
1648635996533 0.9 20070
1648636009260 0.9 20120
1648636023007 0.9 20170
1648636036279 0.9 20220
1648636050043 0.9 20270
1648636063058 0.9 20320
1648636076454 0.9 20370
1648636090064 0.9 20420
1648636103283 0.9 20470
1648636116373 0.9 20520
1648636129066 0.9 20570
1648636142312 0.9 20620
1648636155418 0.9 20670
1648636168755 0.9 20720
1648636181690 0.9 20770
1648636194656 0.9 20820
1648636207795 0.9 20870
1648636220775 0.9 20920
1648636234015 0.9 20970
1648636246755 0.9 21020
1648636259633 0.9 21070
1648636272728 0.9 21120
1648636285789 0.9 21170
1648636298857 0.9 21220
1648636311685 0.9 21270
1648636324883 0.9 21320
1648636337940 0.9 21370
1648636350755 0.9 21420
1648636363445 0.9 21470
1648636376412 0.9 21520
1648636445362 0.9 21528
1648636461047 0.9 21577
1648636474008 0.9 21627
1648636487148 0.9 21677
1648636500272 0.9 21727
1648636513123 0.9 21777
1648636526077 0.9 21827
1648636539265 0.9 21877
1648636552216 0.9 21927
1648636565564 0.9 21977
1648636578696 0.9 22027
1648636591531 0.9 22077
1648636604615 0.9 22127
1648636617755 0.9 22177
1648636630357 0.9 22227
1648636643152 0.9 22277
1648636656089 0.9 22327
1648636668975 0.9 22377
1648636682414 0.9 22427
1648636695570 0.9 22477
1648636708518 0.9 22527
1648636721447 0.9 22577
1648636734262 0.9 22627
1648636747334 0.9 22677
1648636760283 0.9 22727
1648636773180 0.9 22777
1648636786378 0.9 22827
1648636799324 0.9 22877
1648636812797 0.9 22927
1648636826377 0.9 22977
1648636840960 0.9 23027
1648636854268 0.9 23077
1648636867610 0.9 23127
1648636880386 0.9 23177
1648636892998 0.9 23227
1648636905818 0.9 23277
1648636918980 0.9 23327
1648636932016 0.9 23377
1648636944999 0.9 23427
1648636957947 0.9 23477
1648637025412 0.9 23485
