1649170911550 4.995100000000008e-06 50
1649170981282 9.990100000000003e-06 100
1649171051478 1.4985100000000007e-05 150
1649171121230 1.9980100000000012e-05 200
1649171192047 2.4975099999999994e-05 250
1649171262425 2.997009999999999e-05 300
1649171331930 3.4965099999999995e-05 350
1649171402561 3.99601e-05 400
1649171473010 4.4955100000000006e-05 450
1649171543668 4.99501e-05 500
1649171614376 5.4945100000000004e-05 550
1649171684617 5.99401e-05 600
1649171754626 6.493510000000001e-05 650
1649171824982 6.99301e-05 700
1649171895128 7.49251e-05 750
1649171965671 7.992010000000001e-05 800
1649172035731 8.49151e-05 850
1649172105867 8.99101e-05 900
1649172175553 9.490510000000001e-05 950
1649172245541 9.990010000000001e-05 1000
1649172315997 0.0001 1050
1649172386350 0.0001 1100
1649172456597 0.0001 1150
1649172526943 0.0001 1200
1649172597364 0.0001 1250
1649172667538 0.0001 1300
1649172737411 0.0001 1350
1649172807706 0.0001 1400
1649172877469 0.0001 1450
1649172947293 0.0001 1500
1649173018332 0.0001 1550
1649173088952 0.0001 1600
1649173159080 0.0001 1650
1649173229228 0.0001 1700
1649173299530 0.0001 1750
1649173370250 0.0001 1800
1649173440584 0.0001 1850
1649173510547 0.0001 1900
1649173581504 0.0001 1950
1649173815677 0.0001 1952
1649173888826 0.0001 2001
1649173958631 0.0001 2051
1649174028849 0.0001 2101
1649174098526 0.0001 2151
1649174169083 0.0001 2201
1649174239023 0.0001 2251
1649174309737 0.0001 2301
1649174379608 0.0001 2351
1649174449324 0.0001 2401
1649174519162 0.0001 2451
1649174589199 0.0001 2501
1649174659849 0.0001 2551
1649174730068 0.0001 2601
1649174800297 0.0001 2651
1649174871080 0.0001 2701
1649174941436 0.0001 2751
1649175011861 0.0001 2801
1649175082214 0.0001 2851
1649175152358 0.0001 2901
1649175221870 0.0001 2951
1649175292255 0.0001 3001
1649175362242 0.0001 3051
1649175432730 0.0001 3101
1649175503510 0.0001 3151
1649175573734 0.0001 3201
1649175644045 0.0001 3251
1649175714482 0.0001 3301
1649175785459 0.0001 3351
1649175855548 0.0001 3401
1649175925796 0.0001 3451
1649175996108 0.0001 3501
1649176066683 0.0001 3551
1649176136835 0.0001 3601
1649176207225 0.0001 3651
1649176277123 0.0001 3701
1649176347042 0.0001 3751
1649176417467 0.0001 3801
1649176487668 0.0001 3851
1649176558116 0.0001 3901
1649176800837 0.0001 3903
1649176873568 0.0001 3952
1649176943904 0.0001 4002
1649177014704 0.0001 4052
1649177084700 0.0001 4102
1649177154812 0.0001 4152
1649177225085 0.0001 4202
1649177295209 0.0001 4252
1649177365419 0.0001 4302
1649177435862 0.0001 4352
1649177506325 0.0001 4402
1649177577166 0.0001 4452
1649177647609 0.0001 4502
1649177717639 0.0001 4552
1649177787516 0.0001 4602
1649177857708 0.0001 4652
1649177928007 0.0001 4702
1649177998982 0.0001 4752
1649178068811 0.0001 4802
1649178139199 0.0001 4852
1649178209268 0.0001 4902
1649178278882 0.0001 4952
1649178349300 0.0001 5002
1649178419156 0.0001 5052
1649178489148 0.0001 5102
1649178558556 0.0001 5152
1649178628923 0.0001 5202
1649178699459 0.0001 5252
1649178769411 0.0001 5302
1649178839619 0.0001 5352
1649178909982 0.0001 5402
1649178979682 0.0001 5452
1649179049835 0.0001 5502
1649179119846 0.0001 5552
1649179189901 0.0001 5602
1649179260232 0.0001 5652
1649179330710 0.0001 5702
1649179400648 0.0001 5752
1649179471069 0.0001 5802
1649179541050 0.0001 5852
1649179775983 0.0001 5854
1649179848737 0.0001 5903
