1649170911550 0.9 50
1649170981282 0.9 100
1649171051478 0.9 150
1649171121230 0.9 200
1649171192047 0.9 250
1649171262425 0.9 300
1649171331930 0.9 350
1649171402561 0.9 400
1649171473010 0.9 450
1649171543668 0.9 500
1649171614376 0.9 550
1649171684617 0.9 600
1649171754626 0.9 650
1649171824982 0.9 700
1649171895128 0.9 750
1649171965671 0.9 800
1649172035731 0.9 850
1649172105867 0.9 900
1649172175553 0.9 950
1649172245541 0.9 1000
1649172315997 0.9 1050
1649172386350 0.9 1100
1649172456597 0.9 1150
1649172526943 0.9 1200
1649172597364 0.9 1250
1649172667538 0.9 1300
1649172737411 0.9 1350
1649172807706 0.9 1400
1649172877469 0.9 1450
1649172947293 0.9 1500
1649173018332 0.9 1550
1649173088952 0.9 1600
1649173159080 0.9 1650
1649173229228 0.9 1700
1649173299530 0.9 1750
1649173370250 0.9 1800
1649173440584 0.9 1850
1649173510547 0.9 1900
1649173581504 0.9 1950
1649173815677 0.9 1952
1649173888826 0.9 2001
1649173958631 0.9 2051
1649174028849 0.9 2101
1649174098526 0.9 2151
1649174169083 0.9 2201
1649174239023 0.9 2251
1649174309737 0.9 2301
1649174379608 0.9 2351
1649174449324 0.9 2401
1649174519162 0.9 2451
1649174589199 0.9 2501
1649174659849 0.9 2551
1649174730068 0.9 2601
1649174800297 0.9 2651
1649174871080 0.9 2701
1649174941436 0.9 2751
1649175011861 0.9 2801
1649175082214 0.9 2851
1649175152358 0.9 2901
1649175221870 0.9 2951
1649175292255 0.9 3001
1649175362242 0.9 3051
1649175432730 0.9 3101
1649175503510 0.9 3151
1649175573734 0.9 3201
1649175644045 0.9 3251
1649175714482 0.9 3301
1649175785459 0.9 3351
1649175855548 0.9 3401
1649175925796 0.9 3451
1649175996108 0.9 3501
1649176066683 0.9 3551
1649176136835 0.9 3601
1649176207225 0.9 3651
1649176277123 0.9 3701
1649176347042 0.9 3751
1649176417467 0.9 3801
1649176487668 0.9 3851
1649176558116 0.9 3901
1649176800837 0.9 3903
1649176873568 0.9 3952
1649176943904 0.9 4002
1649177014704 0.9 4052
1649177084700 0.9 4102
1649177154812 0.9 4152
1649177225085 0.9 4202
1649177295209 0.9 4252
1649177365419 0.9 4302
1649177435862 0.9 4352
1649177506325 0.9 4402
1649177577166 0.9 4452
1649177647609 0.9 4502
1649177717639 0.9 4552
1649177787516 0.9 4602
1649177857708 0.9 4652
1649177928007 0.9 4702
1649177998982 0.9 4752
1649178068811 0.9 4802
1649178139199 0.9 4852
1649178209268 0.9 4902
1649178278882 0.9 4952
1649178349300 0.9 5002
1649178419156 0.9 5052
1649178489148 0.9 5102
1649178558556 0.9 5152
1649178628923 0.9 5202
1649178699459 0.9 5252
1649178769411 0.9 5302
1649178839619 0.9 5352
1649178909982 0.9 5402
1649178979682 0.9 5452
1649179049835 0.9 5502
1649179119846 0.9 5552
1649179189901 0.9 5602
1649179260232 0.9 5652
1649179330710 0.9 5702
1649179400648 0.9 5752
1649179471069 0.9 5802
1649179541050 0.9 5852
1649179775983 0.9 5854
1649179848737 0.9 5903
