1649180497293 1.9980100000000012e-05 200
1649180908455 3.99601e-05 400
1649181320329 5.99401e-05 600
1649181730111 7.992010000000001e-05 800
1649182138985 9.990010000000001e-05 1000
1649182548761 0.0001 1200
1649182989467 0.0001 1302
1649183403318 0.0001 1501
1649183810612 0.0001 1701
1649184221472 0.0001 1901
1649184630711 0.0001 2101
1649185041935 0.0001 2301
1649185450113 0.0001 2501
1649185897554 0.0001 2603
1649186308765 0.0001 2802
1649186719283 0.0001 3002
1649187128507 0.0001 3202
1649187535647 0.0001 3402
1649187944410 0.0001 3602
1649188354866 0.0001 3802
1649188796153 0.0001 3904
1649189207553 0.0001 4103
1649189616475 0.0001 4303
1649190026974 0.0001 4503
1649190435070 0.0001 4703
1649190845173 0.0001 4903
1649191254578 0.0001 5103
1649191702656 0.0001 5205
1649192115627 0.0001 5404
1649192525457 0.0001 5604
1649192934115 0.0001 5804
1649193343455 0.0001 6004
1649193754469 0.0001 6204
1649194163980 0.0001 6404
1649194601997 0.0001 6506
1649195013036 0.0001 6705
1649195421302 0.0001 6905
1649195829790 0.0001 7105
1649196237551 0.0001 7305
1649196647210 0.0001 7505
1649197054813 0.0001 7705
1649197503795 0.0001 7807
1649197916037 0.0001 8006
1649198325648 0.0001 8206
1649198733934 0.0001 8406
1649199141784 0.0001 8606
1649199552116 0.0001 8806
1649199958176 0.0001 9006
1649200396151 0.0001 9108
1649200806613 0.0001 9307
1649201215170 0.0001 9507
1649201624593 0.0001 9707
1649202033784 0.0001 9907
1649202444330 0.0001 10107
1649202852397 0.0001 10307
1649203300340 0.0001 10409
1649203712146 0.0001 10608
1649204121737 0.0001 10808
1649204531319 0.0001 11008
1649204938370 0.0001 11208
1649205348143 0.0001 11408
1649205756760 0.0001 11608
1649206194666 0.0001 11710
1649206607020 0.0001 11909
1649207015663 0.0001 12109
1649207424652 0.0001 12309
1649207833920 0.0001 12509
1649208243238 0.0001 12709
1649208650785 0.0001 12909
1649209098503 0.0001 13011
1649209509976 1e-05 13210
1649209920300 1e-05 13410
1649210328126 1e-05 13610
1649210736299 1e-05 13810
1649211142526 1e-05 14010
1649211548821 1e-05 14210
1649211985647 1e-05 14312
1649212397315 1e-05 14511
1649212804076 1e-05 14711
1649213210303 1e-05 14911
1649213616963 1e-05 15111
1649214025123 1e-05 15311
1649214432259 1e-05 15511
1649214877397 1e-05 15613
1649215289204 1e-05 15812
1649215696870 1e-05 16012
1649216104813 1e-05 16212
1649216512974 1e-05 16412
1649216922948 1e-05 16612
1649217329269 1e-05 16812
1649217765084 1e-05 16914
1649218174353 1e-05 17113
1649218582345 1e-05 17313
1649218990232 1e-05 17513
1649219395959 1e-05 17713
1649219805372 1e-05 17913
1649220211521 1e-05 18113
1649220657258 1e-05 18215
1649221067729 1e-05 18414
1649221476911 1e-05 18614
1649221885868 1e-05 18814
1649222293467 1e-05 19014
1649222700827 1e-05 19214
1649223108116 1e-05 19414
1649223542593 1e-05 19516
1649223951238 1e-05 19715
1649224360396 1e-05 19915
1649224768003 1e-05 20115
1649225176199 1e-05 20315
1649225583120 1e-05 20515
1649225988417 1e-05 20715
1649226433125 1e-05 20817
1649226843465 1.0000000000000002e-06 21016
1649227251137 1.0000000000000002e-06 21216
1649227659802 1.0000000000000002e-06 21416
