1649180497293 0.9 200
1649180908455 0.9 400
1649181320329 0.9 600
1649181730111 0.9 800
1649182138985 0.9 1000
1649182548761 0.9 1200
1649182989467 0.9 1302
1649183403318 0.9 1501
1649183810612 0.9 1701
1649184221472 0.9 1901
1649184630711 0.9 2101
1649185041935 0.9 2301
1649185450113 0.9 2501
1649185897554 0.9 2603
1649186308765 0.9 2802
1649186719283 0.9 3002
1649187128507 0.9 3202
1649187535647 0.9 3402
1649187944410 0.9 3602
1649188354866 0.9 3802
1649188796153 0.9 3904
1649189207553 0.9 4103
1649189616475 0.9 4303
1649190026974 0.9 4503
1649190435070 0.9 4703
1649190845173 0.9 4903
1649191254578 0.9 5103
1649191702656 0.9 5205
1649192115627 0.9 5404
1649192525457 0.9 5604
1649192934115 0.9 5804
1649193343455 0.9 6004
1649193754469 0.9 6204
1649194163980 0.9 6404
1649194601997 0.9 6506
1649195013036 0.9 6705
1649195421302 0.9 6905
1649195829790 0.9 7105
1649196237551 0.9 7305
1649196647210 0.9 7505
1649197054813 0.9 7705
1649197503795 0.9 7807
1649197916037 0.9 8006
1649198325648 0.9 8206
1649198733934 0.9 8406
1649199141784 0.9 8606
1649199552116 0.9 8806
1649199958176 0.9 9006
1649200396151 0.9 9108
1649200806613 0.9 9307
1649201215170 0.9 9507
1649201624593 0.9 9707
1649202033784 0.9 9907
1649202444330 0.9 10107
1649202852397 0.9 10307
1649203300340 0.9 10409
1649203712146 0.9 10608
1649204121737 0.9 10808
1649204531319 0.9 11008
1649204938370 0.9 11208
1649205348143 0.9 11408
1649205756760 0.9 11608
1649206194666 0.9 11710
1649206607020 0.9 11909
1649207015663 0.9 12109
1649207424652 0.9 12309
1649207833920 0.9 12509
1649208243238 0.9 12709
1649208650785 0.9 12909
1649209098503 0.9 13011
1649209509976 0.9 13210
1649209920300 0.9 13410
1649210328126 0.9 13610
1649210736299 0.9 13810
1649211142526 0.9 14010
1649211548821 0.9 14210
1649211985647 0.9 14312
1649212397315 0.9 14511
1649212804076 0.9 14711
1649213210303 0.9 14911
1649213616963 0.9 15111
1649214025123 0.9 15311
1649214432259 0.9 15511
1649214877397 0.9 15613
1649215289204 0.9 15812
1649215696870 0.9 16012
1649216104813 0.9 16212
1649216512974 0.9 16412
1649216922948 0.9 16612
1649217329269 0.9 16812
1649217765084 0.9 16914
1649218174353 0.9 17113
1649218582345 0.9 17313
1649218990232 0.9 17513
1649219395959 0.9 17713
1649219805372 0.9 17913
1649220211521 0.9 18113
1649220657258 0.9 18215
1649221067729 0.9 18414
1649221476911 0.9 18614
1649221885868 0.9 18814
1649222293467 0.9 19014
1649222700827 0.9 19214
1649223108116 0.9 19414
1649223542593 0.9 19516
1649223951238 0.9 19715
1649224360396 0.9 19915
1649224768003 0.9 20115
1649225176199 0.9 20315
1649225583120 0.9 20515
1649225988417 0.9 20715
1649226433125 0.9 20817
1649226843465 0.9 21016
1649227251137 0.9 21216
1649227659802 0.9 21416
