1649146490942 9.990200000000016e-05 50
1649146680213 0.00019980200000000004 100
1649146869817 0.00029970200000000016 150
1649147059420 0.00039960200000000026 200
1649147404636 0.00048751400000000004 245
1649147598230 0.0005874139999999999 294
1649147788687 0.000687314 344
1649147978913 0.0007872140000000001 394
1649148169230 0.0008871140000000002 444
1649148510551 0.0009750259999999999 489
1649148704810 0.0010749260000000001 538
1649148895701 0.001174826 588
1649149087025 0.0012747260000000001 638
1649149278383 0.001374626 688
1649149621717 0.001462538 733
1649149816507 0.001562438 782
1649150007610 0.001662338 832
1649150198947 0.001762238 882
1649150390597 0.0018621380000000002 932
1649150731320 0.00195005 977
1649150926486 0.002 1026
1649151117849 0.002 1076
1649151309438 0.002 1126
1649151501517 0.002 1176
1649151842862 0.002 1221
1649152038276 0.002 1270
1649152230088 0.002 1320
1649152421721 0.002 1370
1649152613594 0.002 1420
1649152953798 0.002 1465
1649153149538 0.002 1514
1649153341423 0.002 1564
1649153533204 0.002 1614
1649153725165 0.002 1664
1649154068542 0.002 1709
1649154264552 0.002 1758
1649154457063 0.002 1808
1649154649097 0.002 1858
1649154841420 0.002 1908
1649155182532 0.002 1953
1649155378514 0.002 2002
1649155570851 0.002 2052
1649155763216 0.002 2102
1649155955519 0.002 2152
1649156297068 0.002 2197
1649156492996 0.002 2246
1649156685445 0.002 2296
1649156877715 0.002 2346
1649157070030 0.002 2396
1649157411488 0.002 2441
1649157607701 0.002 2490
1649157800062 0.002 2540
1649157992370 0.002 2590
1649158184910 0.002 2640
1649158526706 0.002 2685
1649158723062 0.002 2734
1649158915988 0.002 2784
1649159108632 0.002 2834
1649159301167 0.002 2884
1649159645315 0.002 2929
1649159842007 0.002 2978
1649160035044 0.002 3028
1649160228112 0.002 3078
1649160421014 0.002 3128
1649160765730 0.002 3173
1649160962503 0.002 3222
1649161155613 0.002 3272
1649161348914 0.002 3322
1649161542185 0.002 3372
1649161887520 0.002 3417
1649162084666 0.002 3466
1649162277976 0.002 3516
1649162471283 0.002 3566
1649162664551 0.002 3616
1649163009205 0.002 3661
1649163206255 0.002 3710
1649163399534 0.002 3760
1649163592805 0.002 3810
1649163786481 0.002 3860
1649164131253 0.002 3905
1649164328248 0.0002 3954
1649164521556 0.0002 4004
1649164714988 0.0002 4054
1649164908481 0.0002 4104
1649165252252 0.0002 4149
1649165449464 0.0002 4198
1649165642808 0.0002 4248
1649165836320 0.0002 4298
1649166029905 0.0002 4348
1649166372097 0.0002 4393
1649166569169 0.0002 4442
1649166762531 0.0002 4492
1649166955983 0.0002 4542
1649167149620 0.0002 4592
1649167493540 0.0002 4637
1649167690695 2.0000000000000005e-05 4686
1649167883908 2.0000000000000005e-05 4736
1649168077256 2.0000000000000005e-05 4786
1649168270905 2.0000000000000005e-05 4836
1649168615778 2.0000000000000005e-05 4881
