1649146490942 0.9 50
1649146680213 0.9 100
1649146869817 0.9 150
1649147059420 0.9 200
1649147404636 0.9 245
1649147598230 0.9 294
1649147788687 0.9 344
1649147978913 0.9 394
1649148169230 0.9 444
1649148510551 0.9 489
1649148704810 0.9 538
1649148895701 0.9 588
1649149087025 0.9 638
1649149278383 0.9 688
1649149621717 0.9 733
1649149816507 0.9 782
1649150007610 0.9 832
1649150198947 0.9 882
1649150390597 0.9 932
1649150731320 0.9 977
1649150926486 0.9 1026
1649151117849 0.9 1076
1649151309438 0.9 1126
1649151501517 0.9 1176
1649151842862 0.9 1221
1649152038276 0.9 1270
1649152230088 0.9 1320
1649152421721 0.9 1370
1649152613594 0.9 1420
1649152953798 0.9 1465
1649153149538 0.9 1514
1649153341423 0.9 1564
1649153533204 0.9 1614
1649153725165 0.9 1664
1649154068542 0.9 1709
1649154264552 0.9 1758
1649154457063 0.9 1808
1649154649097 0.9 1858
1649154841420 0.9 1908
1649155182532 0.9 1953
1649155378514 0.9 2002
1649155570851 0.9 2052
1649155763216 0.9 2102
1649155955519 0.9 2152
1649156297068 0.9 2197
1649156492996 0.9 2246
1649156685445 0.9 2296
1649156877715 0.9 2346
1649157070030 0.9 2396
1649157411488 0.9 2441
1649157607701 0.9 2490
1649157800062 0.9 2540
1649157992370 0.9 2590
1649158184910 0.9 2640
1649158526706 0.9 2685
1649158723062 0.9 2734
1649158915988 0.9 2784
1649159108632 0.9 2834
1649159301167 0.9 2884
1649159645315 0.9 2929
1649159842007 0.9 2978
1649160035044 0.9 3028
1649160228112 0.9 3078
1649160421014 0.9 3128
1649160765730 0.9 3173
1649160962503 0.9 3222
1649161155613 0.9 3272
1649161348914 0.9 3322
1649161542185 0.9 3372
1649161887520 0.9 3417
1649162084666 0.9 3466
1649162277976 0.9 3516
1649162471283 0.9 3566
1649162664551 0.9 3616
1649163009205 0.9 3661
1649163206255 0.9 3710
1649163399534 0.9 3760
1649163592805 0.9 3810
1649163786481 0.9 3860
1649164131253 0.9 3905
1649164328248 0.9 3954
1649164521556 0.9 4004
1649164714988 0.9 4054
1649164908481 0.9 4104
1649165252252 0.9 4149
1649165449464 0.9 4198
1649165642808 0.9 4248
1649165836320 0.9 4298
1649166029905 0.9 4348
1649166372097 0.9 4393
1649166569169 0.9 4442
1649166762531 0.9 4492
1649166955983 0.9 4542
1649167149620 0.9 4592
1649167493540 0.9 4637
1649167690695 0.9 4686
1649167883908 0.9 4736
1649168077256 0.9 4786
1649168270905 0.9 4836
1649168615778 0.9 4881
