1648780934098 9.890199999999994e-06 50
1648780945766 1.9880199999999993e-05 100
1648780957449 2.9870200000000004e-05 150
1648780967944 3.98602e-05 200
1648780978317 4.98502e-05 250
1648780988164 5.9840200000000003e-05 300
1648780998612 6.98302e-05 350
1648781008665 7.98202e-05 400
1648781018029 8.981020000000001e-05 450
1648781028846 9.98002e-05 500
1648781038752 0.0001 550
1648781048146 0.0001 600
1648781057977 0.0001 650
1648781069203 0.0001 700
1648781080044 0.0001 750
1648781090326 0.0001 800
1648781100239 0.0001 850
1648781111037 0.0001 900
1648781121807 0.0001 950
1648781131961 0.0001 1000
1648781138838 0.0001 1050
1648781145960 0.0001 1100
1648781152643 0.0001 1150
1648781159343 0.0001 1200
1648781166045 0.0001 1250
1648781172926 0.0001 1300
1648781180146 0.0001 1350
1648781186960 0.0001 1400
1648781193727 0.0001 1450
1648781200382 0.0001 1500
1648781207171 0.0001 1550
1648781213898 0.0001 1600
1648781220795 0.0001 1650
1648781227613 0.0001 1700
1648781234241 0.0001 1750
1648781241427 0.0001 1800
1648781248219 0.0001 1850
1648781254939 0.0001 1900
1648781261731 0.0001 1950
1648781301788 0.0001 1954
1648781311110 0.0001 2003
1648781318034 0.0001 2053
1648781325172 0.0001 2103
1648781331915 0.0001 2153
1648781338690 0.0001 2203
1648781345447 0.0001 2253
1648781352347 0.0001 2303
1648781359066 0.0001 2353
1648781366280 0.0001 2403
1648781373372 0.0001 2453
1648781380412 0.0001 2503
1648781387519 0.0001 2553
1648781394295 0.0001 2603
1648781401098 0.0001 2653
1648781408291 0.0001 2703
1648781415082 0.0001 2753
1648781422642 0.0001 2803
1648781430276 0.0001 2853
1648781437263 0.0001 2903
1648781443763 0.0001 2953
1648781450259 0.0001 3003
1648781456990 0.0001 3053
1648781465428 0.0001 3103
1648781472700 0.0001 3153
1648781479478 0.0001 3203
1648781486307 0.0001 3253
1648781493011 0.0001 3303
1648781499724 0.0001 3353
1648781506420 0.0001 3403
1648781513116 0.0001 3453
1648781520316 0.0001 3503
1648781526988 0.0001 3553
1648781533665 0.0001 3603
1648781540413 0.0001 3653
1648781547049 0.0001 3703
1648781553617 0.0001 3753
1648781560546 0.0001 3803
1648781567261 0.0001 3853
1648781573856 0.0001 3903
1648781611735 0.0001 3907
1648781620629 0.0001 3956
1648781627258 0.0001 4006
1648781633845 0.0001 4056
1648781640476 0.0001 4106
1648781647038 0.0001 4156
1648781653653 0.0001 4206
1648781660287 0.0001 4256
1648781667055 0.0001 4306
1648781673811 0.0001 4356
1648781680969 0.0001 4406
1648781688020 0.0001 4456
1648781694683 0.0001 4506
1648781701462 0.0001 4556
1648781708209 0.0001 4606
1648781715302 0.0001 4656
1648781722380 0.0001 4706
1648781729302 0.0001 4756
1648781736893 0.0001 4806
1648781744491 0.0001 4856
1648781751442 0.0001 4906
1648781758378 0.0001 4956
1648781765129 0.0001 5006
1648781772044 0.0001 5056
1648781778681 0.0001 5106
1648781785620 0.0001 5156
1648781792338 0.0001 5206
1648781799566 0.0001 5256
1648781806315 0.0001 5306
1648781813066 0.0001 5356
1648781819821 0.0001 5406
1648781826538 0.0001 5456
1648781833268 0.0001 5506
1648781839970 0.0001 5556
1648781846714 0.0001 5606
1648781853535 0.0001 5656
1648781861049 0.0001 5706
1648781868511 0.0001 5756
1648781875237 0.0001 5806
1648781881964 0.0001 5856
1648781923602 0.0001 5860
1648781932675 0.0001 5909
1648781939408 0.0001 5959
1648781946478 0.0001 6009
1648781953137 0.0001 6059
1648781959898 0.0001 6109
1648781966598 0.0001 6159
1648781973339 0.0001 6209
1648781980013 0.0001 6259
1648781986666 0.0001 6309
1648781993313 0.0001 6359
1648781999975 0.0001 6409
1648782006658 0.0001 6459
1648782013514 0.0001 6509
1648782020368 0.0001 6559
1648782027170 0.0001 6609
1648782033947 0.0001 6659
1648782040781 0.0001 6709
1648782047528 0.0001 6759
1648782054407 0.0001 6809
1648782061672 0.0001 6859
1648782068444 0.0001 6909
1648782075254 0.0001 6959
1648782081975 0.0001 7009
1648782088786 0.0001 7059
1648782095558 0.0001 7109
1648782102377 0.0001 7159
1648782109195 0.0001 7209
1648782116019 0.0001 7259
1648782122825 0.0001 7309
1648782129879 0.0001 7359
1648782136647 0.0001 7409
1648782143416 0.0001 7459
1648782150153 0.0001 7509
1648782156945 0.0001 7559
1648782163698 0.0001 7609
1648782170374 0.0001 7659
1648782177086 0.0001 7709
1648782183810 0.0001 7759
1648782190526 0.0001 7809
1648782230491 0.0001 7813
1648782239514 0.0001 7862
1648782246388 0.0001 7912
1648782253632 0.0001 7962
1648782260380 0.0001 8012
1648782268111 0.0001 8062
1648782274854 0.0001 8112
1648782281478 0.0001 8162
1648782288189 0.0001 8212
1648782295057 0.0001 8262
1648782301752 0.0001 8312
1648782308371 0.0001 8362
1648782315355 0.0001 8412
1648782322709 0.0001 8462
1648782329430 0.0001 8512
1648782336311 0.0001 8562
1648782343161 0.0001 8612
1648782349922 0.0001 8662
1648782356688 0.0001 8712
1648782363456 0.0001 8762
1648782370304 0.0001 8812
1648782377170 0.0001 8862
1648782383908 0.0001 8912
1648782390594 0.0001 8962
1648782397602 0.0001 9012
1648782404308 0.0001 9062
1648782411066 0.0001 9112
1648782417850 0.0001 9162
1648782424746 0.0001 9212
1648782431452 0.0001 9262
1648782438623 0.0001 9312
1648782445655 0.0001 9362
1648782452914 0.0001 9412
1648782459676 0.0001 9462
1648782466446 0.0001 9512
1648782473142 0.0001 9562
1648782479997 0.0001 9612
1648782487807 0.0001 9662
1648782495052 0.0001 9712
1648782501865 0.0001 9762
1648782543952 0.0001 9766
1648782553129 0.0001 9815
1648782559914 0.0001 9865
1648782566709 0.0001 9915
1648782573653 0.0001 9965
1648782580572 0.0001 10015
1648782587412 0.0001 10065
1648782594304 0.0001 10115
1648782601440 0.0001 10165
1648782608505 0.0001 10215
1648782615426 0.0001 10265
1648782622206 0.0001 10315
1648782628998 0.0001 10365
1648782635751 0.0001 10415
1648782642458 0.0001 10465
1648782649250 0.0001 10515
1648782655916 0.0001 10565
1648782662551 0.0001 10615
1648782669223 0.0001 10665
1648782675926 0.0001 10715
1648782682649 0.0001 10765
1648782689320 0.0001 10815
1648782695947 0.0001 10865
1648782702762 0.0001 10915
1648782709591 0.0001 10965
1648782716276 0.0001 11015
1648782723264 0.0001 11065
1648782729975 0.0001 11115
1648782736573 0.0001 11165
1648782743408 0.0001 11215
1648782750452 0.0001 11265
1648782757446 0.0001 11315
1648782764233 0.0001 11365
1648782771007 0.0001 11415
1648782777689 0.0001 11465
1648782784376 0.0001 11515
1648782791085 0.0001 11565
1648782798052 0.0001 11615
1648782805143 0.0001 11665
1648782812171 0.0001 11715
1648782853035 0.0001 11719
1648782862288 0.0001 11768
1648782868971 0.0001 11818
1648782875677 0.0001 11868
1648782882389 0.0001 11918
1648782889152 0.0001 11968
1648782895834 0.0001 12018
1648782902810 0.0001 12068
1648782909865 0.0001 12118
1648782916634 0.0001 12168
1648782923664 0.0001 12218
1648782930429 0.0001 12268
1648782937195 0.0001 12318
1648782943994 0.0001 12368
1648782950852 0.0001 12418
1648782957638 0.0001 12468
1648782964500 0.0001 12518
1648782971759 0.0001 12568
1648782978889 0.0001 12618
1648782985987 0.0001 12668
1648782992768 0.0001 12718
1648782999548 0.0001 12768
1648783006447 0.0001 12818
1648783013218 0.0001 12868
1648783020054 0.0001 12918
1648783027660 0.0001 12968
1648783035202 0.0001 13018
1648783042388 0.0001 13068
1648783049090 0.0001 13118
1648783055915 0.0001 13168
1648783062644 0.0001 13218
1648783069360 0.0001 13268
1648783076628 0.0001 13318
1648783083348 0.0001 13368
1648783090138 0.0001 13418
1648783096898 0.0001 13468
1648783103592 0.0001 13518
1648783110803 0.0001 13568
1648783117654 0.0001 13618
1648783124454 0.0001 13668
1648783166233 0.0001 13672
1648783175499 0.0001 13721
1648783182371 0.0001 13771
1648783189127 0.0001 13821
1648783195915 0.0001 13871
1648783202514 0.0001 13921
1648783209107 0.0001 13971
1648783215830 0.0001 14021
1648783222562 0.0001 14071
1648783229740 0.0001 14121
1648783236483 0.0001 14171
1648783243852 0.0001 14221
1648783250971 0.0001 14271
1648783257792 0.0001 14321
1648783264619 0.0001 14371
1648783271415 0.0001 14421
1648783278191 0.0001 14471
1648783284948 0.0001 14521
1648783292106 0.0001 14571
1648783298909 0.0001 14621
1648783305876 0.0001 14671
1648783313155 0.0001 14721
1648783320262 0.0001 14771
1648783327010 0.0001 14821
1648783333800 0.0001 14871
1648783340492 0.0001 14921
1648783347243 0.0001 14971
1648783354317 0.0001 15021
1648783361484 0.0001 15071
1648783369056 0.0001 15121
1648783376661 0.0001 15171
1648783384432 0.0001 15221
1648783391236 0.0001 15271
1648783398450 0.0001 15321
1648783405526 0.0001 15371
1648783412223 0.0001 15421
1648783418892 0.0001 15471
1648783425524 0.0001 15521
1648783432168 0.0001 15571
1648783438966 0.0001 15621
1648783479666 0.0001 15625
1648783488990 1e-05 15674
1648783496602 1e-05 15724
1648783503434 1e-05 15774
1648783510232 1e-05 15824
1648783517006 1e-05 15874
1648783523839 1e-05 15924
1648783530835 1e-05 15974
1648783537704 1e-05 16024
1648783544735 1e-05 16074
1648783551663 1e-05 16124
1648783558410 1e-05 16174
1648783565187 1e-05 16224
1648783572324 1e-05 16274
1648783579220 1e-05 16324
1648783586065 1e-05 16374
1648783593003 1e-05 16424
1648783599864 1e-05 16474
1648783606679 1e-05 16524
1648783613451 1e-05 16574
1648783620422 1e-05 16624
1648783628000 1e-05 16674
1648783635809 1e-05 16724
1648783642941 1e-05 16774
1648783649622 1e-05 16824
1648783656703 1e-05 16874
1648783663452 1e-05 16924
1648783670579 1e-05 16974
1648783677328 1e-05 17024
1648783684279 1e-05 17074
1648783691340 1e-05 17124
1648783698086 1e-05 17174
1648783704783 1e-05 17224
1648783711455 1e-05 17274
1648783718254 1e-05 17324
1648783724961 1e-05 17374
1648783731682 1e-05 17424
1648783738467 1e-05 17474
1648783745271 1e-05 17524
1648783752002 1e-05 17574
1648783793114 1e-05 17578
1648783802280 1e-05 17627
1648783809078 1e-05 17677
1648783815850 1e-05 17727
1648783822667 1e-05 17777
1648783829427 1e-05 17827
1648783836209 1e-05 17877
1648783843410 1e-05 17927
1648783850732 1e-05 17977
1648783857498 1e-05 18027
1648783864741 1e-05 18077
1648783872075 1e-05 18127
1648783878843 1e-05 18177
1648783885635 1e-05 18227
1648783892568 1e-05 18277
1648783899360 1e-05 18327
1648783906166 1e-05 18377
1648783913124 1e-05 18427
1648783919913 1e-05 18477
1648783926674 1e-05 18527
1648783933736 1e-05 18577
1648783940657 1e-05 18627
1648783947458 1e-05 18677
1648783954305 1e-05 18727
1648783961072 1e-05 18777
1648783967782 1e-05 18827
1648783975084 1e-05 18877
1648783982538 1e-05 18927
1648783989755 1e-05 18977
1648783997281 1e-05 19027
1648784004129 1e-05 19077
1648784011002 1e-05 19127
1648784017927 1e-05 19177
1648784024790 1e-05 19227
1648784031670 1e-05 19277
1648784038362 1e-05 19327
1648784045183 1e-05 19377
1648784051986 1e-05 19427
1648784058710 1e-05 19477
1648784065438 1e-05 19527
1648784105669 1e-05 19531
1648784114545 1e-05 19580
1648784121243 1e-05 19630
1648784127975 1e-05 19680
1648784134907 1e-05 19730
1648784141905 1e-05 19780
1648784148776 1e-05 19830
1648784155533 1e-05 19880
1648784162220 1e-05 19930
1648784168982 1e-05 19980
1648784176501 1e-05 20030
1648784183244 1e-05 20080
1648784190140 1e-05 20130
1648784197181 1e-05 20180
1648784203922 1e-05 20230
1648784210761 1e-05 20280
1648784217555 1e-05 20330
1648784224280 1e-05 20380
1648784231090 1e-05 20430
1648784237738 1e-05 20480
1648784244451 1e-05 20530
1648784251154 1e-05 20580
1648784257886 1e-05 20630
1648784264496 1e-05 20680
1648784271207 1e-05 20730
1648784277922 1e-05 20780
1648784284608 1e-05 20830
1648784291322 1e-05 20880
1648784298294 1e-05 20930
1648784305264 1e-05 20980
1648784312080 1e-05 21030
1648784318838 1e-05 21080
1648784325831 1e-05 21130
1648784332847 1e-05 21180
1648784339565 1e-05 21230
1648784346276 1e-05 21280
1648784353050 1e-05 21330
1648784360110 1e-05 21380
1648784366866 1e-05 21430
1648784373669 1e-05 21480
1648784414606 1e-05 21484
1648784424039 1.0000000000000002e-06 21533
1648784433092 1.0000000000000002e-06 21583
1648784445027 1.0000000000000002e-06 21633
1648784459379 1.0000000000000002e-06 21683
1648784474095 1.0000000000000002e-06 21733
1648784488558 1.0000000000000002e-06 21783
1648784503720 1.0000000000000002e-06 21833
1648784518201 1.0000000000000002e-06 21883
1648784532344 1.0000000000000002e-06 21933
1648784545825 1.0000000000000002e-06 21983
1648784560111 1.0000000000000002e-06 22033
1648784573161 1.0000000000000002e-06 22083
1648784587057 1.0000000000000002e-06 22133
1648784601789 1.0000000000000002e-06 22183
1648784614449 1.0000000000000002e-06 22233
1648784629149 1.0000000000000002e-06 22283
1648784643205 1.0000000000000002e-06 22333
1648784657211 1.0000000000000002e-06 22383
1648784671713 1.0000000000000002e-06 22433
1648784686448 1.0000000000000002e-06 22483
1648784700386 1.0000000000000002e-06 22533
1648784715025 1.0000000000000002e-06 22583
1648784729069 1.0000000000000002e-06 22633
1648784743334 1.0000000000000002e-06 22683
1648784757161 1.0000000000000002e-06 22733
1648784771732 1.0000000000000002e-06 22783
1648784785421 1.0000000000000002e-06 22833
1648784799703 1.0000000000000002e-06 22883
1648784812849 1.0000000000000002e-06 22933
1648784827206 1.0000000000000002e-06 22983
1648784841783 1.0000000000000002e-06 23033
1648784856556 1.0000000000000002e-06 23083
1648784869180 1.0000000000000002e-06 23133
1648784883062 1.0000000000000002e-06 23183
1648784897131 1.0000000000000002e-06 23233
1648784911850 1.0000000000000002e-06 23283
1648784923654 1.0000000000000002e-06 23333
1648784937987 1.0000000000000002e-06 23383
1648784951306 1.0000000000000002e-06 23433
1648785011971 1.0000000000000002e-06 23437
