1648780934098 0.9 50
1648780945766 0.9 100
1648780957449 0.9 150
1648780967944 0.9 200
1648780978317 0.9 250
1648780988164 0.9 300
1648780998612 0.9 350
1648781008665 0.9 400
1648781018029 0.9 450
1648781028846 0.9 500
1648781038752 0.9 550
1648781048146 0.9 600
1648781057977 0.9 650
1648781069203 0.9 700
1648781080044 0.9 750
1648781090326 0.9 800
1648781100239 0.9 850
1648781111037 0.9 900
1648781121807 0.9 950
1648781131961 0.9 1000
1648781138838 0.9 1050
1648781145960 0.9 1100
1648781152643 0.9 1150
1648781159343 0.9 1200
1648781166045 0.9 1250
1648781172926 0.9 1300
1648781180146 0.9 1350
1648781186960 0.9 1400
1648781193727 0.9 1450
1648781200382 0.9 1500
1648781207171 0.9 1550
1648781213898 0.9 1600
1648781220795 0.9 1650
1648781227613 0.9 1700
1648781234241 0.9 1750
1648781241427 0.9 1800
1648781248219 0.9 1850
1648781254939 0.9 1900
1648781261731 0.9 1950
1648781301788 0.9 1954
1648781311110 0.9 2003
1648781318034 0.9 2053
1648781325172 0.9 2103
1648781331915 0.9 2153
1648781338690 0.9 2203
1648781345447 0.9 2253
1648781352347 0.9 2303
1648781359066 0.9 2353
1648781366280 0.9 2403
1648781373372 0.9 2453
1648781380412 0.9 2503
1648781387519 0.9 2553
1648781394295 0.9 2603
1648781401098 0.9 2653
1648781408291 0.9 2703
1648781415082 0.9 2753
1648781422642 0.9 2803
1648781430276 0.9 2853
1648781437263 0.9 2903
1648781443763 0.9 2953
1648781450259 0.9 3003
1648781456990 0.9 3053
1648781465428 0.9 3103
1648781472700 0.9 3153
1648781479478 0.9 3203
1648781486307 0.9 3253
1648781493011 0.9 3303
1648781499724 0.9 3353
1648781506420 0.9 3403
1648781513116 0.9 3453
1648781520316 0.9 3503
1648781526988 0.9 3553
1648781533665 0.9 3603
1648781540413 0.9 3653
1648781547049 0.9 3703
1648781553617 0.9 3753
1648781560546 0.9 3803
1648781567261 0.9 3853
1648781573856 0.9 3903
1648781611735 0.9 3907
1648781620629 0.9 3956
1648781627258 0.9 4006
1648781633845 0.9 4056
1648781640476 0.9 4106
1648781647038 0.9 4156
1648781653653 0.9 4206
1648781660287 0.9 4256
1648781667055 0.9 4306
1648781673811 0.9 4356
1648781680969 0.9 4406
1648781688020 0.9 4456
1648781694683 0.9 4506
1648781701462 0.9 4556
1648781708209 0.9 4606
1648781715302 0.9 4656
1648781722380 0.9 4706
1648781729302 0.9 4756
1648781736893 0.9 4806
1648781744491 0.9 4856
1648781751442 0.9 4906
1648781758378 0.9 4956
1648781765129 0.9 5006
1648781772044 0.9 5056
1648781778681 0.9 5106
1648781785620 0.9 5156
1648781792338 0.9 5206
1648781799566 0.9 5256
1648781806315 0.9 5306
1648781813066 0.9 5356
1648781819821 0.9 5406
1648781826538 0.9 5456
1648781833268 0.9 5506
1648781839970 0.9 5556
1648781846714 0.9 5606
1648781853535 0.9 5656
1648781861049 0.9 5706
1648781868511 0.9 5756
1648781875237 0.9 5806
1648781881964 0.9 5856
1648781923602 0.9 5860
1648781932675 0.9 5909
1648781939408 0.9 5959
1648781946478 0.9 6009
1648781953137 0.9 6059
1648781959898 0.9 6109
1648781966598 0.9 6159
1648781973339 0.9 6209
1648781980013 0.9 6259
1648781986666 0.9 6309
1648781993313 0.9 6359
1648781999975 0.9 6409
1648782006658 0.9 6459
1648782013514 0.9 6509
1648782020368 0.9 6559
1648782027170 0.9 6609
1648782033947 0.9 6659
1648782040781 0.9 6709
1648782047528 0.9 6759
1648782054407 0.9 6809
1648782061672 0.9 6859
1648782068444 0.9 6909
1648782075254 0.9 6959
1648782081975 0.9 7009
1648782088786 0.9 7059
1648782095558 0.9 7109
1648782102377 0.9 7159
1648782109195 0.9 7209
1648782116019 0.9 7259
1648782122825 0.9 7309
1648782129879 0.9 7359
1648782136647 0.9 7409
1648782143416 0.9 7459
1648782150153 0.9 7509
1648782156945 0.9 7559
1648782163698 0.9 7609
1648782170374 0.9 7659
1648782177086 0.9 7709
1648782183810 0.9 7759
1648782190526 0.9 7809
1648782230491 0.9 7813
1648782239514 0.9 7862
1648782246388 0.9 7912
1648782253632 0.9 7962
1648782260380 0.9 8012
1648782268111 0.9 8062
1648782274854 0.9 8112
1648782281478 0.9 8162
1648782288189 0.9 8212
1648782295057 0.9 8262
1648782301752 0.9 8312
1648782308371 0.9 8362
1648782315355 0.9 8412
1648782322709 0.9 8462
1648782329430 0.9 8512
1648782336311 0.9 8562
1648782343161 0.9 8612
1648782349922 0.9 8662
1648782356688 0.9 8712
1648782363456 0.9 8762
1648782370304 0.9 8812
1648782377170 0.9 8862
1648782383908 0.9 8912
1648782390594 0.9 8962
1648782397602 0.9 9012
1648782404308 0.9 9062
1648782411066 0.9 9112
1648782417850 0.9 9162
1648782424746 0.9 9212
1648782431452 0.9 9262
1648782438623 0.9 9312
1648782445655 0.9 9362
1648782452914 0.9 9412
1648782459676 0.9 9462
1648782466446 0.9 9512
1648782473142 0.9 9562
1648782479997 0.9 9612
1648782487807 0.9 9662
1648782495052 0.9 9712
1648782501865 0.9 9762
1648782543952 0.9 9766
1648782553129 0.9 9815
1648782559914 0.9 9865
1648782566709 0.9 9915
1648782573653 0.9 9965
1648782580572 0.9 10015
1648782587412 0.9 10065
1648782594304 0.9 10115
1648782601440 0.9 10165
1648782608505 0.9 10215
1648782615426 0.9 10265
1648782622206 0.9 10315
1648782628998 0.9 10365
1648782635751 0.9 10415
1648782642458 0.9 10465
1648782649250 0.9 10515
1648782655916 0.9 10565
1648782662551 0.9 10615
1648782669223 0.9 10665
1648782675926 0.9 10715
1648782682649 0.9 10765
1648782689320 0.9 10815
1648782695947 0.9 10865
1648782702762 0.9 10915
1648782709591 0.9 10965
1648782716276 0.9 11015
1648782723264 0.9 11065
1648782729975 0.9 11115
1648782736573 0.9 11165
1648782743408 0.9 11215
1648782750452 0.9 11265
1648782757446 0.9 11315
1648782764233 0.9 11365
1648782771007 0.9 11415
1648782777689 0.9 11465
1648782784376 0.9 11515
1648782791085 0.9 11565
1648782798052 0.9 11615
1648782805143 0.9 11665
1648782812171 0.9 11715
1648782853035 0.9 11719
1648782862288 0.9 11768
1648782868971 0.9 11818
1648782875677 0.9 11868
1648782882389 0.9 11918
1648782889152 0.9 11968
1648782895834 0.9 12018
1648782902810 0.9 12068
1648782909865 0.9 12118
1648782916634 0.9 12168
1648782923664 0.9 12218
1648782930429 0.9 12268
1648782937195 0.9 12318
1648782943994 0.9 12368
1648782950852 0.9 12418
1648782957638 0.9 12468
1648782964500 0.9 12518
1648782971759 0.9 12568
1648782978889 0.9 12618
1648782985987 0.9 12668
1648782992768 0.9 12718
1648782999548 0.9 12768
1648783006447 0.9 12818
1648783013218 0.9 12868
1648783020054 0.9 12918
1648783027660 0.9 12968
1648783035202 0.9 13018
1648783042388 0.9 13068
1648783049090 0.9 13118
1648783055915 0.9 13168
1648783062644 0.9 13218
1648783069360 0.9 13268
1648783076628 0.9 13318
1648783083348 0.9 13368
1648783090138 0.9 13418
1648783096898 0.9 13468
1648783103592 0.9 13518
1648783110803 0.9 13568
1648783117654 0.9 13618
1648783124454 0.9 13668
1648783166233 0.9 13672
1648783175499 0.9 13721
1648783182371 0.9 13771
1648783189127 0.9 13821
1648783195915 0.9 13871
1648783202514 0.9 13921
1648783209107 0.9 13971
1648783215830 0.9 14021
1648783222562 0.9 14071
1648783229740 0.9 14121
1648783236483 0.9 14171
1648783243852 0.9 14221
1648783250971 0.9 14271
1648783257792 0.9 14321
1648783264619 0.9 14371
1648783271415 0.9 14421
1648783278191 0.9 14471
1648783284948 0.9 14521
1648783292106 0.9 14571
1648783298909 0.9 14621
1648783305876 0.9 14671
1648783313155 0.9 14721
1648783320262 0.9 14771
1648783327010 0.9 14821
1648783333800 0.9 14871
1648783340492 0.9 14921
1648783347243 0.9 14971
1648783354317 0.9 15021
1648783361484 0.9 15071
1648783369056 0.9 15121
1648783376661 0.9 15171
1648783384432 0.9 15221
1648783391236 0.9 15271
1648783398450 0.9 15321
1648783405526 0.9 15371
1648783412223 0.9 15421
1648783418892 0.9 15471
1648783425524 0.9 15521
1648783432168 0.9 15571
1648783438966 0.9 15621
1648783479666 0.9 15625
1648783488990 0.9 15674
1648783496602 0.9 15724
1648783503434 0.9 15774
1648783510232 0.9 15824
1648783517006 0.9 15874
1648783523839 0.9 15924
1648783530835 0.9 15974
1648783537704 0.9 16024
1648783544735 0.9 16074
1648783551663 0.9 16124
1648783558410 0.9 16174
1648783565187 0.9 16224
1648783572324 0.9 16274
1648783579220 0.9 16324
1648783586065 0.9 16374
1648783593003 0.9 16424
1648783599864 0.9 16474
1648783606679 0.9 16524
1648783613451 0.9 16574
1648783620422 0.9 16624
1648783628000 0.9 16674
1648783635809 0.9 16724
1648783642941 0.9 16774
1648783649622 0.9 16824
1648783656703 0.9 16874
1648783663452 0.9 16924
1648783670579 0.9 16974
1648783677328 0.9 17024
1648783684279 0.9 17074
1648783691340 0.9 17124
1648783698086 0.9 17174
1648783704783 0.9 17224
1648783711455 0.9 17274
1648783718254 0.9 17324
1648783724961 0.9 17374
1648783731682 0.9 17424
1648783738467 0.9 17474
1648783745271 0.9 17524
1648783752002 0.9 17574
1648783793114 0.9 17578
1648783802280 0.9 17627
1648783809078 0.9 17677
1648783815850 0.9 17727
1648783822667 0.9 17777
1648783829427 0.9 17827
1648783836209 0.9 17877
1648783843410 0.9 17927
1648783850732 0.9 17977
1648783857498 0.9 18027
1648783864741 0.9 18077
1648783872075 0.9 18127
1648783878843 0.9 18177
1648783885635 0.9 18227
1648783892568 0.9 18277
1648783899360 0.9 18327
1648783906166 0.9 18377
1648783913124 0.9 18427
1648783919913 0.9 18477
1648783926674 0.9 18527
1648783933736 0.9 18577
1648783940657 0.9 18627
1648783947458 0.9 18677
1648783954305 0.9 18727
1648783961072 0.9 18777
1648783967782 0.9 18827
1648783975084 0.9 18877
1648783982538 0.9 18927
1648783989755 0.9 18977
1648783997281 0.9 19027
1648784004129 0.9 19077
1648784011002 0.9 19127
1648784017927 0.9 19177
1648784024790 0.9 19227
1648784031670 0.9 19277
1648784038362 0.9 19327
1648784045183 0.9 19377
1648784051986 0.9 19427
1648784058710 0.9 19477
1648784065438 0.9 19527
1648784105669 0.9 19531
1648784114545 0.9 19580
1648784121243 0.9 19630
1648784127975 0.9 19680
1648784134907 0.9 19730
1648784141905 0.9 19780
1648784148776 0.9 19830
1648784155533 0.9 19880
1648784162220 0.9 19930
1648784168982 0.9 19980
1648784176501 0.9 20030
1648784183244 0.9 20080
1648784190140 0.9 20130
1648784197181 0.9 20180
1648784203922 0.9 20230
1648784210761 0.9 20280
1648784217555 0.9 20330
1648784224280 0.9 20380
1648784231090 0.9 20430
1648784237738 0.9 20480
1648784244451 0.9 20530
1648784251154 0.9 20580
1648784257886 0.9 20630
1648784264496 0.9 20680
1648784271207 0.9 20730
1648784277922 0.9 20780
1648784284608 0.9 20830
1648784291322 0.9 20880
1648784298294 0.9 20930
1648784305264 0.9 20980
1648784312080 0.9 21030
1648784318838 0.9 21080
1648784325831 0.9 21130
1648784332847 0.9 21180
1648784339565 0.9 21230
1648784346276 0.9 21280
1648784353050 0.9 21330
1648784360110 0.9 21380
1648784366866 0.9 21430
1648784373669 0.9 21480
1648784414606 0.9 21484
1648784424039 0.9 21533
1648784433092 0.9 21583
1648784445027 0.9 21633
1648784459379 0.9 21683
1648784474095 0.9 21733
1648784488558 0.9 21783
1648784503720 0.9 21833
1648784518201 0.9 21883
1648784532344 0.9 21933
1648784545825 0.9 21983
1648784560111 0.9 22033
1648784573161 0.9 22083
1648784587057 0.9 22133
1648784601789 0.9 22183
1648784614449 0.9 22233
1648784629149 0.9 22283
1648784643205 0.9 22333
1648784657211 0.9 22383
1648784671713 0.9 22433
1648784686448 0.9 22483
1648784700386 0.9 22533
1648784715025 0.9 22583
1648784729069 0.9 22633
1648784743334 0.9 22683
1648784757161 0.9 22733
1648784771732 0.9 22783
1648784785421 0.9 22833
1648784799703 0.9 22883
1648784812849 0.9 22933
1648784827206 0.9 22983
1648784841783 0.9 23033
1648784856556 0.9 23083
1648784869180 0.9 23133
1648784883062 0.9 23183
1648784897131 0.9 23233
1648784911850 0.9 23283
1648784923654 0.9 23333
1648784937987 0.9 23383
1648784951306 0.9 23433
1648785011971 0.9 23437
