1649033151580 0.03937866288702935 50
1649033176207 0.02692159020807594 100
1649033200928 0.04294638856314123 150
1649033225278 0.032313872096128765 200
1649033250387 0.04730671446304768 250
1649033275471 0.04886764945229515 300
1649033300227 0.03434676952660084 350
1649033325387 0.03960662036202848 400
1649033350366 0.05131708350963891 450
1649033375425 0.044752016020938756 500
1649033400264 0.03247334096347913 550
1649033425318 0.04036503278184682 600
1649033450294 0.03443937785923481 650
1649033475305 0.042030695704743264 700
1649033500263 0.04263572731520981 750
1649033524976 0.046341617698781194 800
1649033550039 0.03648351911455393 850
1649033575117 0.053287537782453 900
1649033600182 0.04704554246738553 950
1649033625157 0.037602440724149346 1000
1649033650069 0.03693239069078118 1050
1649033675077 0.05009416204877198 1100
1649033700709 0.04508913221769035 1150
1649033726397 0.04541368152014911 1200
1649033752239 0.028909294516779482 1250
1649033777811 0.032696583424694836 1300
1649033803091 0.04063851869199425 1350
1649033828381 0.04667605891358107 1400
1649033853406 0.03151277957251295 1450
1649033878660 0.029824614226818084 1500
1649033903797 0.03310202518478036 1550
1649033929001 0.040010553351603445 1600
1649033953994 0.0468911091145128 1650
1649033979458 0.03339133058441803 1700
1649034004174 0.04230236245784909 1750
1649034029651 0.041411800486966965 1800
1649034054866 0.02810611925087869 1850
1649034079739 0.040581181957386435 1900
1649034104748 0.03444896956440061 1950
1649034226689 0.03186590385157615 2007
1649034251602 0.039443622427061203 2057
1649034276724 0.034674769735429434 2107
1649034301749 0.03241754612419754 2157
1649034326652 0.041043533103074875 2207
1649034351945 0.03911406465340406 2257
1649034376816 0.035243727397173644 2307
1649034401850 0.02647712337085977 2357
1649034427265 0.03192944072186947 2407
1649034452237 0.039538138057105245 2457
1649034477207 0.036559625566005706 2507
1649034502474 0.03678043927531689 2557
1649034527484 0.025237818348687144 2607
1649034552766 0.03909144543576985 2657
1649034577802 0.025474003243725746 2707
1649034602837 0.028826187495142222 2757
1649034627651 0.03239570891484618 2807
1649034652187 0.03557234605308622 2857
1649034677236 0.0439897328382358 2907
1649034702273 0.0297253756551072 2957
1649034727403 0.027481052107177675 3007
1649034752315 0.03363058547489345 3057
1649034777259 0.029122550557367503 3107
1649034802449 0.03422425175551325 3157
1649034827227 0.03262579114176333 3207
1649034852300 0.03599184843711555 3257
1649034877343 0.039222068400122226 3307
1649034902713 0.029729702539625577 3357
1649034928101 0.03627742122393102 3407
1649034953332 0.03390977293485776 3457
1649034978206 0.02804516326636076 3507
1649035003218 0.0277557761548087 3557
1649035027815 0.035225644763559105 3607
1649035053247 0.03183624818455428 3657
1649035078226 0.03960891284514219 3707
1649035103283 0.02701225977856666 3757
1649035128493 0.030210551405325532 3807
1649035153410 0.0433659730583895 3857
1649035179222 0.031102468136232346 3907
1649035302273 0.022867350841406734 3964
1649035327487 0.03484841015655547 4014
1649035352953 0.03301510374993086 4064
1649035378271 0.034272365795914084 4114
1649035403855 0.0352696199156344 4164
1649035429266 0.04071219179779291 4214
1649035454788 0.028875412221532316 4264
1649035480056 0.022122053287457675 4314
1649035504831 0.03783429408213124 4364
1649035529814 0.03680431989021599 4414
1649035554862 0.03010731793474406 4464
1649035579822 0.03099767240229994 4514
1649035604677 0.04017942951992154 4564
1649035630118 0.03514711762778461 4614
1649035655626 0.02416981620946899 4664
1649035680888 0.03284262690227479 4714
1649035705827 0.030746176161337645 4764
1649035730882 0.024629113802220673 4814
1649035756300 0.03162410057731904 4864
1649035781470 0.02229618063662201 4914
1649035806392 0.02650372595526278 4964
1649035831696 0.04522260754136369 5014
1649035856372 0.025997054858598857 5064
1649035881466 0.025907594133168458 5114
1649035906847 0.0232583858538419 5164
1649035931709 0.02949237172259018 5214
1649035956739 0.023455279585905372 5264
1649035981918 0.035620155719807374 5314
1649036007506 0.029359333985485136 5364
1649036032736 0.02405558996833861 5414
1649036057704 0.032352461903356014 5464
1649036083003 0.03277969346148893 5514
1649036107910 0.027996294733602555 5564
1649036133219 0.032152638202533126 5614
1649036158760 0.0335881426744163 5664
1649036183922 0.03161357909440994 5714
1649036209236 0.026688281979877503 5764
1649036234295 0.029244343221653254 5814
1649036259356 0.029223727304488422 5864
1649036383713 0.023588144842069596 5921
1649036408718 0.028274819389916956 5971
1649036434234 0.023091034877579658 6021
1649036459373 0.025293501485139133 6071
1649036483948 0.026381856556981803 6121
1649036509119 0.026841135418508202 6171
1649036534455 0.030652310843579472 6221
1649036560144 0.03207828908460215 6271
1649036584877 0.03081505896523595 6321
1649036610173 0.034047584573272616 6371
1649036634891 0.03283160411985591 6421
1649036659627 0.02725689954822883 6471
1649036684437 0.03309568597236648 6521
1649036709291 0.028284756825305523 6571
1649036733952 0.029672954455018042 6621
1649036758435 0.03636996902991086 6671
1649036783336 0.029911342980340122 6721
1649036808413 0.03317735960707068 6771
1649036833518 0.03060301307705231 6821
1649036858716 0.030204571338836105 6871
1649036883784 0.033426363219041376 6921
1649036908884 0.030411479244357907 6971
1649036933752 0.023248486805241556 7021
1649036958669 0.030948360338807105 7071
1649036983933 0.017460052859969436 7121
1649037009065 0.03407794223399833 7171
1649037034214 0.03235746679129079 7221
1649037058959 0.02372843031771481 7271
1649037084038 0.023961423789151014 7321
1649037109098 0.030069808894768357 7371
1649037134380 0.03174573977710679 7421
1649037159406 0.03333535610232502 7471
1649037184237 0.03642040779348463 7521
1649037208897 0.019467244516126813 7571
1649037234213 0.029974865878466518 7621
1649037259341 0.028061881768517195 7671
1649037284432 0.03183704726863652 7721
1649037309181 0.031085138954222203 7771
1649037334195 0.024838843807810918 7821
1649037457000 0.02192780178040266 7878
1649037482262 0.030851591024547816 7928
1649037507570 0.026830326583003626 7978
1649037533047 0.031619017261546103 8028
1649037558132 0.021171173353213817 8078
1649037583611 0.02819738302147016 8128
1649037608960 0.03420626403298229 8178
1649037634241 0.025736280258279294 8228
1649037659335 0.03049914550036192 8278
1649037684254 0.032512619438348336 8328
1649037709308 0.032144383850973096 8378
1649037734359 0.02377351015340537 8428
1649037759574 0.022171951544005423 8478
1649037784547 0.023829147713258864 8528
1649037809328 0.03658342757029459 8578
1649037834135 0.022034517037682236 8628
1649037858968 0.028539058966562152 8678
1649037884186 0.026487938695354388 8728
1649037909417 0.026982341264374553 8778
1649037934238 0.034047272074967626 8828
1649037959141 0.023215577118098737 8878
1649037984246 0.029692573496140538 8928
1649038009277 0.03766541065648198 8978
1649038034317 0.027233200687915085 9028
1649038059332 0.027789575734641404 9078
1649038084226 0.02515598843805492 9128
1649038109237 0.02356328262714669 9178
1649038134713 0.02609809143701568 9228
1649038159935 0.025219712080433963 9278
1649038185112 0.03420969748171046 9328
1649038210231 0.02442036780761555 9378
1649038235275 0.02847649830277078 9428
1649038260594 0.02772540821461007 9478
1649038285816 0.030673252404667437 9528
1649038310977 0.02705920481821522 9578
1649038336342 0.01971731217112392 9628
1649038361331 0.027648596139624716 9678
1649038386816 0.030318806315772235 9728
1649038411931 0.02444701761007309 9778
1649038536193 0.019557598631363363 9835
1649038561248 0.022430629588197918 9885
1649038585832 0.02592163735534996 9935
1649038610969 0.022139821412274614 9985
1649038635711 0.026546522453427316 10035
1649038660869 0.02600306197302416 10085
1649038686157 0.031245432143332436 10135
1649038711266 0.021541206506080924 10185
1649038736155 0.02723545906599611 10235
1649038760960 0.025398495292756708 10285
1649038785609 0.02231318240053952 10335
1649038810427 0.02350610826164484 10385
1649038835535 0.028730834843590857 10435
1649038860822 0.024751144903711976 10485
1649038886267 0.01868084422778338 10535
1649038911384 0.027085622837767005 10585
1649038936766 0.02995039807865396 10635
1649038961667 0.018135159688536077 10685
1649038986593 0.032972937505692246 10735
1649039011945 0.022239240071503446 10785
1649039036719 0.02760543442098424 10835
1649039061680 0.03130359817994759 10885
1649039086793 0.031386795602738854 10935
1649039111713 0.024875618549995124 10985
1649039136546 0.027110778116621076 11035
1649039161757 0.029184089174959807 11085
1649039186709 0.027378879855386912 11135
1649039211835 0.031326209257822486 11185
1649039237284 0.02727703728713095 11235
1649039262416 0.03127854113699868 11285
1649039287068 0.033778249938040975 11335
1649039311997 0.03036130965105258 11385
1649039336846 0.018435340325813742 11435
1649039361829 0.025560843260027468 11485
1649039387270 0.02594415151979774 11535
1649039412933 0.030263241082429886 11585
1649039438046 0.027500229021534324 11635
1649039463195 0.02616527818958275 11685
1649039488173 0.037363963299430904 11735
1649039610944 0.032816495979204774 11792
1649039636179 0.02696086432202719 11842
1649039661378 0.023340087942779066 11892
1649039686670 0.030515122823417187 11942
1649039712218 0.02439858142985031 11992
1649039737165 0.0228996606124565 12042
1649039762442 0.02949322756379843 12092
1649039787438 0.025487063387408852 12142
1649039812185 0.0190596181480214 12192
1649039837297 0.025475084902718662 12242
1649039862737 0.02034057413926348 12292
1649039888304 0.019316010565962643 12342
1649039913345 0.022147791187744587 12392
1649039938523 0.030264703903812914 12442
1649039963268 0.03323572571389377 12492
1649039988252 0.03909249525167979 12542
1649040013176 0.02852686228463426 12592
1649040037915 0.021933468035422267 12642
1649040062935 0.028944537956267596 12692
1649040088012 0.02298327788943425 12742
1649040112981 0.024276794251054525 12792
1649040137768 0.026801501035224648 12842
1649040162826 0.023964308332651854 12892
1649040187665 0.024407210750505327 12942
1649040212678 0.023074742446187884 12992
1649040237470 0.0225694089056924 13042
1649040262087 0.02601422038162127 13092
1649040286793 0.0214230405644048 13142
1649040311748 0.02243529001250863 13192
1649040336721 0.02226481169229373 13242
1649040361597 0.027810014055576177 13292
1649040386654 0.034870750922709706 13342
1649040411354 0.023784192727180197 13392
1649040436561 0.020708069565007464 13442
1649040461756 0.025769055301789193 13492
1649040486150 0.025056687674950808 13542
1649040511080 0.02756667568348348 13592
1649040536245 0.03224887193646282 13642
1649040561580 0.024828016459941864 13692
1649040685824 0.02533793359529227 13749
1649040710711 0.028408736221026628 13799
1649040735789 0.023202770221978426 13849
1649040760869 0.02001086958684027 13899
1649040785957 0.03160115055274218 13949
1649040810817 0.022249356894753873 13999
1649040835711 0.030766357206739484 14049
1649040860714 0.02915832637809217 14099
1649040885629 0.027852101239841432 14149
1649040910772 0.02410189226269722 14199
1649040935768 0.021962037491612137 14249
1649040960713 0.02599883473943919 14299
1649040985864 0.020314661760348827 14349
1649041010704 0.025319634233601392 14399
1649041035918 0.029107319365721196 14449
1649041060770 0.021647655447013678 14499
1649041085715 0.02731788579141721 14549
1649041110505 0.029964610289316625 14599
1649041135297 0.024402717985212805 14649
1649041160847 0.025543136645574123 14699
1649041185592 0.026751328292302787 14749
1649041210888 0.02268696845276281 14799
1649041235765 0.023716109679080544 14849
1649041260795 0.029515259955078362 14899
1649041285807 0.02219790526665747 14949
1649041310798 0.028587700357893483 14999
1649041335712 0.022859989684075117 15049
1649041360882 0.0175596918258816 15099
1649041385927 0.027714716515038162 15149
1649041411138 0.024284349537920205 15199
1649041436180 0.023602114384993912 15249
1649041460830 0.02319237819639966 15299
1649041486121 0.024814722035080193 15349
1649041511349 0.02253187423804775 15399
1649041536238 0.01734229676425457 15449
1649041562274 0.02783059092471376 15499
1649041587326 0.03193361841375008 15549
1649041612337 0.018692434248514474 15599
1649041637290 0.020466893473640085 15649
1649041761239 0.02720567803015001 15706
1649041786205 0.027335695649962872 15756
1649041811139 0.018845894845435397 15806
1649041835873 0.029048862094059588 15856
1649041860939 0.023173217566218228 15906
1649041885818 0.01709236811613664 15956
1649041911488 0.01939789043099154 16006
1649041936765 0.014536239402368666 16056
1649041962042 0.023593208584934473 16106
1649041987363 0.02004013016121462 16156
1649042012672 0.020527736768126487 16206
1649042037735 0.028569320742972196 16256
1649042062358 0.024646688700886443 16306
1649042087123 0.024187814285978673 16356
1649042112585 0.018297873922856523 16406
1649042138030 0.02755843436694704 16456
1649042163231 0.02063206579303369 16506
1649042188292 0.014382306071929633 16556
1649042213686 0.018946619486669078 16606
1649042238715 0.023495243170764298 16656
1649042263424 0.019039901605574415 16706
1649042288790 0.01897301653167233 16756
1649042313709 0.022104172045364977 16806
1649042338515 0.017437145574949683 16856
1649042363206 0.02263085508951917 16906
1649042388245 0.026836244981968776 16956
1649042413155 0.018622920077759772 17006
1649042438190 0.022808962939307093 17056
1649042462811 0.022087995025794952 17106
1649042487689 0.015431108568445779 17156
1649042512411 0.018889754819683732 17206
1649042537409 0.02020451130112633 17256
1649042562180 0.026749265847029163 17306
1649042586770 0.01935354878893122 17356
1649042611859 0.020218029643874615 17406
1649042637219 0.025091934555675835 17456
1649042662199 0.023285922943614423 17506
1649042687230 0.017665307947900145 17556
1649042712241 0.022451222825329752 17606
1649042834719 0.02027898653759621 17663
1649042860040 0.019882031169254334 17713
1649042885265 0.01522775695542805 17763
1649042910257 0.02158546055899933 17813
1649042935430 0.019161496149608867 17863
1649042960939 0.016944535714574157 17913
1649042986288 0.017189650154905395 17963
1649043011389 0.019464822959853335 18013
1649043036395 0.022215931648388504 18063
1649043061843 0.01840054627158679 18113
1649043086994 0.017339362169150264 18163
1649043112227 0.021243509275373072 18213
1649043137180 0.01923760779434815 18263
1649043162372 0.017235984031576664 18313
1649043187864 0.019695538645610213 18363
1649043212731 0.021399276887532324 18413
1649043237842 0.02072437604307197 18463
1649043262547 0.01835069600259885 18513
1649043287347 0.019994842312298713 18563
1649043312042 0.022397589609026908 18613
1649043337552 0.015374652047175913 18663
1649043362807 0.027453704946674408 18713
1649043387611 0.02066859047859907 18763
1649043413290 0.028393508624285458 18813
1649043438338 0.020812564408406616 18863
1649043463256 0.023375406563282013 18913
1649043488959 0.022647571414709092 18963
1649043513872 0.027479767779586838 19013
1649043538769 0.019665603755274787 19063
1649043564007 0.014423554057721048 19113
1649043588840 0.024061809757258742 19163
1649043613778 0.017226200266741216 19213
1649043638704 0.022880964274518193 19263
1649043663754 0.017813899798784404 19313
1649043688981 0.02431040176015813 19363
1649043713689 0.01784025599481538 19413
1649043738773 0.020556281509343535 19463
1649043763753 0.02430596622871235 19513
1649043788702 0.023744423030875622 19563
1649043911912 0.01930920109851286 19620
1649043937384 0.017365615209564568 19670
1649043962290 0.018656148377922364 19720
1649043987261 0.015258693845826201 19770
1649044012395 0.02107164793647826 19820
1649044037731 0.023214532486163078 19870
1649044062526 0.013694748282432556 19920
1649044087378 0.027236393021885307 19970
1649044112267 0.022894045629072934 20020
1649044137358 0.01426762088900432 20070
1649044162227 0.019462783053750172 20120
1649044186897 0.01944524590508081 20170
1649044212166 0.02130448616342619 20220
1649044238432 0.018668769060168414 20270
1649044264013 0.021862121550366282 20320
1649044289907 0.01830025651375763 20370
1649044315122 0.01891281115647871 20420
1649044340417 0.018794853438157587 20470
1649044365589 0.02023307791328989 20520
1649044390455 0.02026035540504381 20570
1649044415671 0.02100162228103727 20620
1649044440730 0.017850194240454583 20670
1649044465726 0.01705007968354039 20720
1649044490718 0.024185818190453574 20770
1649044516833 0.018430004338733853 20820
1649044542274 0.01430682568694465 20870
1649044567373 0.021709456236567348 20920
1649044592922 0.018752430642489343 20970
1649044618131 0.02429229225264862 21020
1649044642874 0.023112779611255973 21070
1649044667998 0.02353673876612447 21120
1649044693227 0.021487606201553718 21170
1649044718307 0.01839647572953254 21220
1649044743522 0.018023768502753227 21270
1649044768786 0.018685287449043245 21320
1649044793948 0.017724088786635547 21370
1649044819263 0.021252719808835537 21420
1649044844277 0.017254911881173028 21470
1649044869158 0.022245730552822352 21520
1649044991579 0.02542079659877345 21577
1649045016716 0.018236331843072547 21627
1649045041571 0.01767856553662568 21677
1649045066410 0.015042603985057213 21727
1649045091583 0.019908888565842064 21777
1649045116647 0.020063458752119914 21827
1649045141491 0.019612561783287675 21877
1649045166682 0.02307445568498224 21927
1649045191615 0.01909882885753177 21977
1649045216857 0.017516705313464626 22027
1649045242339 0.023050358477048574 22077
1649045267568 0.017548651432734916 22127
1649045292122 0.019560241715516895 22177
1649045316730 0.019363695150241257 22227
1649045341489 0.01666781509062275 22277
1649045366106 0.01782603451050818 22327
1649045391261 0.019966812839265914 22377
1649045416638 0.01642924923915416 22427
1649045441590 0.01671829930623062 22477
1649045466719 0.014612719429424032 22527
1649045491950 0.017665105058113112 22577
1649045516830 0.024800798722426406 22627
1649045542104 0.021312854380812495 22677
1649045567236 0.015976899032248183 22727
1649045592305 0.021249096441315486 22777
1649045617969 0.021000806791707873 22827
1649045643147 0.01934242617338896 22877
1649045668095 0.01752038827398792 22927
1649045692852 0.017189161539427004 22977
1649045717719 0.015740852272138 23027
1649045742369 0.0192668025707826 23077
1649045767384 0.01869842713465914 23127
1649045792270 0.02076460307929665 23177
1649045817255 0.02173590307123959 23227
1649045842277 0.01430545364972204 23277
1649045867228 0.020119749794248493 23327
1649045892083 0.023981799234170466 23377
1649045917325 0.019393954544793816 23427
1649045942575 0.020587933799251914 23477
