1649033151580 2.8986520957946778 50
1649033176207 1.058513171672821 100
1649033200928 0.8549955624341965 150
1649033225278 0.6649265530705452 200
1649033250387 0.8134573838114738 250
1649033275471 0.8186885887384414 300
1649033300227 0.6302534613013268 350
1649033325387 0.695641221255064 400
1649033350366 0.8384339958429337 450
1649033375425 0.8342759227752685 500
1649033400264 0.8581761211156845 550
1649033425318 0.8299512967467308 600
1649033450294 0.8235926234722137 650
1649033475305 0.8920321360230445 700
1649033500263 0.8868555441498757 750
1649033524976 0.7662955597043037 800
1649033550039 0.8294235575199127 850
1649033575117 1.0126855814456939 900
1649033600182 0.9299232068657876 950
1649033625157 0.8518222451210022 1000
1649033650069 0.9480762860178947 1050
1649033675077 0.9818967363238335 1100
1649033700709 1.0200807389616966 1150
1649033726397 1.007819600701332 1200
1649033752239 0.804908143877983 1250
1649033777811 0.8689469161629677 1300
1649033803091 0.929096702337265 1350
1649033828381 0.9227221837639809 1400
1649033853406 0.9801963526010513 1450
1649033878660 0.9149952062964439 1500
1649033903797 0.9020418238639831 1550
1649033929001 0.9137457126379013 1600
1649033953994 0.9659127402305603 1650
1649033979458 0.8159215831756592 1700
1649034004174 0.9605363190174103 1750
1649034029651 0.9272091659903526 1800
1649034054866 0.8075918719172478 1850
1649034079739 0.8868761831521987 1900
1649034104748 0.9194771012663842 1950
1649034226689 0.8784131833910942 2007
1649034251602 0.8936171823740006 2057
1649034276724 0.9589008855819702 2107
1649034301749 0.8991668438911438 2157
1649034326652 0.888770785331726 2207
1649034351945 0.8824532291293145 2257
1649034376816 0.8724014973640442 2307
1649034401850 0.7875160056352616 2357
1649034427265 0.9545955699682236 2407
1649034452237 0.9327078256011009 2457
1649034477207 0.8499746465682984 2507
1649034502474 0.9068280869722366 2557
1649034527484 0.7128201851248741 2607
1649034552766 0.8575712844729424 2657
1649034577802 0.8375290265679359 2707
1649034602837 0.7912131951749325 2757
1649034627651 0.9460124379396438 2807
1649034652187 0.8906424504518509 2857
1649034677236 0.9889758095145226 2907
1649034702273 0.8902429133653641 2957
1649034727403 0.7142368334531785 3007
1649034752315 0.8848222349584103 3057
1649034777259 0.8350377088785171 3107
1649034802449 0.8704766955971718 3157
1649034827227 0.8769879147410393 3207
1649034852300 0.9033456471562386 3257
1649034877343 0.8585882446169854 3307
1649034902713 0.7720035344362259 3357
1649034928101 0.9194524416327476 3407
1649034953332 0.8173765280842781 3457
1649034978206 0.8382115513086319 3507
1649035003218 0.7768355357646942 3557
1649035027815 0.8970357343554497 3607
1649035053247 0.7483688285946846 3657
1649035078226 0.8481267821788788 3707
1649035103283 0.7161309492588043 3757
1649035128493 0.752885824739933 3807
1649035153410 0.9996711471676827 3857
1649035179222 0.8893370109796525 3907
1649035302273 0.8140191054344177 3964
1649035327487 0.8675296247005463 4014
1649035352953 0.8066026416420936 4064
1649035378271 0.8593617154657841 4114
1649035403855 0.8640519753098488 4164
1649035429266 0.9132761588692665 4214
1649035454788 0.7473179659247399 4264
1649035480056 0.7431362092494964 4314
1649035504831 0.8995971158146858 4364
1649035529814 0.8570571175217628 4414
1649035554862 0.804501639008522 4464
1649035579822 0.7995439505577088 4514
1649035604677 0.8305919796228409 4564
1649035630118 0.8548814949393272 4614
1649035655626 0.7353608438372612 4664
1649035680888 0.8238784345984459 4714
1649035705827 0.871016418337822 4764
1649035730882 0.7109203431010246 4814
1649035756300 0.8076573470234871 4864
1649035781470 0.6950876912474633 4914
1649035806392 0.765020855665207 4964
1649035831696 0.8285579496622085 5014
1649035856372 0.7286144141852856 5064
1649035881466 0.7997530353069305 5114
1649035906847 0.7381107288599015 5164
1649035931709 0.7301263257861137 5214
1649035956739 0.7754414781928063 5264
1649035981918 0.8587757143378257 5314
1649036007506 0.781277107745409 5364
1649036032736 0.8168927100300789 5414
1649036057704 0.9087758749723435 5464
1649036083003 0.9223873905837536 5514
1649036107910 0.7780079227685929 5564
1649036133219 0.808948608636856 5614
1649036158760 0.8608369593322277 5664
1649036183922 0.7733544494211674 5714
1649036209236 0.8245001843571663 5764
1649036234295 0.7573116677999496 5814
1649036259356 0.80386824041605 5864
1649036383713 0.6248579095304012 5921
1649036408718 0.8431000763177872 5971
1649036434234 0.7168196304142476 6021
1649036459373 0.7449798113107682 6071
1649036483948 0.6358967658877372 6121
1649036509119 0.8103632745146752 6171
1649036534455 0.8132550859451294 6221
1649036560144 0.670956803560257 6271
1649036584877 0.7949767631292343 6321
1649036610173 0.7625987772643567 6371
1649036634891 0.8810679742693901 6421
1649036659627 0.8192925730347633 6471
1649036684437 0.8343229149281979 6521
1649036709291 0.6151386225223541 6571
1649036733952 0.7480371481180191 6621
1649036758435 0.8923711094260216 6671
1649036783336 0.7455135083198547 6721
1649036808413 0.7348457500338554 6771
1649036833518 0.8765693314373493 6821
1649036858716 0.7081068848073483 6871
1649036883784 0.8112818895280361 6921
1649036908884 0.8819557505846024 6971
1649036933752 0.6326706463098526 7021
1649036958669 0.8124323996901512 7071
1649036983933 0.6769329324364662 7121
1649037009065 0.7684442712366581 7171
1649037034214 0.8084810253977776 7221
1649037058959 0.7493235243856907 7271
1649037084038 0.7337051105499267 7321
1649037109098 0.779420957416296 7371
1649037134380 0.6931161187589169 7421
1649037159406 0.8520182448625565 7471
1649037184237 0.8384236980974674 7521
1649037208897 0.7137652194499969 7571
1649037234213 0.7989519706368446 7621
1649037259341 0.7010892602801323 7671
1649037284432 0.858770606815815 7721
1649037309181 0.8576996015012264 7771
1649037334195 0.7483615282177926 7821
1649037457000 0.6703652693331241 7878
1649037482262 0.819328545331955 7928
1649037507570 0.7207447716593742 7978
1649037533047 0.8237173156440258 8028
1649037558132 0.6412558680772782 8078
1649037583611 0.7718893513083458 8128
1649037608960 0.8385407367348671 8178
1649037634241 0.696556548923254 8228
1649037659335 0.7165702721476555 8278
1649037684254 0.7719534066319466 8328
1649037709308 0.8038607700169087 8378
1649037734359 0.6933189502358437 8428
1649037759574 0.6650747385621071 8478
1649037784547 0.7172420392930507 8528
1649037809328 0.8946414887905121 8578
1649037834135 0.6255065028369426 8628
1649037858968 0.7019170485436916 8678
1649037884186 0.6497221593558788 8728
1649037909417 0.7084095753729344 8778
1649037934238 0.7955477774143219 8828
1649037959141 0.6986632832884788 8878
1649037984246 0.7584338714182377 8928
1649038009277 0.7819047172367573 8978
1649038034317 0.668550604134798 9028
1649038059332 0.6770883639156818 9078
1649038084226 0.6710389576852321 9128
1649038109237 0.6940621912479401 9178
1649038134713 0.6970139718055726 9228
1649038159935 0.7134534530341625 9278
1649038185112 0.8438400265574455 9328
1649038210231 0.6543463848531246 9378
1649038235275 0.7114298126101494 9428
1649038260594 0.7999028620123864 9478
1649038285816 0.7169389231503009 9528
1649038310977 0.728203931003809 9578
1649038336342 0.606952216476202 9628
1649038361331 0.7756707108020783 9678
1649038386816 0.6827151156961918 9728
1649038411931 0.7133091995120049 9778
1649038536193 0.5763046014308929 9835
1649038561248 0.5800397491455078 9885
1649038585832 0.668464115858078 9935
1649038610969 0.6251994098722935 9985
1649038635711 0.6179195314645767 10035
1649038660869 0.652815254330635 10085
1649038686157 0.7175371454656124 10135
1649038711266 0.6557407163083553 10185
1649038736155 0.6722022584080696 10235
1649038760960 0.6299879856407642 10285
1649038785609 0.6454573050141335 10335
1649038810427 0.6741892105340958 10385
1649038835535 0.6863312256336213 10435
1649038860822 0.6257681052386761 10485
1649038886267 0.6454468441009521 10535
1649038911384 0.6265725299715996 10585
1649038936766 0.7727124159038067 10635
1649038961667 0.6870179417729377 10685
1649038986593 0.7479547227919102 10735
1649039011945 0.6519133104383945 10785
1649039036719 0.6907034130394458 10835
1649039061680 0.7163095198571682 10885
1649039086793 0.7340271525084973 10935
1649039111713 0.676984715461731 10985
1649039136546 0.669645444303751 11035
1649039161757 0.6846115428209305 11085
1649039186709 0.7285441143810749 11135
1649039211835 0.7288220189511776 11185
1649039237284 0.7195445215702057 11235
1649039262416 0.7607155108451843 11285
1649039287068 0.7436311912536621 11335
1649039311997 0.7278677102923393 11385
1649039336846 0.5881164103746415 11435
1649039361829 0.7229822282493115 11485
1649039387270 0.6941261705756188 11535
1649039412933 0.7688392978906632 11585
1649039438046 0.6757099698483944 11635
1649039463195 0.6463291490077973 11685
1649039488173 0.7692648737132549 11735
1649039610944 0.7028342077136039 11792
1649039636179 0.7063099816441536 11842
1649039661378 0.7761489374935627 11892
1649039686670 0.666041387617588 11942
1649039712218 0.6615799421072006 11992
1649039737165 0.6513081017136574 12042
1649039762442 0.6435754680633545 12092
1649039787438 0.653922830671072 12142
1649039812185 0.542830272167921 12192
1649039837297 0.6383832964301109 12242
1649039862737 0.5648450800776481 12292
1649039888304 0.578589074537158 12342
1649039913345 0.6466518591344357 12392
1649039938523 0.7512368451058865 12442
1649039963268 0.7561591565608978 12492
1649039988252 0.7286479875445366 12542
1649040013176 0.6197185575962066 12592
1649040037915 0.6056282918900251 12642
1649040062935 0.6816941602528095 12692
1649040088012 0.6288312061131001 12742
1649040112981 0.67923385694623 12792
1649040137768 0.6571590535342693 12842
1649040162826 0.5990202473104 12892
1649040187665 0.6877561296522617 12942
1649040212678 0.5320877569913864 12992
1649040237470 0.5676555232703686 13042
1649040262087 0.6625699634850025 13092
1649040286793 0.6418720187246799 13142
1649040311748 0.6047049629688263 13192
1649040336721 0.594341346770525 13242
1649040361597 0.6600474478304386 13292
1649040386654 0.7350564375519753 13342
1649040411354 0.7041814212501049 13392
1649040436561 0.5191006900370121 13442
1649040461756 0.6638534334301949 13492
1649040486150 0.6057365916669368 13542
1649040511080 0.6386180065572262 13592
1649040536245 0.7319991724193096 13642
1649040561580 0.7299793541431427 13692
1649040685824 0.6584061576426029 13749
1649040710711 0.5932226039469242 13799
1649040735789 0.569787824600935 13849
1649040760869 0.5212091372907162 13899
1649040785957 0.6737100493907928 13949
1649040810817 0.6277076730132103 13999
1649040835711 0.7601230743527413 14049
1649040860714 0.6021418753266334 14099
1649040885629 0.5793452105671167 14149
1649040910772 0.688138572871685 14199
1649040935768 0.597225179374218 14249
1649040960713 0.5878682635724545 14299
1649040985864 0.5859180870652199 14349
1649041010704 0.6681014512479305 14399
1649041035918 0.7624412979185581 14449
1649041060770 0.5334830337762833 14499
1649041085715 0.6321496935188771 14549
1649041110505 0.6293110309541226 14599
1649041135297 0.6600668498873711 14649
1649041160847 0.5974765211343765 14699
1649041185592 0.6830170698463917 14749
1649041210888 0.6099782037734985 14799
1649041235765 0.6394841141998768 14849
1649041260795 0.621180289387703 14899
1649041285807 0.6528840687125921 14949
1649041310798 0.6287260416150093 14999
1649041335712 0.6149731388688088 15049
1649041360882 0.5547924049198627 15099
1649041385927 0.6331444610655308 15149
1649041411138 0.5231041879951954 15199
1649041436180 0.5431440665572882 15249
1649041460830 0.5898136445879936 15299
1649041486121 0.6353568986058236 15349
1649041511349 0.6503036437928676 15399
1649041536238 0.46170152083039284 15449
1649041562274 0.6791387052834034 15499
1649041587326 0.659950674623251 15549
1649041612337 0.5553401903063059 15599
1649041637290 0.5952142085134983 15649
1649041761239 0.5588822424411773 15706
1649041786205 0.521415919587016 15756
1649041811139 0.4537276492267847 15806
1649041835873 0.5808128646016121 15856
1649041860939 0.5014444494247436 15906
1649041885818 0.4715195159614086 15956
1649041911488 0.5167510538175702 16006
1649041936765 0.43023637965321543 16056
1649041962042 0.5434991983324289 16106
1649041987363 0.4969515699893236 16156
1649042012672 0.4950713413953781 16206
1649042037735 0.6254381735622883 16256
1649042062358 0.5347141007333994 16306
1649042087123 0.5383860838413238 16356
1649042112585 0.45070017263293266 16406
1649042138030 0.508381924405694 16456
1649042163231 0.4043270917236805 16506
1649042188292 0.43136749140918257 16556
1649042213686 0.4888968662172556 16606
1649042238715 0.5430175054073334 16656
1649042263424 0.4160230429470539 16706
1649042288790 0.4463520622998476 16756
1649042313709 0.45027981273829937 16806
1649042338515 0.4630324520170689 16856
1649042363206 0.4725719294697046 16906
1649042388245 0.5574812001734972 16956
1649042413155 0.49764395639300346 17006
1649042438190 0.4433774407207966 17056
1649042462811 0.5800706956535577 17106
1649042487689 0.44475952208042147 17156
1649042512411 0.44093535721302035 17206
1649042537409 0.4672780481725931 17256
1649042562180 0.595721590258181 17306
1649042586770 0.5028255075216294 17356
1649042611859 0.45718392297625543 17406
1649042637219 0.5686778439581395 17456
1649042662199 0.4990862268209457 17506
1649042687230 0.4271139533817768 17556
1649042712241 0.4856971547752619 17606
1649042834719 0.4262362929433584 17663
1649042860040 0.4448008502274752 17713
1649042885265 0.3706755465269089 17763
1649042910257 0.47127959698438643 17813
1649042935430 0.4011008673906326 17863
1649042960939 0.4381157471239567 17913
1649042986288 0.4294835590571165 17963
1649043011389 0.48949929744005205 18013
1649043036395 0.544694444462657 18063
1649043061843 0.43379013769328595 18113
1649043086994 0.4001684866845608 18163
1649043112227 0.4635487043112516 18213
1649043137180 0.4594654795527458 18263
1649043162372 0.3984581434726715 18313
1649043187864 0.409726418107748 18363
1649043212731 0.4403217763453722 18413
1649043237842 0.4623242612183094 18463
1649043262547 0.40233594350516794 18513
1649043287347 0.4165236163139343 18563
1649043312042 0.4994985994696617 18613
1649043337552 0.41217002242803574 18663
1649043362807 0.5497480104863643 18713
1649043387611 0.5037683199718594 18763
1649043413290 0.5437124797701836 18813
1649043438338 0.4780483369529247 18863
1649043463256 0.479597689807415 18913
1649043488959 0.4797973769903183 18963
1649043513872 0.4975793088972569 19013
1649043538769 0.44761995524168013 19063
1649043564007 0.38517140798270705 19113
1649043588840 0.44542301844805476 19163
1649043613778 0.40605435110628607 19213
1649043638704 0.535343736410141 19263
1649043663754 0.4342574817687273 19313
1649043688981 0.44173782616853713 19363
1649043713689 0.3977379820868373 19413
1649043738773 0.4464209732413292 19463
1649043763753 0.48343578465282916 19513
1649043788702 0.4622087836638093 19563
1649043911912 0.4798812332749367 19620
1649043937384 0.3785146199911833 19670
1649043962290 0.33151731941848994 19720
1649043987261 0.39331564377993344 19770
1649044012395 0.4932533033192158 19820
1649044037731 0.5080676800757646 19870
1649044062526 0.3499776251614094 19920
1649044087378 0.4892441682517529 19970
1649044112267 0.5071684288978576 20020
1649044137358 0.33493003018200396 20070
1649044162227 0.4217966689914465 20120
1649044186897 0.3801040342077613 20170
1649044212166 0.48509651634842155 20220
1649044238432 0.37097021952271464 20270
1649044264013 0.45482866615056994 20320
1649044289907 0.4289481630921364 20370
1649044315122 0.45126011125743387 20420
1649044340417 0.39002685621380806 20470
1649044365589 0.4247255899757147 20520
1649044390455 0.42908720958977936 20570
1649044415671 0.4496222633868456 20620
1649044440730 0.45153689943253994 20670
1649044465726 0.42193106062710284 20720
1649044490718 0.4608553996682167 20770
1649044516833 0.4096967980265617 20820
1649044542274 0.32357512272894384 20870
1649044567373 0.4288011933863163 20920
1649044592922 0.3974123278260231 20970
1649044618131 0.4389084390178323 21020
1649044642874 0.39699367702007293 21070
1649044667998 0.49691511131823063 21120
1649044693227 0.4644520165026188 21170
1649044718307 0.4172656166553497 21220
1649044743522 0.4434439490735531 21270
1649044768786 0.3809532004594803 21320
1649044793948 0.4116014550626278 21370
1649044819263 0.45898348577320575 21420
1649044844277 0.4325740828365088 21470
1649044869158 0.4197897116467357 21520
1649044991579 0.46488414019346236 21577
1649045016716 0.4152206739038229 21627
1649045041571 0.4288642221316695 21677
1649045066410 0.3826189447939396 21727
1649045091583 0.3874641264975071 21777
1649045116647 0.4349700711667538 21827
1649045141491 0.4001709982007742 21877
1649045166682 0.4130695326626301 21927
1649045191615 0.4527687729895115 21977
1649045216857 0.3875806937366724 22027
1649045242339 0.4928850951045752 22077
1649045267568 0.38312475360929965 22127
1649045292122 0.3898579852283001 22177
1649045316730 0.3345831760391593 22227
1649045341489 0.4135472520813346 22277
1649045366106 0.4235922122001648 22327
1649045391261 0.3604085086286068 22377
1649045416638 0.42143701266497374 22427
1649045441590 0.3580378587543964 22477
1649045466719 0.3338317093253136 22527
1649045491950 0.38340451948344706 22577
1649045516830 0.4153189443796873 22627
1649045542104 0.45360737018287184 22677
1649045567236 0.38373838618397715 22727
1649045592305 0.49586618833243845 22777
1649045617969 0.4303179020434618 22827
1649045643147 0.3761639077961445 22877
1649045668095 0.33772721827030183 22927
1649045692852 0.3834465485066175 22977
1649045717719 0.3747920212894678 23027
1649045742369 0.35706127498298884 23077
1649045767384 0.39101555742323396 23127
1649045792270 0.4325407072156668 23177
1649045817255 0.42559961713850497 23227
1649045842277 0.3426009585335851 23277
1649045867228 0.39674113228917124 23327
1649045892083 0.5056591901183128 23377
1649045917325 0.4142955945804715 23427
1649045942575 0.41153939209878443 23477
