1649033151580 0.6641284668445587 50
1649033176207 0.4509370285272598 100
1649033200928 0.22721860453486442 150
1649033225278 0.1202215376496315 200
1649033250387 0.1253996966779232 250
1649033275471 0.12222792401909828 300
1649033300227 0.07069156121462583 350
1649033325387 0.07550876494497061 400
1649033350366 0.07945312235504388 450
1649033375425 0.07339819632470608 500
1649033400264 0.0797140334919095 550
1649033425318 0.06269541941583157 600
1649033450294 0.0567785376869142 650
1649033475305 0.06792479274794459 700
1649033500263 0.06295372380409389 750
1649033524976 0.06060287970118225 800
1649033550039 0.048304103435948494 850
1649033575117 0.07779246190562844 900
1649033600182 0.07050799172371626 950
1649033625157 0.05204056733287871 1000
1649033650069 0.06522275702096522 1050
1649033675077 0.06061463283374906 1100
1649033700709 0.06813438897021115 1150
1649033726397 0.07165379006415605 1200
1649033752239 0.04149935451336205 1250
1649033777811 0.05599261624738574 1300
1649033803091 0.05342374038882554 1350
1649033828381 0.05894889467395842 1400
1649033853406 0.05261825599707663 1450
1649033878660 0.05020585161633789 1500
1649033903797 0.05549561362015083 1550
1649033929001 0.05379216185770929 1600
1649033953994 0.07066756643354893 1650
1649033979458 0.04420254938304424 1700
1649034004174 0.06464147984981537 1750
1649034029651 0.05415461552329361 1800
1649034054866 0.03528051760047674 1850
1649034079739 0.05721196225844324 1900
1649034104748 0.04890622491016984 1950
1649034226689 0.04076415613293648 2007
1649034251602 0.04134772981517017 2057
1649034276724 0.05426538738422096 2107
1649034301749 0.04140595342963934 2157
1649034326652 0.037727613565512 2207
1649034351945 0.04863042775541544 2257
1649034376816 0.050126411961391566 2307
1649034401850 0.03343714914750308 2357
1649034427265 0.04337430734885857 2407
1649034452237 0.05180452970787883 2457
1649034477207 0.04440379653126001 2507
1649034502474 0.035789544573053715 2557
1649034527484 0.029834944834001363 2607
1649034552766 0.03779004300595261 2657
1649034577802 0.03454154613427818 2707
1649034602837 0.03693261257838458 2757
1649034627651 0.04430670044384897 2807
1649034652187 0.04186229610349983 2857
1649034677236 0.049913268410600724 2907
1649034702273 0.03679395811166614 2957
1649034727403 0.03968021617503837 3007
1649034752315 0.04409850779920817 3057
1649034777259 0.05344570592511445 3107
1649034802449 0.03831176936626434 3157
1649034827227 0.046474641021341086 3207
1649034852300 0.045014252106193454 3257
1649034877343 0.049649385809898375 3307
1649034902713 0.0424443699978292 3357
1649034928101 0.06338772024028003 3407
1649034953332 0.04167224782053381 3457
1649034978206 0.03560342999175191 3507
1649035003218 0.03669631606899202 3557
1649035027815 0.04922012368217111 3607
1649035053247 0.03353805826045573 3657
1649035078226 0.04786211221013218 3707
1649035103283 0.029775983358267696 3757
1649035128493 0.03468572170007974 3807
1649035153410 0.06286712211556733 3857
1649035179222 0.04157340651378036 3907
1649035302273 0.03079208210343495 3964
1649035327487 0.03948908913880587 4014
1649035352953 0.0361123527539894 4064
1649035378271 0.04501559104770422 4114
1649035403855 0.03746773674152792 4164
1649035429266 0.039000080856494604 4214
1649035454788 0.03235698967240751 4264
1649035480056 0.030491437854943796 4314
1649035504831 0.03651829437352717 4364
1649035529814 0.03888871649978683 4414
1649035554862 0.03506474496796727 4464
1649035579822 0.03291161131346598 4514
1649035604677 0.03688963625114411 4564
1649035630118 0.038938039215281606 4614
1649035655626 0.03350995487067848 4664
1649035680888 0.034054280021227894 4714
1649035705827 0.03006550150923431 4764
1649035730882 0.03203675214201212 4814
1649035756300 0.03771191695472226 4864
1649035781470 0.02441129378043115 4914
1649035806392 0.03290428766049445 4964
1649035831696 0.04243910663062707 5014
1649035856372 0.03232332792133093 5064
1649035881466 0.031836443946231155 5114
1649035906847 0.030709350479301064 5164
1649035931709 0.04148263663984835 5214
1649035956739 0.02937441737856716 5264
1649035981918 0.04089668387081474 5314
1649036007506 0.041092361023183914 5364
1649036032736 0.032652172319358214 5414
1649036057704 0.035294934627600014 5464
1649036083003 0.04106006664223969 5514
1649036107910 0.0391360654309392 5564
1649036133219 0.03261041696881875 5614
1649036158760 0.04060601752251387 5664
1649036183922 0.04140170067548752 5714
1649036209236 0.03149788371985778 5764
1649036234295 0.03711764595936984 5814
1649036259356 0.03560411718906835 5864
1649036383713 0.025139218545518816 5921
1649036408718 0.02709408464259468 5971
1649036434234 0.024835556233301758 6021
1649036459373 0.03132605085964315 6071
1649036483948 0.02899268499109894 6121
1649036509119 0.027770015770802275 6171
1649036534455 0.03451313843019307 6221
1649036560144 0.027953186091035604 6271
1649036584877 0.032856599614024165 6321
1649036610173 0.03609187019639649 6371
1649036634891 0.03834593908861279 6421
1649036659627 0.028976390762254597 6471
1649036684437 0.034918256521923464 6521
1649036709291 0.022004733078647407 6571
1649036733952 0.0301830463623628 6621
1649036758435 0.03566263796761632 6671
1649036783336 0.032785748264286665 6721
1649036808413 0.026884832507930695 6771
1649036833518 0.0366231193440035 6821
1649036858716 0.024426188124343752 6871
1649036883784 0.03237473981396761 6921
1649036908884 0.035589729947969315 6971
1649036933752 0.022322806008160116 7021
1649036958669 0.035214601003099234 7071
1649036983933 0.02410307962214574 7121
1649037009065 0.044415664453990755 7171
1649037034214 0.029989348670933395 7221
1649037058959 0.0306464558839798 7271
1649037084038 0.03136800591601059 7321
1649037109098 0.03738322385586798 7371
1649037134380 0.028196497245226056 7421
1649037159406 0.030423245496349408 7471
1649037184237 0.041257465835660694 7521
1649037208897 0.02851026176009327 7571
1649037234213 0.027787520077545196 7621
1649037259341 0.027127042394131422 7671
1649037284432 0.04603791485540569 7721
1649037309181 0.033846189775504174 7771
1649037334195 0.03591319726081565 7821
1649037457000 0.026796727599576117 7878
1649037482262 0.027516498835757373 7928
1649037507570 0.024354025069624186 7978
1649037533047 0.027646852530306205 8028
1649037558132 0.022459725837688894 8078
1649037583611 0.028024748598691075 8128
1649037608960 0.031781996744684876 8178
1649037634241 0.02135333656333387 8228
1649037659335 0.031621047465596346 8278
1649037684254 0.03449535842053592 8328
1649037709308 0.03468664734391495 8378
1649037734359 0.02563673659460619 8428
1649037759574 0.02249628357065376 8478
1649037784547 0.02818764639319852 8528
1649037809328 0.03456016998272389 8578
1649037834135 0.028991848519071935 8628
1649037858968 0.029654602814698592 8678
1649037884186 0.025924856775673105 8728
1649037909417 0.024124847617931666 8778
1649037934238 0.030368459408637135 8828
1649037959141 0.02235865912749432 8878
1649037984246 0.02868831328116357 8928
1649038009277 0.03789509618887678 8978
1649038034317 0.030070730494335295 9028
1649038059332 0.030813550013117492 9078
1649038084226 0.026591337639838456 9128
1649038109237 0.03241097117308527 9178
1649038134713 0.025040881363674997 9228
1649038159935 0.024257324181962758 9278
1649038185112 0.03471363574732095 9328
1649038210231 0.02745771243935451 9378
1649038235275 0.023797297755954787 9428
1649038260594 0.03637463213992305 9478
1649038285816 0.03238069338025525 9528
1649038310977 0.032472089082002636 9578
1649038336342 0.023391435982193797 9628
1649038361331 0.029377762305084616 9678
1649038386816 0.02695461662951857 9728
1649038411931 0.026659268278162927 9778
1649038536193 0.02035910425009206 9835
1649038561248 0.018979320114012807 9885
1649038585832 0.027436036026338116 9935
1649038610969 0.02087276487844065 9985
1649038635711 0.024864729125401937 10035
1649038660869 0.025041122962720694 10085
1649038686157 0.02719149419339374 10135
1649038711266 0.023285547128180043 10185
1649038736155 0.02610289323143661 10235
1649038760960 0.02278317088028416 10285
1649038785609 0.02081146014621481 10335
1649038810427 0.02494383057462983 10385
1649038835535 0.034026632497552785 10435
1649038860822 0.0242488537565805 10485
1649038886267 0.023050500173121692 10535
1649038911384 0.020082020878326147 10585
1649038936766 0.023048767073778436 10635
1649038961667 0.020424590509501284 10685
1649038986593 0.031943607795983556 10735
1649039011945 0.022276167261879892 10785
1649039036719 0.029389791931025686 10835
1649039061680 0.027162422698456794 10885
1649039086793 0.02696175647783093 10935
1649039111713 0.020065432538976892 10985
1649039136546 0.029227616029820637 11035
1649039161757 0.02715354347601533 11085
1649039186709 0.026644877222133802 11135
1649039211835 0.029365260077174753 11185
1649039237284 0.03162670465186238 11235
1649039262416 0.02734001590986736 11285
1649039287068 0.030828089719871058 11335
1649039311997 0.030363334817811848 11385
1649039336846 0.021466488630976527 11435
1649039361829 0.02657951248809695 11485
1649039387270 0.033554426268674435 11535
1649039412933 0.02732031892752275 11585
1649039438046 0.028219942429568618 11635
1649039463195 0.0237848429067526 11685
1649039488173 0.02556339248083532 11735
1649039610944 0.02563957419944927 11792
1649039636179 0.03134998077293858 11842
1649039661378 0.02243982482003048 11892
1649039686670 0.02554167843190953 11942
1649039712218 0.023041950246552007 11992
1649039737165 0.021815111206378787 12042
1649039762442 0.020024587211664766 12092
1649039787438 0.01912148085539229 12142
1649039812185 0.019135793346795254 12192
1649039837297 0.0207344178162748 12242
1649039862737 0.017539766874397174 12292
1649039888304 0.02055559305474162 12342
1649039913345 0.019575673376675696 12392
1649039938523 0.027709471019916235 12442
1649039963268 0.02571202515042387 12492
1649039988252 0.026987901306711137 12542
1649040013176 0.023957910694880413 12592
1649040037915 0.021533820431795903 12642
1649040062935 0.02667593795747962 12692
1649040088012 0.02142001120839268 12742
1649040112981 0.02993048816220835 12792
1649040137768 0.022735583296744154 12842
1649040162826 0.02029511842178181 12892
1649040187665 0.019592031897045673 12942
1649040212678 0.0200854631367838 12992
1649040237470 0.017238160932902247 13042
1649040262087 0.025752856580074878 13092
1649040286793 0.02153669545194134 13142
1649040311748 0.024504905291832982 13192
1649040336721 0.022031385566806422 13242
1649040361597 0.020930442377575673 13292
1649040386654 0.026765547352842988 13342
1649040411354 0.02562949088634923 13392
1649040436561 0.019600044824182986 13442
1649040461756 0.023262248950777574 13492
1649040486150 0.02856860743893776 13542
1649040511080 0.02729609409056138 13592
1649040536245 0.024254541876725853 13642
1649040561580 0.024379630741896106 13692
1649040685824 0.02236197538091801 13749
1649040710711 0.019684851474594325 13799
1649040735789 0.01620304299212876 13849
1649040760869 0.013641713300021365 13899
1649040785957 0.02577042322838679 13949
1649040810817 0.023646317566744984 13999
1649040835711 0.0296445378777571 14049
1649040860714 0.016577170151285826 14099
1649040885629 0.02020161898690276 14149
1649040910772 0.021768153836019336 14199
1649040935768 0.01868790340144187 14249
1649040960713 0.023244696701294743 14299
1649040985864 0.0227141385525465 14349
1649041010704 0.0245600980008021 14399
1649041035918 0.02394183946365956 14449
1649041060770 0.020739742357982323 14499
1649041085715 0.022826948520960285 14549
1649041110505 0.023698406876646913 14599
1649041135297 0.021047989535145462 14649
1649041160847 0.023253609809326007 14699
1649041185592 0.01775129360030405 14749
1649041210888 0.020360035127960145 14799
1649041235765 0.024181416145293042 14849
1649041260795 0.022354034583549946 14899
1649041285807 0.017427969657001087 14949
1649041310798 0.022634242568747142 14999
1649041335712 0.027725729506346396 15049
1649041360882 0.016662580401171 15099
1649041385927 0.02127991137211211 15149
1649041411138 0.02090811756090261 15199
1649041436180 0.01577817881392548 15249
1649041460830 0.017854005326516927 15299
1649041486121 0.024984981988091022 15349
1649041511349 0.019650333060999402 15399
1649041536238 0.013781741888960823 15449
1649041562274 0.023505309319589288 15499
1649041587326 0.024471206958405673 15549
1649041612337 0.01615113782696426 15599
1649041637290 0.01975707717007026 15649
1649041761239 0.017174801371293142 15706
1649041786205 0.015947387607739075 15756
1649041811139 0.015814065183512867 15806
1649041835873 0.02027150382171385 15856
1649041860939 0.013943651771987788 15906
1649041885818 0.012289470356190577 15956
1649041911488 0.015132561050122603 16006
1649041936765 0.01338506443426013 16056
1649041962042 0.01978762565064244 16106
1649041987363 0.01392494621570222 16156
1649042012672 0.01798953591627651 16206
1649042037735 0.01774267602711916 16256
1649042062358 0.016948235994204877 16306
1649042087123 0.015663432283326985 16356
1649042112585 0.013144715918169823 16406
1649042138030 0.016020260129880625 16456
1649042163231 0.014499659005377908 16506
1649042188292 0.012669866084615932 16556
1649042213686 0.013852477089531022 16606
1649042238715 0.016197977899573744 16656
1649042263424 0.013999995169579052 16706
1649042288790 0.013422108204686083 16756
1649042313709 0.015877912669675424 16806
1649042338515 0.013734424450085499 16856
1649042363206 0.012592722568078897 16906
1649042388245 0.018516568951599765 16956
1649042413155 0.015508125860942528 17006
1649042438190 0.015478402546577855 17056
1649042462811 0.0157679120200919 17106
1649042487689 0.011795200233755167 17156
1649042512411 0.012725666426704266 17206
1649042537409 0.012028625962120714 17256
1649042562180 0.021974737386626655 17306
1649042586770 0.014666150548146106 17356
1649042611859 0.015435838415287435 17406
1649042637219 0.01734068654914154 17456
1649042662199 0.015250230254896451 17506
1649042687230 0.013024966815282823 17556
1649042712241 0.012602871867420618 17606
1649042834719 0.013057537569839042 17663
1649042860040 0.01224312714955886 17713
1649042885265 0.011625554845959413 17763
1649042910257 0.013321857732953503 17813
1649042935430 0.010846814519318286 17863
1649042960939 0.011661680889956188 17913
1649042986288 0.012383693243318703 17963
1649043011389 0.014029456714051775 18013
1649043036395 0.018193719678383787 18063
1649043061843 0.013797634166839998 18113
1649043086994 0.01095484306133585 18163
1649043112227 0.012239080732106231 18213
1649043137180 0.012193911384674721 18263
1649043162372 0.012003144979244098 18313
1649043187864 0.012069246011087671 18363
1649043212731 0.011957391601463314 18413
1649043237842 0.013236037073656916 18463
1649043262547 0.011387057997926603 18513
1649043287347 0.012452543198305648 18563
1649043312042 0.013498590053641237 18613
1649043337552 0.013908205818152055 18663
1649043362807 0.019225604126695543 18713
1649043387611 0.01313318290747702 18763
1649043413290 0.020148854232393206 18813
1649043438338 0.012865900723118101 18863
1649043463256 0.013146408386528492 18913
1649043488959 0.017191196768253578 18963
1649043513872 0.016496096927439793 19013
1649043538769 0.0111577872770431 19063
1649043564007 0.009433519782614894 19113
1649043588840 0.011433104588941206 19163
1649043613778 0.011932371918228456 19213
1649043638704 0.014970477793249302 19263
1649043663754 0.009187265275977552 19313
1649043688981 0.016964231026286143 19363
1649043713689 0.010990050785185303 19413
1649043738773 0.011942126490175724 19463
1649043763753 0.013544790534069762 19513
1649043788702 0.015155305025837151 19563
1649043911912 0.011519973371759988 19620
1649043937384 0.011549877561628818 19670
1649043962290 0.010223991448292509 19720
1649043987261 0.010620895023748744 19770
1649044012395 0.013575193035794655 19820
1649044037731 0.012502874576020985 19870
1649044062526 0.008151501311986067 19920
1649044087378 0.01368286554250517 19970
1649044112267 0.01504016295366455 20020
1649044137358 0.009007093609252479 20070
1649044162227 0.011212678759766276 20120
1649044186897 0.009778141119604698 20170
1649044212166 0.01335088371502934 20220
1649044238432 0.010371297659585253 20270
1649044264013 0.013603690454619937 20320
1649044289907 0.011187922827375588 20370
1649044315122 0.011387256994494237 20420
1649044340417 0.010999326733581257 20470
1649044365589 0.012031051368830958 20520
1649044390455 0.017176766641277937 20570
1649044415671 0.012366816956782713 20620
1649044440730 0.013026846798602491 20670
1649044465726 0.011378292220178991 20720
1649044490718 0.011083771280973452 20770
1649044516833 0.010280897767224816 20820
1649044542274 0.008233124333346496 20870
1649044567373 0.01182328917144332 20920
1649044592922 0.010031230610329657 20970
1649044618131 0.012787936976965284 21020
1649044642874 0.01010019485547673 21070
1649044667998 0.012820196783868596 21120
1649044693227 0.013396143095160368 21170
1649044718307 0.011613419687200803 21220
1649044743522 0.013341032363241538 21270
1649044768786 0.01421654355533974 21320
1649044793948 0.012261436404078268 21370
1649044819263 0.0121431352084619 21420
1649044844277 0.011026095512206666 21470
1649044869158 0.010715988543088315 21520
1649044991579 0.012637268238904653 21577
1649045016716 0.012036439630319364 21627
1649045041571 0.00915580871005659 21677
1649045066410 0.00927705203081132 21727
1649045091583 0.00954596401192248 21777
1649045116647 0.011546043058624491 21827
1649045141491 0.009945494284038433 21877
1649045166682 0.0120202777342638 21927
1649045191615 0.010086322888382711 21977
1649045216857 0.012077148021635366 22027
1649045242339 0.013063673257711343 22077
1649045267568 0.011671451078436803 22127
1649045292122 0.011118053697719005 22177
1649045316730 0.009621143204858526 22227
1649045341489 0.011571074707608204 22277
1649045366106 0.010619698931113817 22327
1649045391261 0.008931811252259649 22377
1649045416638 0.012353633424645523 22427
1649045441590 0.008174341533158441 22477
1649045466719 0.008015725985096651 22527
1649045491950 0.009196615954424487 22577
1649045516830 0.009963833964065997 22627
1649045542104 0.013902280447946396 22677
1649045567236 0.010691726605873555 22727
1649045592305 0.014256469462125096 22777
1649045617969 0.014363160676148255 22827
1649045643147 0.010946580437594094 22877
1649045668095 0.009810785499867051 22927
1649045692852 0.011784732506202999 22977
1649045717719 0.009479947553772945 23027
1649045742369 0.01048577344918158 23077
1649045767384 0.010191439027839805 23127
1649045792270 0.01027760233177105 23177
1649045817255 0.014297240069427062 23227
1649045842277 0.009815340071072568 23277
1649045867228 0.011260955588368234 23327
1649045892083 0.01567477428849088 23377
1649045917325 0.013257826156914234 23427
1649045942575 0.011978015651548048 23477
