1649143112242 4.995100000000008e-06 50
1649143137264 9.990100000000003e-06 100
1649143162523 1.4985100000000007e-05 150
1649143187807 1.9980100000000012e-05 200
1649143212831 2.4975099999999994e-05 250
1649143238019 2.997009999999999e-05 300
1649143263418 3.4965099999999995e-05 350
1649143288868 3.99601e-05 400
1649143313773 4.4955100000000006e-05 450
1649143338842 4.99501e-05 500
1649143364411 5.4945100000000004e-05 550
1649143389491 5.99401e-05 600
1649143414871 6.493510000000001e-05 650
1649143439981 6.99301e-05 700
1649143465413 7.49251e-05 750
1649143491221 7.992010000000001e-05 800
1649143516702 8.49151e-05 850
1649143541786 8.99101e-05 900
1649143567235 9.490510000000001e-05 950
1649143592463 9.990010000000001e-05 1000
1649143618484 0.0001 1050
1649143644260 0.0001 1100
1649143670043 0.0001 1150
1649143695295 0.0001 1200
1649143721062 0.0001 1250
1649143746451 0.0001 1300
1649143771869 0.0001 1350
1649143797714 0.0001 1400
1649143823248 0.0001 1450
1649143848502 0.0001 1500
1649143873685 0.0001 1550
1649143898971 0.0001 1600
1649143924877 0.0001 1650
1649143950373 0.0001 1700
1649143975740 0.0001 1750
1649144000894 0.0001 1800
1649144026150 0.0001 1850
1649144051499 0.0001 1900
1649144077078 0.0001 1950
1649144173812 0.0001 1954
1649144201395 0.0001 2003
1649144226431 0.0001 2053
1649144251612 0.0001 2103
1649144276861 0.0001 2153
1649144301985 0.0001 2203
1649144327253 0.0001 2253
1649144352348 0.0001 2303
1649144377599 0.0001 2353
1649144402990 0.0001 2403
1649144428326 0.0001 2453
1649144454064 0.0001 2503
1649144479554 0.0001 2553
1649144504784 0.0001 2603
1649144529932 0.0001 2653
1649144555690 0.0001 2703
1649144580697 0.0001 2753
1649144606232 0.0001 2803
1649144631534 0.0001 2853
1649144656565 0.0001 2903
1649144681771 0.0001 2953
1649144706836 0.0001 3003
1649144732115 0.0001 3053
1649144757925 0.0001 3103
1649144783651 0.0001 3153
1649144808827 0.0001 3203
1649144833823 0.0001 3253
1649144859184 0.0001 3303
1649144884808 0.0001 3353
1649144910424 0.0001 3403
1649144935604 0.0001 3453
1649144960851 0.0001 3503
1649144986329 0.0001 3553
1649145011369 0.0001 3603
1649145036249 0.0001 3653
1649145061322 0.0001 3703
1649145087359 0.0001 3753
1649145112487 0.0001 3803
1649145138187 0.0001 3853
1649145163893 0.0001 3903
1649145261628 0.0001 3907
1649145289207 0.0001 3956
1649145314307 0.0001 4006
1649145339264 0.0001 4056
1649145364396 0.0001 4106
1649145390200 0.0001 4156
1649145415443 0.0001 4206
1649145440517 0.0001 4256
1649145466146 0.0001 4306
1649145491298 0.0001 4356
1649145516692 0.0001 4406
1649145541803 0.0001 4456
1649145567118 0.0001 4506
1649145592283 0.0001 4556
1649145617374 0.0001 4606
1649145642850 0.0001 4656
1649145668165 0.0001 4706
1649145693268 0.0001 4756
1649145718231 0.0001 4806
1649145743686 0.0001 4856
1649145769000 0.0001 4906
1649145794014 0.0001 4956
1649145819203 0.0001 5006
1649145844783 0.0001 5056
1649145870028 0.0001 5106
1649145895459 0.0001 5156
1649145920586 0.0001 5206
1649145945984 0.0001 5256
1649145971484 0.0001 5306
1649145996799 0.0001 5356
1649146022272 0.0001 5406
1649146047793 0.0001 5456
1649146073214 0.0001 5506
1649146097985 0.0001 5556
1649146123140 0.0001 5606
1649146148751 0.0001 5656
1649146173714 0.0001 5706
1649146199949 0.0001 5756
1649146225401 0.0001 5806
1649146250287 0.0001 5856
1649146346217 0.0001 5860
1649146373198 0.0001 5909
1649146398311 0.0001 5959
1649146424130 0.0001 6009
1649146449331 0.0001 6059
1649146474339 0.0001 6109
1649146499282 0.0001 6159
1649146524864 0.0001 6209
1649146550548 0.0001 6259
1649146575231 0.0001 6309
1649146600294 0.0001 6359
1649146626005 0.0001 6409
1649146651822 0.0001 6459
1649146677404 0.0001 6509
1649146702943 0.0001 6559
1649146728993 0.0001 6609
1649146754481 0.0001 6659
1649146779291 0.0001 6709
1649146804352 0.0001 6759
1649146829820 0.0001 6809
1649146854778 0.0001 6859
1649146879799 0.0001 6909
1649146904892 0.0001 6959
1649146929783 0.0001 7009
1649146955167 0.0001 7059
1649146980326 0.0001 7109
1649147005411 0.0001 7159
1649147030819 0.0001 7209
1649147056443 0.0001 7259
1649147081375 0.0001 7309
1649147106866 0.0001 7359
1649147132044 0.0001 7409
1649147157292 0.0001 7459
1649147182317 0.0001 7509
1649147207466 0.0001 7559
1649147232730 0.0001 7609
1649147258437 0.0001 7659
1649147283707 0.0001 7709
1649147308906 0.0001 7759
1649147334380 0.0001 7809
1649147431484 0.0001 7813
1649147459533 0.0001 7862
1649147484852 0.0001 7912
1649147510750 0.0001 7962
1649147536280 0.0001 8012
1649147562423 0.0001 8062
1649147588804 0.0001 8112
1649147614235 0.0001 8162
1649147639583 0.0001 8212
1649147664694 0.0001 8262
1649147690045 0.0001 8312
1649147715473 0.0001 8362
1649147740597 0.0001 8412
1649147765835 0.0001 8462
1649147791323 0.0001 8512
1649147816204 0.0001 8562
1649147841428 0.0001 8612
1649147866514 0.0001 8662
1649147891449 0.0001 8712
1649147916989 0.0001 8762
1649147942061 0.0001 8812
1649147967253 0.0001 8862
1649147992371 0.0001 8912
1649148018232 0.0001 8962
1649148043851 0.0001 9012
1649148068864 0.0001 9062
1649148094373 0.0001 9112
1649148119237 0.0001 9162
1649148144389 0.0001 9212
1649148169361 0.0001 9262
1649148194886 0.0001 9312
1649148220276 0.0001 9362
1649148245210 0.0001 9412
1649148270294 0.0001 9462
1649148295407 0.0001 9512
1649148320513 0.0001 9562
1649148345740 0.0001 9612
1649148371251 0.0001 9662
1649148397120 0.0001 9712
1649148422557 0.0001 9762
1649148518625 0.0001 9766
1649148545980 0.0001 9815
1649148570761 0.0001 9865
1649148596404 0.0001 9915
1649148621989 0.0001 9965
1649148646805 0.0001 10015
1649148671909 0.0001 10065
1649148696781 0.0001 10115
1649148722131 0.0001 10165
1649148747331 0.0001 10215
1649148772228 0.0001 10265
1649148797410 0.0001 10315
1649148822549 0.0001 10365
1649148848248 0.0001 10415
1649148873493 0.0001 10465
1649148898715 0.0001 10515
1649148924136 0.0001 10565
1649148949856 0.0001 10615
1649148975238 0.0001 10665
1649149000274 0.0001 10715
1649149025309 0.0001 10765
1649149050145 0.0001 10815
1649149075161 0.0001 10865
1649149100240 0.0001 10915
1649149125329 0.0001 10965
1649149150280 0.0001 11015
1649149175297 0.0001 11065
1649149200512 0.0001 11115
1649149225878 0.0001 11165
1649149251042 0.0001 11215
1649149276422 0.0001 11265
1649149301485 0.0001 11315
1649149327150 0.0001 11365
1649149352493 0.0001 11415
1649149377449 0.0001 11465
1649149402667 0.0001 11515
1649149427746 0.0001 11565
1649149453032 0.0001 11615
1649149478124 0.0001 11665
1649149503328 0.0001 11715
1649149600195 0.0001 11719
1649149627461 0.0001 11768
1649149652338 0.0001 11818
1649149677925 0.0001 11868
1649149702761 0.0001 11918
1649149727725 0.0001 11968
1649149753347 0.0001 12018
1649149778397 0.0001 12068
1649149803309 0.0001 12118
1649149828662 0.0001 12168
1649149854511 0.0001 12218
1649149879714 0.0001 12268
1649149904873 0.0001 12318
1649149930845 0.0001 12368
1649149957276 0.0001 12418
1649149982687 0.0001 12468
1649150007947 0.0001 12518
1649150033118 0.0001 12568
1649150058430 0.0001 12618
1649150083338 0.0001 12668
1649150108619 0.0001 12718
1649150134487 0.0001 12768
1649150159906 0.0001 12818
1649150185311 0.0001 12868
1649150210136 0.0001 12918
1649150235998 0.0001 12968
1649150261535 0.0001 13018
1649150286674 0.0001 13068
1649150311739 0.0001 13118
1649150336900 0.0001 13168
1649150361743 0.0001 13218
1649150387256 0.0001 13268
1649150412368 0.0001 13318
1649150437546 0.0001 13368
1649150462844 0.0001 13418
1649150488532 0.0001 13468
1649150513424 0.0001 13518
1649150538594 0.0001 13568
1649150564132 0.0001 13618
1649150589796 0.0001 13668
1649150686853 0.0001 13672
1649150714959 0.0001 13721
1649150740501 0.0001 13771
1649150765885 0.0001 13821
1649150790879 0.0001 13871
1649150816258 0.0001 13921
1649150841366 0.0001 13971
1649150866500 0.0001 14021
1649150891971 0.0001 14071
1649150917328 0.0001 14121
1649150942842 0.0001 14171
1649150968433 0.0001 14221
1649150993725 0.0001 14271
1649151018653 0.0001 14321
1649151043989 0.0001 14371
1649151069928 0.0001 14421
1649151095419 0.0001 14471
1649151120738 0.0001 14521
1649151146241 0.0001 14571
1649151172377 0.0001 14621
1649151197650 0.0001 14671
1649151223129 0.0001 14721
1649151248468 0.0001 14771
1649151274120 0.0001 14821
1649151300075 0.0001 14871
1649151325822 0.0001 14921
1649151351547 0.0001 14971
1649151376827 0.0001 15021
1649151402317 0.0001 15071
1649151427363 0.0001 15121
1649151452448 0.0001 15171
1649151477602 0.0001 15221
1649151502797 0.0001 15271
1649151527760 0.0001 15321
1649151553315 0.0001 15371
1649151578658 0.0001 15421
1649151604236 0.0001 15471
1649151629709 0.0001 15521
1649151654800 0.0001 15571
1649151679907 0.0001 15621
1649151776120 0.0001 15625
1649151803495 1e-05 15674
1649151829412 1e-05 15724
1649151854696 1e-05 15774
1649151880394 1e-05 15824
1649151905466 1e-05 15874
1649151931198 1e-05 15924
1649151956698 1e-05 15974
1649151982469 1e-05 16024
1649152007716 1e-05 16074
1649152032754 1e-05 16124
1649152058102 1e-05 16174
1649152083786 1e-05 16224
1649152109179 1e-05 16274
1649152134546 1e-05 16324
1649152160082 1e-05 16374
1649152185281 1e-05 16424
1649152211011 1e-05 16474
1649152236418 1e-05 16524
1649152261562 1e-05 16574
1649152286826 1e-05 16624
1649152313219 1e-05 16674
1649152338851 1e-05 16724
1649152363798 1e-05 16774
1649152388918 1e-05 16824
1649152414101 1e-05 16874
1649152439489 1e-05 16924
1649152464530 1e-05 16974
1649152489424 1e-05 17024
1649152514814 1e-05 17074
1649152539854 1e-05 17124
1649152565218 1e-05 17174
1649152591086 1e-05 17224
1649152617127 1e-05 17274
1649152642911 1e-05 17324
1649152668484 1e-05 17374
1649152693788 1e-05 17424
1649152719011 1e-05 17474
1649152744053 1e-05 17524
1649152769370 1e-05 17574
1649152865121 1e-05 17578
1649152892269 1e-05 17627
1649152917392 1e-05 17677
1649152942947 1e-05 17727
1649152967994 1e-05 17777
1649152993006 1e-05 17827
1649153018572 1e-05 17877
1649153043711 1e-05 17927
1649153069094 1e-05 17977
1649153094772 1e-05 18027
1649153120255 1e-05 18077
1649153145664 1e-05 18127
1649153171080 1e-05 18177
1649153196574 1e-05 18227
1649153221573 1e-05 18277
1649153246933 1e-05 18327
1649153272257 1e-05 18377
1649153297446 1e-05 18427
1649153322693 1e-05 18477
1649153347774 1e-05 18527
1649153372981 1e-05 18577
1649153398036 1e-05 18627
1649153423216 1e-05 18677
1649153448272 1e-05 18727
1649153473286 1e-05 18777
1649153498206 1e-05 18827
1649153523209 1e-05 18877
1649153548328 1e-05 18927
1649153573495 1e-05 18977
1649153598704 1e-05 19027
1649153623862 1e-05 19077
1649153649342 1e-05 19127
1649153673966 1e-05 19177
1649153698806 1e-05 19227
1649153723808 1e-05 19277
1649153749261 1e-05 19327
1649153774259 1e-05 19377
1649153799261 1e-05 19427
1649153824755 1e-05 19477
1649153849807 1e-05 19527
1649153945148 1e-05 19531
1649153972810 1e-05 19580
1649153998201 1e-05 19630
1649154023784 1e-05 19680
1649154048829 1e-05 19730
1649154074592 1e-05 19780
1649154099851 1e-05 19830
1649154124984 1e-05 19880
1649154150023 1e-05 19930
1649154175362 1e-05 19980
1649154200588 1e-05 20030
1649154225727 1e-05 20080
1649154250920 1e-05 20130
1649154276058 1e-05 20180
1649154301431 1e-05 20230
1649154327255 1e-05 20280
1649154352297 1e-05 20330
1649154377362 1e-05 20380
1649154402757 1e-05 20430
1649154427719 1e-05 20480
1649154452785 1e-05 20530
1649154478222 1e-05 20580
1649154503882 1e-05 20630
1649154528679 1e-05 20680
1649154553945 1e-05 20730
1649154579281 1e-05 20780
1649154604553 1e-05 20830
1649154629822 1e-05 20880
1649154654850 1e-05 20930
1649154680329 1e-05 20980
1649154706367 1e-05 21030
1649154732339 1e-05 21080
1649154758380 1e-05 21130
1649154784061 1e-05 21180
1649154808765 1e-05 21230
1649154834331 1e-05 21280
1649154859961 1e-05 21330
1649154885813 1e-05 21380
1649154911419 1e-05 21430
1649154936740 1e-05 21480
1649155033014 1e-05 21484
1649155061339 1.0000000000000002e-06 21533
1649155086749 1.0000000000000002e-06 21583
1649155111469 1.0000000000000002e-06 21633
1649155136729 1.0000000000000002e-06 21683
1649155162163 1.0000000000000002e-06 21733
1649155187142 1.0000000000000002e-06 21783
1649155212831 1.0000000000000002e-06 21833
1649155238335 1.0000000000000002e-06 21883
1649155263555 1.0000000000000002e-06 21933
1649155288571 1.0000000000000002e-06 21983
1649155313695 1.0000000000000002e-06 22033
1649155338956 1.0000000000000002e-06 22083
1649155364466 1.0000000000000002e-06 22133
1649155389728 1.0000000000000002e-06 22183
1649155415252 1.0000000000000002e-06 22233
1649155440819 1.0000000000000002e-06 22283
1649155466920 1.0000000000000002e-06 22333
1649155492493 1.0000000000000002e-06 22383
1649155517792 1.0000000000000002e-06 22433
1649155543206 1.0000000000000002e-06 22483
1649155568340 1.0000000000000002e-06 22533
1649155593590 1.0000000000000002e-06 22583
1649155619281 1.0000000000000002e-06 22633
1649155644503 1.0000000000000002e-06 22683
1649155669879 1.0000000000000002e-06 22733
1649155695111 1.0000000000000002e-06 22783
1649155720738 1.0000000000000002e-06 22833
1649155746291 1.0000000000000002e-06 22883
1649155771710 1.0000000000000002e-06 22933
1649155797175 1.0000000000000002e-06 22983
1649155822230 1.0000000000000002e-06 23033
1649155847382 1.0000000000000002e-06 23083
1649155872416 1.0000000000000002e-06 23133
1649155897400 1.0000000000000002e-06 23183
1649155922893 1.0000000000000002e-06 23233
1649155948370 1.0000000000000002e-06 23283
1649155973876 1.0000000000000002e-06 23333
1649155998980 1.0000000000000002e-06 23383
1649156024457 1.0000000000000002e-06 23433
1649156120119 1.0000000000000002e-06 23437
