1649143112242 0.9 50
1649143137264 0.9 100
1649143162523 0.9 150
1649143187807 0.9 200
1649143212831 0.9 250
1649143238019 0.9 300
1649143263418 0.9 350
1649143288868 0.9 400
1649143313773 0.9 450
1649143338842 0.9 500
1649143364411 0.9 550
1649143389491 0.9 600
1649143414871 0.9 650
1649143439981 0.9 700
1649143465413 0.9 750
1649143491221 0.9 800
1649143516702 0.9 850
1649143541786 0.9 900
1649143567235 0.9 950
1649143592463 0.9 1000
1649143618484 0.9 1050
1649143644260 0.9 1100
1649143670043 0.9 1150
1649143695295 0.9 1200
1649143721062 0.9 1250
1649143746451 0.9 1300
1649143771869 0.9 1350
1649143797714 0.9 1400
1649143823248 0.9 1450
1649143848502 0.9 1500
1649143873685 0.9 1550
1649143898971 0.9 1600
1649143924877 0.9 1650
1649143950373 0.9 1700
1649143975740 0.9 1750
1649144000894 0.9 1800
1649144026150 0.9 1850
1649144051499 0.9 1900
1649144077078 0.9 1950
1649144173812 0.9 1954
1649144201395 0.9 2003
1649144226431 0.9 2053
1649144251612 0.9 2103
1649144276861 0.9 2153
1649144301985 0.9 2203
1649144327253 0.9 2253
1649144352348 0.9 2303
1649144377599 0.9 2353
1649144402990 0.9 2403
1649144428326 0.9 2453
1649144454064 0.9 2503
1649144479554 0.9 2553
1649144504784 0.9 2603
1649144529932 0.9 2653
1649144555690 0.9 2703
1649144580697 0.9 2753
1649144606232 0.9 2803
1649144631534 0.9 2853
1649144656565 0.9 2903
1649144681771 0.9 2953
1649144706836 0.9 3003
1649144732115 0.9 3053
1649144757925 0.9 3103
1649144783651 0.9 3153
1649144808827 0.9 3203
1649144833823 0.9 3253
1649144859184 0.9 3303
1649144884808 0.9 3353
1649144910424 0.9 3403
1649144935604 0.9 3453
1649144960851 0.9 3503
1649144986329 0.9 3553
1649145011369 0.9 3603
1649145036249 0.9 3653
1649145061322 0.9 3703
1649145087359 0.9 3753
1649145112487 0.9 3803
1649145138187 0.9 3853
1649145163893 0.9 3903
1649145261628 0.9 3907
1649145289207 0.9 3956
1649145314307 0.9 4006
1649145339264 0.9 4056
1649145364396 0.9 4106
1649145390200 0.9 4156
1649145415443 0.9 4206
1649145440517 0.9 4256
1649145466146 0.9 4306
1649145491298 0.9 4356
1649145516692 0.9 4406
1649145541803 0.9 4456
1649145567118 0.9 4506
1649145592283 0.9 4556
1649145617374 0.9 4606
1649145642850 0.9 4656
1649145668165 0.9 4706
1649145693268 0.9 4756
1649145718231 0.9 4806
1649145743686 0.9 4856
1649145769000 0.9 4906
1649145794014 0.9 4956
1649145819203 0.9 5006
1649145844783 0.9 5056
1649145870028 0.9 5106
1649145895459 0.9 5156
1649145920586 0.9 5206
1649145945984 0.9 5256
1649145971484 0.9 5306
1649145996799 0.9 5356
1649146022272 0.9 5406
1649146047793 0.9 5456
1649146073214 0.9 5506
1649146097985 0.9 5556
1649146123140 0.9 5606
1649146148751 0.9 5656
1649146173714 0.9 5706
1649146199949 0.9 5756
1649146225401 0.9 5806
1649146250287 0.9 5856
1649146346217 0.9 5860
1649146373198 0.9 5909
1649146398311 0.9 5959
1649146424130 0.9 6009
1649146449331 0.9 6059
1649146474339 0.9 6109
1649146499282 0.9 6159
1649146524864 0.9 6209
1649146550548 0.9 6259
1649146575231 0.9 6309
1649146600294 0.9 6359
1649146626005 0.9 6409
1649146651822 0.9 6459
1649146677404 0.9 6509
1649146702943 0.9 6559
1649146728993 0.9 6609
1649146754481 0.9 6659
1649146779291 0.9 6709
1649146804352 0.9 6759
1649146829820 0.9 6809
1649146854778 0.9 6859
1649146879799 0.9 6909
1649146904892 0.9 6959
1649146929783 0.9 7009
1649146955167 0.9 7059
1649146980326 0.9 7109
1649147005411 0.9 7159
1649147030819 0.9 7209
1649147056443 0.9 7259
1649147081375 0.9 7309
1649147106866 0.9 7359
1649147132044 0.9 7409
1649147157292 0.9 7459
1649147182317 0.9 7509
1649147207466 0.9 7559
1649147232730 0.9 7609
1649147258437 0.9 7659
1649147283707 0.9 7709
1649147308906 0.9 7759
1649147334380 0.9 7809
1649147431484 0.9 7813
1649147459533 0.9 7862
1649147484852 0.9 7912
1649147510750 0.9 7962
1649147536280 0.9 8012
1649147562423 0.9 8062
1649147588804 0.9 8112
1649147614235 0.9 8162
1649147639583 0.9 8212
1649147664694 0.9 8262
1649147690045 0.9 8312
1649147715473 0.9 8362
1649147740597 0.9 8412
1649147765835 0.9 8462
1649147791323 0.9 8512
1649147816204 0.9 8562
1649147841428 0.9 8612
1649147866514 0.9 8662
1649147891449 0.9 8712
1649147916989 0.9 8762
1649147942061 0.9 8812
1649147967253 0.9 8862
1649147992371 0.9 8912
1649148018232 0.9 8962
1649148043851 0.9 9012
1649148068864 0.9 9062
1649148094373 0.9 9112
1649148119237 0.9 9162
1649148144389 0.9 9212
1649148169361 0.9 9262
1649148194886 0.9 9312
1649148220276 0.9 9362
1649148245210 0.9 9412
1649148270294 0.9 9462
1649148295407 0.9 9512
1649148320513 0.9 9562
1649148345740 0.9 9612
1649148371251 0.9 9662
1649148397120 0.9 9712
1649148422557 0.9 9762
1649148518625 0.9 9766
1649148545980 0.9 9815
1649148570761 0.9 9865
1649148596404 0.9 9915
1649148621989 0.9 9965
1649148646805 0.9 10015
1649148671909 0.9 10065
1649148696781 0.9 10115
1649148722131 0.9 10165
1649148747331 0.9 10215
1649148772228 0.9 10265
1649148797410 0.9 10315
1649148822549 0.9 10365
1649148848248 0.9 10415
1649148873493 0.9 10465
1649148898715 0.9 10515
1649148924136 0.9 10565
1649148949856 0.9 10615
1649148975238 0.9 10665
1649149000274 0.9 10715
1649149025309 0.9 10765
1649149050145 0.9 10815
1649149075161 0.9 10865
1649149100240 0.9 10915
1649149125329 0.9 10965
1649149150280 0.9 11015
1649149175297 0.9 11065
1649149200512 0.9 11115
1649149225878 0.9 11165
1649149251042 0.9 11215
1649149276422 0.9 11265
1649149301485 0.9 11315
1649149327150 0.9 11365
1649149352493 0.9 11415
1649149377449 0.9 11465
1649149402667 0.9 11515
1649149427746 0.9 11565
1649149453032 0.9 11615
1649149478124 0.9 11665
1649149503328 0.9 11715
1649149600195 0.9 11719
1649149627461 0.9 11768
1649149652338 0.9 11818
1649149677925 0.9 11868
1649149702761 0.9 11918
1649149727725 0.9 11968
1649149753347 0.9 12018
1649149778397 0.9 12068
1649149803309 0.9 12118
1649149828662 0.9 12168
1649149854511 0.9 12218
1649149879714 0.9 12268
1649149904873 0.9 12318
1649149930845 0.9 12368
1649149957276 0.9 12418
1649149982687 0.9 12468
1649150007947 0.9 12518
1649150033118 0.9 12568
1649150058430 0.9 12618
1649150083338 0.9 12668
1649150108619 0.9 12718
1649150134487 0.9 12768
1649150159906 0.9 12818
1649150185311 0.9 12868
1649150210136 0.9 12918
1649150235998 0.9 12968
1649150261535 0.9 13018
1649150286674 0.9 13068
1649150311739 0.9 13118
1649150336900 0.9 13168
1649150361743 0.9 13218
1649150387256 0.9 13268
1649150412368 0.9 13318
1649150437546 0.9 13368
1649150462844 0.9 13418
1649150488532 0.9 13468
1649150513424 0.9 13518
1649150538594 0.9 13568
1649150564132 0.9 13618
1649150589796 0.9 13668
1649150686853 0.9 13672
1649150714959 0.9 13721
1649150740501 0.9 13771
1649150765885 0.9 13821
1649150790879 0.9 13871
1649150816258 0.9 13921
1649150841366 0.9 13971
1649150866500 0.9 14021
1649150891971 0.9 14071
1649150917328 0.9 14121
1649150942842 0.9 14171
1649150968433 0.9 14221
1649150993725 0.9 14271
1649151018653 0.9 14321
1649151043989 0.9 14371
1649151069928 0.9 14421
1649151095419 0.9 14471
1649151120738 0.9 14521
1649151146241 0.9 14571
1649151172377 0.9 14621
1649151197650 0.9 14671
1649151223129 0.9 14721
1649151248468 0.9 14771
1649151274120 0.9 14821
1649151300075 0.9 14871
1649151325822 0.9 14921
1649151351547 0.9 14971
1649151376827 0.9 15021
1649151402317 0.9 15071
1649151427363 0.9 15121
1649151452448 0.9 15171
1649151477602 0.9 15221
1649151502797 0.9 15271
1649151527760 0.9 15321
1649151553315 0.9 15371
1649151578658 0.9 15421
1649151604236 0.9 15471
1649151629709 0.9 15521
1649151654800 0.9 15571
1649151679907 0.9 15621
1649151776120 0.9 15625
1649151803495 0.9 15674
1649151829412 0.9 15724
1649151854696 0.9 15774
1649151880394 0.9 15824
1649151905466 0.9 15874
1649151931198 0.9 15924
1649151956698 0.9 15974
1649151982469 0.9 16024
1649152007716 0.9 16074
1649152032754 0.9 16124
1649152058102 0.9 16174
1649152083786 0.9 16224
1649152109179 0.9 16274
1649152134546 0.9 16324
1649152160082 0.9 16374
1649152185281 0.9 16424
1649152211011 0.9 16474
1649152236418 0.9 16524
1649152261562 0.9 16574
1649152286826 0.9 16624
1649152313219 0.9 16674
1649152338851 0.9 16724
1649152363798 0.9 16774
1649152388918 0.9 16824
1649152414101 0.9 16874
1649152439489 0.9 16924
1649152464530 0.9 16974
1649152489424 0.9 17024
1649152514814 0.9 17074
1649152539854 0.9 17124
1649152565218 0.9 17174
1649152591086 0.9 17224
1649152617127 0.9 17274
1649152642911 0.9 17324
1649152668484 0.9 17374
1649152693788 0.9 17424
1649152719011 0.9 17474
1649152744053 0.9 17524
1649152769370 0.9 17574
1649152865121 0.9 17578
1649152892269 0.9 17627
1649152917392 0.9 17677
1649152942947 0.9 17727
1649152967994 0.9 17777
1649152993006 0.9 17827
1649153018572 0.9 17877
1649153043711 0.9 17927
1649153069094 0.9 17977
1649153094772 0.9 18027
1649153120255 0.9 18077
1649153145664 0.9 18127
1649153171080 0.9 18177
1649153196574 0.9 18227
1649153221573 0.9 18277
1649153246933 0.9 18327
1649153272257 0.9 18377
1649153297446 0.9 18427
1649153322693 0.9 18477
1649153347774 0.9 18527
1649153372981 0.9 18577
1649153398036 0.9 18627
1649153423216 0.9 18677
1649153448272 0.9 18727
1649153473286 0.9 18777
1649153498206 0.9 18827
1649153523209 0.9 18877
1649153548328 0.9 18927
1649153573495 0.9 18977
1649153598704 0.9 19027
1649153623862 0.9 19077
1649153649342 0.9 19127
1649153673966 0.9 19177
1649153698806 0.9 19227
1649153723808 0.9 19277
1649153749261 0.9 19327
1649153774259 0.9 19377
1649153799261 0.9 19427
1649153824755 0.9 19477
1649153849807 0.9 19527
1649153945148 0.9 19531
1649153972810 0.9 19580
1649153998201 0.9 19630
1649154023784 0.9 19680
1649154048829 0.9 19730
1649154074592 0.9 19780
1649154099851 0.9 19830
1649154124984 0.9 19880
1649154150023 0.9 19930
1649154175362 0.9 19980
1649154200588 0.9 20030
1649154225727 0.9 20080
1649154250920 0.9 20130
1649154276058 0.9 20180
1649154301431 0.9 20230
1649154327255 0.9 20280
1649154352297 0.9 20330
1649154377362 0.9 20380
1649154402757 0.9 20430
1649154427719 0.9 20480
1649154452785 0.9 20530
1649154478222 0.9 20580
1649154503882 0.9 20630
1649154528679 0.9 20680
1649154553945 0.9 20730
1649154579281 0.9 20780
1649154604553 0.9 20830
1649154629822 0.9 20880
1649154654850 0.9 20930
1649154680329 0.9 20980
1649154706367 0.9 21030
1649154732339 0.9 21080
1649154758380 0.9 21130
1649154784061 0.9 21180
1649154808765 0.9 21230
1649154834331 0.9 21280
1649154859961 0.9 21330
1649154885813 0.9 21380
1649154911419 0.9 21430
1649154936740 0.9 21480
1649155033014 0.9 21484
1649155061339 0.9 21533
1649155086749 0.9 21583
1649155111469 0.9 21633
1649155136729 0.9 21683
1649155162163 0.9 21733
1649155187142 0.9 21783
1649155212831 0.9 21833
1649155238335 0.9 21883
1649155263555 0.9 21933
1649155288571 0.9 21983
1649155313695 0.9 22033
1649155338956 0.9 22083
1649155364466 0.9 22133
1649155389728 0.9 22183
1649155415252 0.9 22233
1649155440819 0.9 22283
1649155466920 0.9 22333
1649155492493 0.9 22383
1649155517792 0.9 22433
1649155543206 0.9 22483
1649155568340 0.9 22533
1649155593590 0.9 22583
1649155619281 0.9 22633
1649155644503 0.9 22683
1649155669879 0.9 22733
1649155695111 0.9 22783
1649155720738 0.9 22833
1649155746291 0.9 22883
1649155771710 0.9 22933
1649155797175 0.9 22983
1649155822230 0.9 23033
1649155847382 0.9 23083
1649155872416 0.9 23133
1649155897400 0.9 23183
1649155922893 0.9 23233
1649155948370 0.9 23283
1649155973876 0.9 23333
1649155998980 0.9 23383
1649156024457 0.9 23433
1649156120119 0.9 23437
