1649050366023 0.05485600860323757 50
1649050391238 0.05504147333325818 100
1649050416888 0.04130123760085553 150
1649050441889 0.03909899986814708 200
1649050467486 0.04125157106667757 250
1649050493326 0.03962604287546128 300
1649050519096 0.03478067600168288 350
1649050545325 0.04733564637601376 400
1649050570981 0.04804280654061586 450
1649050597191 0.04749993628356606 500
1649050623453 0.03404953996418044 550
1649050648739 0.04105069967918098 600
1649050674975 0.03201521472772583 650
1649050700791 0.033325634370557966 700
1649050726901 0.05180300011765212 750
1649050752248 0.043217179416678846 800
1649050777807 0.04491215955466032 850
1649050803149 0.04322302374523133 900
1649050829226 0.038211015909910204 950
1649050854995 0.04384695243090391 1000
1649050881279 0.03337216103449464 1050
1649050906962 0.028587290658615528 1100
1649050932361 0.03638821341097355 1150
1649050958422 0.04219699690118432 1200
1649050984363 0.03695488723460585 1250
1649051009947 0.03498990892898291 1300
1649051036360 0.03313314465805888 1350
1649051062362 0.03450791473034769 1400
1649051088594 0.045193370201159266 1450
1649051113966 0.032338634110055865 1500
1649051140075 0.03454913486260921 1550
1649051165850 0.032696656067855656 1600
1649051191279 0.03278687074780464 1650
1649051217573 0.03099674605531618 1700
1649051242777 0.040049991169944406 1750
1649051268246 0.029174198932014405 1800
1649051293980 0.02956593129201792 1850
1649051319929 0.02925696092657745 1900
1649051345577 0.04509409974096343 1950
1649051468954 0.040000974936410784 2003
1649051495148 0.04106636585434899 2053
1649051520843 0.03633129449095577 2103
1649051546361 0.03957856149412692 2153
1649051572897 0.03390235475730151 2203
1649051598607 0.027927018695045262 2253
1649051623942 0.025358070656657218 2303
1649051649773 0.030121061569079757 2353
1649051675662 0.03284209857461974 2403
1649051701354 0.03307819993700832 2453
1649051727681 0.03632939647650346 2503
1649051753514 0.023508656891062855 2553
1649051779416 0.02660471708746627 2603
1649051805415 0.0406871007126756 2653
1649051831455 0.030037861180026083 2703
1649051857309 0.05089479391463101 2753
1649051883056 0.03238200009800494 2803
1649051908842 0.026525978529825807 2853
1649051934747 0.02889748353511095 2903
1649051961041 0.032643385599367324 2953
1649051986523 0.030071043549105524 3003
1649052012078 0.03417964456602931 3053
1649052037238 0.03370840266346931 3103
1649052062387 0.03355416647158563 3153
1649052087693 0.03105004344601184 3203
1649052113440 0.03193989907507785 3253
1649052138926 0.04009427398676053 3303
1649052164590 0.03034465862903744 3353
1649052190334 0.03743954555131495 3403
1649052216215 0.03971114428713918 3453
1649052242030 0.03205528099089861 3503
1649052267934 0.031249577256385237 3553
1649052293384 0.03730130160227418 3603
1649052319009 0.032894979285774756 3653
1649052344608 0.034398241760209204 3703
1649052370401 0.03709487010724843 3753
1649052396065 0.03634717412292957 3803
1649052421922 0.026234900383278727 3853
1649052447617 0.0322350517520681 3903
1649052572797 0.03307203087955713 3956
1649052599094 0.025256213992834092 4006
1649052624624 0.02751517722615972 4056
1649052650531 0.03171458184020594 4106
1649052676657 0.04170549567788839 4156
1649052702088 0.040465503386221825 4206
1649052727716 0.03215481623308733 4256
1649052753726 0.033529495163820686 4306
1649052779101 0.028738458645530044 4356
1649052804711 0.03183985008392483 4406
1649052829865 0.029263130580075083 4456
1649052855430 0.02397903250937816 4506
1649052880814 0.02926686264341697 4556
1649052906829 0.04343291467055679 4606
1649052932159 0.03299146559089422 4656
1649052958120 0.02806497093755752 4706
1649052984230 0.02996720690978691 4756
1649053009849 0.03535977907944471 4806
1649053035595 0.038688029032200574 4856
1649053061172 0.028871276307618245 4906
1649053087252 0.031264100782573225 4956
1649053112856 0.038836596817709505 5006
1649053139054 0.03243977323407307 5056
1649053164300 0.03102345552062616 5106
1649053190029 0.02330908563104458 5156
1649053215858 0.03176601034821942 5206
1649053241631 0.026927448890637605 5256
1649053267196 0.0323235970037058 5306
1649053292663 0.030033280313946305 5356
1649053317962 0.0221237007714808 5406
1649053343547 0.030906141819432378 5456
1649053369324 0.028707952321274207 5506
1649053394535 0.025154202866833657 5556
1649053420716 0.030893756055738776 5606
1649053447096 0.03736329520586878 5656
1649053473337 0.03549316402059048 5706
1649053498849 0.02434752905042842 5756
1649053524348 0.028833412413951008 5806
1649053549886 0.03213216920616105 5856
1649053674126 0.02943453200161457 5909
1649053699391 0.028591138238552957 5959
1649053725332 0.02794265188742429 6009
1649053750449 0.026158282473334113 6059
1649053775831 0.0351975796604529 6109
1649053801468 0.027809894019737838 6159
1649053827852 0.03655639741569758 6209
1649053853506 0.030695471096551047 6259
1649053878779 0.026484213517978788 6309
1649053904299 0.033166225869208574 6359
1649053929950 0.029396397601813076 6409
1649053955876 0.021268122119363398 6459
1649053981300 0.02680601361906156 6509
1649054007081 0.028508933248231186 6559
1649054033375 0.027150144637562334 6609
1649054059673 0.027382440129294992 6659
1649054085253 0.029026040537282825 6709
1649054110847 0.02796325647737831 6759
1649054136100 0.028000221073161812 6809
1649054161774 0.03425789087777957 6859
1649054187897 0.029367995359934868 6909
1649054214012 0.02911691276356578 6959
1649054240115 0.035315733850002286 7009
1649054265634 0.029721710170852022 7059
1649054291360 0.02636660178657621 7109
1649054316560 0.028434186801314355 7159
1649054342338 0.02028680346207693 7209
1649054367589 0.031400735178031026 7259
1649054393690 0.0322501905518584 7309
1649054418853 0.035997965037822724 7359
1649054445060 0.02416269397828728 7409
1649054470352 0.028084002850810065 7459
1649054495327 0.022212746795266868 7509
1649054520821 0.027016468208748846 7559
1649054546696 0.029688691737828777 7609
1649054572409 0.033029729430563745 7659
1649054598246 0.03431513594463467 7709
1649054624109 0.02781350335571915 7759
1649054649804 0.03196383974514902 7809
1649054775493 0.028569806129671634 7862
1649054800955 0.03189589536050334 7912
1649054826509 0.030364213865250348 7962
1649054852104 0.026180167130660265 8012
1649054877693 0.030523597043938935 8062
1649054903070 0.023598545829299836 8112
1649054929191 0.03913840630091727 8162
1649054954592 0.024842267248313874 8212
1649054980755 0.024270197646692394 8262
1649055007107 0.022821026174351573 8312
1649055032796 0.02945827367249876 8362
1649055058455 0.02345518921967596 8412
1649055083625 0.026100101005285977 8462
1649055108809 0.02320528676500544 8512
1649055135251 0.03470127017935738 8562
1649055161269 0.03754197843838483 8612
1649055186608 0.030235508701298385 8662
1649055212087 0.023176997043192385 8712
1649055238076 0.02633007616735995 8762
1649055263809 0.031909622659441084 8812
1649055289568 0.029744504156988115 8862
1649055315304 0.0243812382244505 8912
1649055341521 0.024034988542553037 8962
1649055366944 0.028707016061525793 9012
1649055392301 0.034137112800963224 9062
1649055418286 0.0330748154851608 9112
1649055444375 0.024845085791312158 9162
1649055470133 0.02883346233982593 9212
1649055496232 0.03687298063887283 9262
1649055521563 0.03143052896717563 9312
1649055547344 0.02634645814541727 9362
1649055574474 0.0315035436488688 9412
1649055600447 0.017766788388835265 9462
1649055626518 0.032078219109680506 9512
1649055652292 0.030737510740291327 9562
1649055677761 0.02971801010426134 9612
1649055703836 0.03341381855774671 9662
1649055729494 0.02882979902205989 9712
1649055754848 0.02978681113803759 9762
1649055879593 0.030659533597063273 9815
1649055905278 0.034079564888379536 9865
1649055930880 0.025205285742413253 9915
1649055956217 0.03009571018861607 9965
1649055981926 0.022954975336324422 10015
1649056007015 0.02320171510800719 10065
1649056032263 0.035546614120248704 10115
1649056057894 0.031740285940468314 10165
1649056083434 0.028784020016901196 10215
1649056108666 0.03497194517869502 10265
1649056134075 0.034343025796115395 10315
1649056159554 0.033238438887055965 10365
1649056185014 0.025612693182192742 10415
1649056210470 0.027565211851615458 10465
1649056235770 0.027040073703974484 10515
1649056261324 0.027355930197518318 10565
1649056286390 0.02855908343102783 10615
1649056311954 0.021933169185649602 10665
1649056337447 0.027222186638973654 10715
1649056363294 0.03480159283615649 10765
1649056388708 0.025917484960518777 10815
1649056414288 0.041565886893076824 10865
1649056439805 0.02482729359064251 10915
1649056465420 0.026051258095540108 10965
1649056490849 0.028490094335284086 11015
1649056516151 0.03016454466152936 11065
1649056542053 0.023498480918933636 11115
1649056568284 0.02753218322643079 11165
1649056594220 0.024546123989857734 11215
1649056620177 0.024282562097068874 11265
1649056646350 0.020851203191559763 11315
1649056671727 0.024916003439575434 11365
1649056697373 0.025627350555732845 11415
1649056722797 0.030400433819741012 11465
1649056748390 0.026784194542560726 11515
1649056773750 0.02368959814426489 11565
1649056799691 0.02952547638909891 11615
1649056825395 0.02705280383583158 11665
1649056850885 0.03265741494949907 11715
1649056975536 0.024418447169009597 11768
1649057001283 0.025739542276132853 11818
1649057026797 0.029798596864566207 11868
1649057052324 0.020899207489565017 11918
1649057077771 0.030022298754192888 11968
1649057103057 0.021416827037464826 12018
1649057128469 0.03694695808459073 12068
1649057154309 0.03611313931411132 12118
1649057179793 0.026368947916198524 12168
1649057205875 0.04251760379876941 12218
1649057231693 0.020358588818926365 12268
1649057257325 0.028026713372673838 12318
1649057282450 0.025648027826100588 12368
1649057307909 0.02409247721428983 12418
1649057333560 0.032130698442924766 12468
1649057359100 0.026026063753524797 12518
1649057384670 0.023650596435181796 12568
1649057410393 0.02263599442318082 12618
1649057435855 0.02993905180133879 12668
1649057461482 0.03282789559336379 12718
1649057486922 0.02282415650319308 12768
1649057512728 0.025930867788847536 12818
1649057538475 0.028488176711834966 12868
1649057564050 0.027071403223089874 12918
1649057589473 0.02461163426283747 12968
1649057615226 0.03761112808249891 13018
1649057641158 0.023745470335707067 13068
1649057666781 0.031073269111366243 13118
1649057692279 0.022082530418410896 13168
1649057718283 0.026271878192201257 13218
1649057743808 0.029994089687243104 13268
1649057769204 0.02304033057880588 13318
1649057794798 0.02921326628071256 13368
1649057820732 0.028176731986459345 13418
1649057846425 0.025329305719351394 13468
1649057872290 0.020269063364248722 13518
1649057897986 0.031859993955586106 13568
1649057923283 0.02606452921871096 13618
1649057948876 0.02473371400265023 13668
1649058073301 0.022814490362070502 13721
1649058098847 0.01858049853006378 13771
1649058124436 0.018286242878530173 13821
1649058149903 0.026974997117649765 13871
1649058175783 0.03109704446513206 13921
1649058200964 0.023645092804217713 13971
1649058226284 0.021283593676052988 14021
1649058252412 0.026966147865168752 14071
1649058278468 0.03194317827001214 14121
1649058303483 0.023121623685583473 14171
1649058329289 0.022951701355632393 14221
1649058354425 0.025028015098068863 14271
1649058380603 0.0200726286531426 14321
1649058405815 0.03246070733759552 14371
1649058430757 0.028017079820856453 14421
1649058456198 0.02882292517926544 14471
1649058481887 0.03311712040100247 14521
1649058507763 0.023482604625169188 14571
1649058533485 0.04093861877918244 14621
1649058558791 0.027501702290028334 14671
1649058584531 0.02830630343873054 14721
1649058610041 0.025220380204264075 14771
1649058635404 0.025438884147442876 14821
1649058661041 0.02869431220344268 14871
1649058686377 0.02910607338650152 14921
1649058712211 0.02213294426910579 14971
1649058737736 0.0325972418137826 15021
1649058763038 0.021663989843800663 15071
1649058788460 0.02485682012164034 15121
1649058814618 0.022572047903668135 15171
1649058841002 0.02493756018462591 15221
1649058866285 0.021177721271524206 15271
1649058891730 0.02612483802018687 15321
1649058917543 0.03594667660538107 15371
1649058943082 0.031198139803018422 15421
1649058968669 0.02680759709328413 15471
1649058994739 0.0205457040166948 15521
1649059020557 0.03456584461731836 15571
1649059046044 0.030517674488946794 15621
1649059171415 0.02980901947361417 15674
1649059196753 0.026546088305767625 15724
1649059222831 0.022581793195568026 15774
1649059248637 0.018307908513816074 15824
1649059274536 0.02266256762552075 15874
1649059300591 0.027680229134857653 15924
1649059325990 0.024637822601944206 15974
1649059351279 0.019805827008094638 16024
1649059376972 0.025792905937414616 16074
1649059402817 0.022699526487849654 16124
1649059428819 0.026521246987394987 16174
1649059454381 0.02165158495423384 16224
1649059479850 0.025074542935471983 16274
1649059505541 0.02193049528519623 16324
1649059531687 0.029871420324780046 16374
1649059557597 0.022672298244433477 16424
1649059583363 0.0240263760718517 16474
1649059609245 0.024897448900155723 16524
1649059634692 0.029247926713433115 16574
1649059660121 0.01969162491383031 16624
1649059685920 0.020432525442447513 16674
1649059711948 0.020510797180468218 16724
1649059737789 0.02322503815521486 16774
1649059762991 0.021683262242004276 16824
1649059788877 0.018023847368895077 16874
1649059814821 0.02381576494895853 16924
1649059840105 0.022282314696349205 16974
1649059865848 0.029525418882258236 17024
1649059891352 0.02893708233255893 17074
1649059916994 0.025357762726489454 17124
1649059942928 0.032031512869289146 17174
1649059968695 0.019438763350481166 17224
1649059994224 0.024655054296599702 17274
1649060020074 0.023085091491229833 17324
1649060045308 0.022611459861509503 17374
1649060071299 0.020026246519992127 17424
1649060097285 0.019003257263684646 17474
1649060122538 0.02878574776928872 17524
1649060148170 0.028069698787294328 17574
1649060271965 0.024589376330841333 17627
1649060297388 0.025232403823174536 17677
1649060322995 0.02013611775240861 17727
1649060348448 0.014645468124654145 17777
1649060374795 0.028479857118800283 17827
1649060400022 0.024101259736344218 17877
1649060426031 0.027774210828356447 17927
1649060451399 0.020281701433705165 17977
1649060476855 0.021693642081227153 18027
1649060502038 0.021063731226604432 18077
1649060527366 0.022972718968521804 18127
1649060552964 0.022296498394571245 18177
1649060579423 0.020917788883671164 18227
1649060605166 0.02467040882213041 18277
1649060630492 0.021050398719962685 18327
1649060656283 0.029226353842532263 18377
1649060681984 0.023741040060995148 18427
1649060707388 0.02431027762359008 18477
1649060733212 0.022744806479895487 18527
1649060759131 0.028128041541203855 18577
1649060784309 0.02179466684581712 18627
1649060809632 0.02527771650580689 18677
1649060835067 0.023765789172612132 18727
1649060860561 0.01943303583422676 18777
1649060886169 0.02154480040073395 18827
1649060911341 0.021445429439190776 18877
1649060936412 0.025144820492714645 18927
1649060962007 0.019101989357732236 18977
1649060987392 0.021275430058594794 19027
1649061012927 0.017763495910912752 19077
1649061038531 0.024038914694683625 19127
1649061063336 0.01730741567676887 19177
1649061088842 0.02387329569552094 19227
1649061114887 0.01942339865723625 19277
1649061140511 0.022020546237472446 19327
1649061166151 0.02051656471681781 19377
1649061192417 0.029810708155855535 19427
1649061218098 0.021913246370386334 19477
1649061242888 0.026171689173206687 19527
1649061366524 0.02577057162532583 19580
1649061391775 0.020555644247215243 19630
1649061417387 0.02535084371455014 19680
1649061442561 0.025597268065903334 19730
1649061468121 0.025583790806122123 19780
1649061493729 0.019782539467560128 19830
1649061519477 0.02462505577132106 19880
1649061544999 0.02529413009993732 19930
1649061570329 0.022047557666664944 19980
1649061595641 0.0246255043882411 20030
1649061620942 0.026007188709336333 20080
1649061646518 0.024367499278159812 20130
1649061671870 0.028320032886695115 20180
1649061697667 0.01724876559106633 20230
1649061723281 0.025692379779648035 20280
1649061748832 0.022657135631889105 20330
1649061774293 0.018908819102216513 20380
1649061800319 0.025613409003708513 20430
1649061825115 0.01604001528234221 20480
1649061850374 0.024093749334570022 20530
1649061875820 0.02116894180420786 20580
1649061901381 0.019931073673069476 20630
1649061927255 0.022513716913817917 20680
1649061952842 0.023280214411206545 20730
1649061978578 0.025229515813989564 20780
1649062003953 0.017528314185328783 20830
1649062029367 0.02145619010552764 20880
1649062055114 0.021539912957232444 20930
1649062080544 0.021841539042070507 20980
1649062105866 0.020869711639825254 21030
1649062130791 0.025457595504121855 21080
1649062155860 0.023451771745458247 21130
1649062181181 0.017991681022103877 21180
1649062206875 0.024016443887958303 21230
1649062232394 0.021169219550210984 21280
1649062257597 0.027608743233140557 21330
1649062282982 0.024451361856190488 21380
1649062308207 0.01904597304877825 21430
1649062333447 0.02360069941409165 21480
1649062456738 0.01934314974816516 21533
1649062482743 0.02223240609630011 21583
1649062507901 0.016254115387564525 21633
1649062533512 0.02053147624596022 21683
1649062559179 0.01881400323472917 21733
1649062584806 0.02056740102241747 21783
1649062611073 0.020583613994531333 21833
1649062636918 0.025102410330437124 21883
1649062662303 0.02215120155713521 21933
1649062687566 0.020017362468352076 21983
1649062713464 0.018564435881562532 22033
1649062739317 0.01972802684875205 22083
1649062764814 0.0262476200168021 22133
1649062790174 0.0202019712299807 22183
1649062815511 0.02256281386478804 22233
1649062841200 0.02126645188545808 22283
1649062866453 0.0167893356946297 22333
1649062891923 0.021115462358575313 22383
1649062917505 0.01852478186832741 22433
1649062942996 0.028715732553973795 22483
1649062968542 0.02140188082354143 22533
1649062994447 0.02589710536180064 22583
1649063020175 0.022387581410584972 22633
1649063046328 0.027037926085758956 22683
1649063072756 0.0271621924394276 22733
1649063098648 0.0246312659769319 22783
1649063124630 0.026658139079809188 22833
1649063149779 0.020010108673013748 22883
1649063174962 0.02162469527334906 22933
1649063200859 0.02430248524295166 22983
1649063226882 0.014638084028847516 23033
1649063252633 0.017996330552268774 23083
1649063278832 0.024291441733948885 23133
1649063303931 0.01994543938199058 23183
1649063329447 0.0221124889809289 23233
1649063354810 0.021810823646374048 23283
1649063380857 0.027315261270850898 23333
1649063406141 0.016366963812615723 23383
1649063432095 0.02504808235913515 23433
