1649050366023 0.679725912809372 50
1649050391238 0.49216971039772034 100
1649050416888 0.23293832629919053 150
1649050441889 0.12602841943502427 200
1649050467486 0.11759310521185398 250
1649050493326 0.09114024467766285 300
1649050519096 0.08410299658775329 350
1649050545325 0.07845094026997686 400
1649050570981 0.08449881117790937 450
1649050597191 0.07294154725968838 500
1649050623453 0.05806741395965218 550
1649050648739 0.05896504735574126 600
1649050674975 0.05154918488115072 650
1649050700791 0.05582587496377528 700
1649050726901 0.0599949056096375 750
1649050752248 0.06273907272145152 800
1649050777807 0.06655834551900625 850
1649050803149 0.06835682962089777 900
1649050829226 0.06290692711248994 950
1649050854995 0.06676604775711895 1000
1649050881279 0.05477400751784444 1050
1649050906962 0.05237347798421979 1100
1649050932361 0.06784533193334936 1150
1649050958422 0.057927619963884354 1200
1649050984363 0.05105161308310926 1250
1649051009947 0.05351351866964251 1300
1649051036360 0.04571787477936596 1350
1649051062362 0.05767384855542332 1400
1649051088594 0.06327711735852062 1450
1649051113966 0.04459493789821863 1500
1649051140075 0.050953399930149315 1550
1649051165850 0.042104209745302795 1600
1649051191279 0.0445293746329844 1650
1649051217573 0.03844245905987918 1700
1649051242777 0.05330760566517711 1750
1649051268246 0.04103461206890643 1800
1649051293980 0.04670446145813912 1850
1649051319929 0.03817402151413262 1900
1649051345577 0.05889701120555401 1950
1649051468954 0.04299026121385396 2003
1649051495148 0.056710469434037805 2053
1649051520843 0.04728293196298182 2103
1649051546361 0.045878204628825185 2153
1649051572897 0.04702920314855873 2203
1649051598607 0.037031264253892006 2253
1649051623942 0.03098811867181212 2303
1649051649773 0.03779292831663042 2353
1649051675662 0.0395196898560971 2403
1649051701354 0.04317264751065522 2453
1649051727681 0.04418791761389002 2503
1649051753514 0.031558135566301646 2553
1649051779416 0.0410803314903751 2603
1649051805415 0.045453398232348265 2653
1649051831455 0.034605151927098635 2703
1649051857309 0.050245280861854556 2753
1649051883056 0.04720228724181652 2803
1649051908842 0.03665707522071898 2853
1649051934747 0.036442109169438484 2903
1649051961041 0.046947847541887314 2953
1649051986523 0.039232981195673346 3003
1649052012078 0.0442937730345875 3053
1649052037238 0.041194480927661065 3103
1649052062387 0.04262809778563678 3153
1649052087693 0.034626292544417084 3203
1649052113440 0.04042373963166028 3253
1649052138926 0.05834761168807745 3303
1649052164590 0.03358318530023098 3353
1649052190334 0.046201939275488255 3403
1649052216215 0.047150886449962855 3453
1649052242030 0.036492408569902185 3503
1649052267934 0.040456257262267176 3553
1649052293384 0.04196674192324281 3603
1649052319009 0.043781558328773826 3653
1649052344608 0.04491399927530438 3703
1649052370401 0.042994936336763205 3753
1649052396065 0.05564009466208517 3803
1649052421922 0.053891043667681514 3853
1649052447617 0.051341224401257934 3903
1649052572797 0.042071664575487375 3956
1649052599094 0.035960601083934306 4006
1649052624624 0.035847204816527665 4056
1649052650531 0.03740522260311991 4106
1649052676657 0.05716978394426406 4156
1649052702088 0.056280973991379143 4206
1649052727716 0.043309654518961904 4256
1649052753726 0.04331832071300596 4306
1649052779101 0.042825979706831274 4356
1649052804711 0.041238038246519865 4406
1649052829865 0.04356653857976198 4456
1649052855430 0.031561700296588245 4506
1649052880814 0.0463979939208366 4556
1649052906829 0.04694734864868224 4606
1649052932159 0.043668753514066336 4656
1649052958120 0.04693990777246654 4706
1649052984230 0.03959615897387266 4756
1649053009849 0.045744387987069784 4806
1649053035595 0.02960151214734651 4856
1649053061172 0.039067952744662765 4906
1649053087252 0.03791004097089171 4956
1649053112856 0.04462578181643039 5006
1649053139054 0.03592061988718342 5056
1649053164300 0.03858132081106305 5106
1649053190029 0.0314193628472276 5156
1649053215858 0.03535933780949563 5206
1649053241631 0.027486250774236397 5256
1649053267196 0.05868457853794098 5306
1649053292663 0.030438015375984832 5356
1649053317962 0.02893449385650456 5406
1649053343547 0.04575487670488656 5456
1649053369324 0.03612052212236449 5506
1649053394535 0.03214943687897175 5556
1649053420716 0.03890169478487224 5606
1649053447096 0.044746871669776735 5656
1649053473337 0.03794278447050601 5706
1649053498849 0.027378189248265697 5756
1649053524348 0.038275933878030625 5806
1649053549886 0.029401289680972695 5856
1649053674126 0.025118289289530367 5909
1649053699391 0.03172271186718717 5959
1649053725332 0.03598014760762453 6009
1649053750449 0.034985925926594066 6059
1649053775831 0.03661361494800076 6109
1649053801468 0.039932493227534 6159
1649053827852 0.04186256866669282 6209
1649053853506 0.03578936705365777 6259
1649053878779 0.03363654268090613 6309
1649053904299 0.033369020936079324 6359
1649053929950 0.036447033954318614 6409
1649053955876 0.03345989654306322 6459
1649053981300 0.03815487663727254 6509
1649054007081 0.035822117840871213 6559
1649054033375 0.02917923188302666 6609
1649054059673 0.036612091118004175 6659
1649054085253 0.036382668565493076 6709
1649054110847 0.03274036443326622 6759
1649054136100 0.029060615357011557 6809
1649054161774 0.0385274212481454 6859
1649054187897 0.041062502744607626 6909
1649054214012 0.03771365793654695 6959
1649054240115 0.035741342818364503 7009
1649054265634 0.04019275309983641 7059
1649054291360 0.03050439702346921 7109
1649054316560 0.022321245465427637 7159
1649054342338 0.030704739083885216 7209
1649054367589 0.03688616328407079 7259
1649054393690 0.03628292797598988 7309
1649054418853 0.036511605023406446 7359
1649054445060 0.022827532303053885 7409
1649054470352 0.03623762312810868 7459
1649054495327 0.02762924296082929 7509
1649054520821 0.034553251247853044 7559
1649054546696 0.03484864186029881 7609
1649054572409 0.04385013687890023 7659
1649054598246 0.040175575409084556 7709
1649054624109 0.03253514792304486 7759
1649054649804 0.03258264634292573 7809
1649054775493 0.036370534179732204 7862
1649054800955 0.040935014524729925 7912
1649054826509 0.03175495295319706 7962
1649054852104 0.027227459775749595 8012
1649054877693 0.029379525794647633 8062
1649054903070 0.028768644272349774 8112
1649054929191 0.03750789114739746 8162
1649054954592 0.03826497374335304 8212
1649054980755 0.034054307877086104 8262
1649055007107 0.03276793445693329 8312
1649055032796 0.044880121346795934 8362
1649055058455 0.028896333053708076 8412
1649055083625 0.028573758821003138 8462
1649055108809 0.02559249760583043 8512
1649055135251 0.02725590275018476 8562
1649055161269 0.04241679416969418 8612
1649055186608 0.031208557495847344 8662
1649055212087 0.03382903022691607 8712
1649055238076 0.027878195330267773 8762
1649055263809 0.0357355829840526 8812
1649055289568 0.03628417744766921 8862
1649055315304 0.0315851530409418 8912
1649055341521 0.043984584236750376 8962
1649055366944 0.02994337173178792 9012
1649055392301 0.03682085159351118 9062
1649055418286 0.036292458851821724 9112
1649055444375 0.03389687008690089 9162
1649055470133 0.03449037223239429 9212
1649055496232 0.03281069223303348 9262
1649055521563 0.03647726049646735 9312
1649055547344 0.033221044288948176 9362
1649055574474 0.03686843218631111 9412
1649055600447 0.03263638813514262 9462
1649055626518 0.04630966421682388 9512
1649055652292 0.03309414743212983 9562
1649055677761 0.032518953399267046 9612
1649055703836 0.036657440941780806 9662
1649055729494 0.031353251931723204 9712
1649055754848 0.02774034009547904 9762
1649055879593 0.03324641795363277 9815
1649055905278 0.026964590044226498 9865
1649055930880 0.031191189284436406 9915
1649055956217 0.03686814044602215 9965
1649055981926 0.030028802780434488 10015
1649056007015 0.025232891051564364 10065
1649056032263 0.02927635160041973 10115
1649056057894 0.03036103514721617 10165
1649056083434 0.03544018537737429 10215
1649056108666 0.04135644486872479 10265
1649056134075 0.033921772367320954 10315
1649056159554 0.03532583518885076 10365
1649056185014 0.02982904135249555 10415
1649056210470 0.036908726464025675 10465
1649056235770 0.04039765225956216 10515
1649056261324 0.030852669044397773 10565
1649056286390 0.02835697158705443 10615
1649056311954 0.02318290702998638 10665
1649056337447 0.04263326450716704 10715
1649056363294 0.038318117186427116 10765
1649056388708 0.024255928233033047 10815
1649056414288 0.04002866892144084 10865
1649056439805 0.029746773045044392 10915
1649056465420 0.029793880130164326 10965
1649056490849 0.029768429424148053 11015
1649056516151 0.02891281492309645 11065
1649056542053 0.03138783520553261 11115
1649056568284 0.033774180186446755 11165
1649056594220 0.02223733937367797 11215
1649056620177 0.029621384311467408 11265
1649056646350 0.028901600131066515 11315
1649056671727 0.027144838275853546 11365
1649056697373 0.027637594293337314 11415
1649056722797 0.028911316627636553 11465
1649056748390 0.03876664012670517 11515
1649056773750 0.024640344654908403 11565
1649056799691 0.048167403751285746 11615
1649056825395 0.03685059586015996 11665
1649056850885 0.04012932286597788 11715
1649056975536 0.026555298515595495 11768
1649057001283 0.03038696132134646 11818
1649057026797 0.030835610656067727 11868
1649057052324 0.02314444933552295 11918
1649057077771 0.03788893260760233 11968
1649057103057 0.02758441724232398 12018
1649057128469 0.03133897749474272 12068
1649057154309 0.03956476968945935 12118
1649057179793 0.025436144121922553 12168
1649057205875 0.03155960658099502 12218
1649057231693 0.030798919050139376 12268
1649057257325 0.024154979770537467 12318
1649057282450 0.036332724052481356 12368
1649057307909 0.0300464763189666 12418
1649057333560 0.04105037519708276 12468
1649057359100 0.03109699923545122 12518
1649057384670 0.0282700319821015 12568
1649057410393 0.027726304489187895 12618
1649057435855 0.032889785692095753 12668
1649057461482 0.030468243518844248 12718
1649057486922 0.025789143424481152 12768
1649057512728 0.030223642031196506 12818
1649057538475 0.033285227208398285 12868
1649057564050 0.033634125485550614 12918
1649057589473 0.03282200853805989 12968
1649057615226 0.03979902101214975 13018
1649057641158 0.023473495731595902 13068
1649057666781 0.02679824361461215 13118
1649057692279 0.025641466380329804 13168
1649057718283 0.02432052304968238 13218
1649057743808 0.031786863544839436 13268
1649057769204 0.02532350099645555 13318
1649057794798 0.03701489648781717 13368
1649057820732 0.03228871825966053 13418
1649057846425 0.03031058190157637 13468
1649057872290 0.024863643909338862 13518
1649057897986 0.034667225379962474 13568
1649057923283 0.0264679918368347 13618
1649057948876 0.028334296108223498 13668
1649058073301 0.02312606694875285 13721
1649058098847 0.02141055720159784 13771
1649058124436 0.026505799654405564 13821
1649058149903 0.03378352856263518 13871
1649058175783 0.04074741811491549 13921
1649058200964 0.02579451665049419 13971
1649058226284 0.024156559286639095 14021
1649058252412 0.024568507255171426 14071
1649058278468 0.030071768607012928 14121
1649058303483 0.023289854056201875 14171
1649058329289 0.030665592091972938 14221
1649058354425 0.0356544261216186 14271
1649058380603 0.02546714689466171 14321
1649058405815 0.02990888402913697 14371
1649058430757 0.027162105347961187 14421
1649058456198 0.032258963861968366 14471
1649058481887 0.03595762215089053 14521
1649058507763 0.021528613446280362 14571
1649058533485 0.03918805476045236 14621
1649058558791 0.02994624787475914 14671
1649058584531 0.031007692898856475 14721
1649058610041 0.024692186856118497 14771
1649058635404 0.026308225833345203 14821
1649058661041 0.026474372178781777 14871
1649058686377 0.03365466087590903 14921
1649058712211 0.03473647732636891 14971
1649058737736 0.03465724272187799 15021
1649058763038 0.02239329673931934 15071
1649058788460 0.023669478500960395 15121
1649058814618 0.02558103814953938 15171
1649058841002 0.02613155239261687 15221
1649058866285 0.02975726192467846 15271
1649058891730 0.028706675954163076 15321
1649058917543 0.03314873739611358 15371
1649058943082 0.030313215230125933 15421
1649058968669 0.024057544260867873 15471
1649058994739 0.02203031912067672 15521
1649059020557 0.04147378315217793 15571
1649059046044 0.029739595730789006 15621
1649059171415 0.031737512580584736 15674
1649059196753 0.03212805715855211 15724
1649059222831 0.023253494519740344 15774
1649059248637 0.02026011508423835 15824
1649059274536 0.023637860785238444 15874
1649059300591 0.027277904336806387 15924
1649059325990 0.024912043639924376 15974
1649059351279 0.020562448219861834 16024
1649059376972 0.0275053760712035 16074
1649059402817 0.02537315963767469 16124
1649059428819 0.021565874818479644 16174
1649059454381 0.025195053652278147 16224
1649059479850 0.024200743604451416 16274
1649059505541 0.02158825203543529 16324
1649059531687 0.0240719453280326 16374
1649059557597 0.022120372352655977 16424
1649059583363 0.02530393935623579 16474
1649059609245 0.02045272392570041 16524
1649059634692 0.02169651073170826 16574
1649059660121 0.017936714091338218 16624
1649059685920 0.02114064565859735 16674
1649059711948 0.020603370292810723 16724
1649059737789 0.029170521607156844 16774
1649059762991 0.02095703382510692 16824
1649059788877 0.022228879973990843 16874
1649059814821 0.02597483810968697 16924
1649059840105 0.018983786089811473 16974
1649059865848 0.02282898146833759 17024
1649059891352 0.03469369663624093 17074
1649059916994 0.023797979237278923 17124
1649059942928 0.02948705315182451 17174
1649059968695 0.019927867380902173 17224
1649059994224 0.019902046631323174 17274
1649060020074 0.020873435901594347 17324
1649060045308 0.02518698258791119 17374
1649060071299 0.020340375814121216 17424
1649060097285 0.014132227178197353 17474
1649060122538 0.024538056189194322 17524
1649060148170 0.025095828546909615 17574
1649060271965 0.022920094998553395 17627
1649060297388 0.019544090604176743 17677
1649060322995 0.018781956316088325 17727
1649060348448 0.014798059404129163 17777
1649060374795 0.025075126373558305 17827
1649060400022 0.021886711843544616 17877
1649060426031 0.019832555663306266 17927
1649060451399 0.017125794121820945 17977
1649060476855 0.020906642738264054 18027
1649060502038 0.019198474634904414 18077
1649060527366 0.019465498436475173 18127
1649060552964 0.01969034507754259 18177
1649060579423 0.01707127687812317 18227
1649060605166 0.02511743687588023 18277
1649060630492 0.019982532777648884 18327
1649060656283 0.02279805151221808 18377
1649060681984 0.018548854101100007 18427
1649060707388 0.018349521622876636 18477
1649060733212 0.021465288799954577 18527
1649060759131 0.025652882328722627 18577
1649060784309 0.02198363302159123 18627
1649060809632 0.020788893512508365 18677
1649060835067 0.021586791417212224 18727
1649060860561 0.02035017608315684 18777
1649060886169 0.02296741643222049 18827
1649060911341 0.01723003774051904 18877
1649060936412 0.020637028226628898 18927
1649060962007 0.016256673085736112 18977
1649060987392 0.02049107736675069 19027
1649061012927 0.01952101749833673 19077
1649061038531 0.02358616839395836 19127
1649061063336 0.018668531206785702 19177
1649061088842 0.02595805161516182 19227
1649061114887 0.01741143957595341 19277
1649061140511 0.026759493908612056 19327
1649061166151 0.02031409156130394 19377
1649061192417 0.025417881874600427 19427
1649061218098 0.023924102215096353 19477
1649061242888 0.022139654050115497 19527
1649061366524 0.023620154109667054 19580
1649061391775 0.026492851431248708 19630
1649061417387 0.02010504820034839 19680
1649061442561 0.0211714862647932 19730
1649061468121 0.0197758711365168 19780
1649061493729 0.014740620111697354 19830
1649061519477 0.01973803843255155 19880
1649061544999 0.020989983215695247 19930
1649061570329 0.022681604211684317 19980
1649061595641 0.01736064037657343 20030
1649061620942 0.02368859207374044 20080
1649061646518 0.02448406783747487 20130
1649061671870 0.02408137983235065 20180
1649061697667 0.015659646089188753 20230
1649061723281 0.02098710149526596 20280
1649061748832 0.01779003885341808 20330
1649061774293 0.021703904586611315 20380
1649061800319 0.020445882437343244 20430
1649061825115 0.011581079708994366 20480
1649061850374 0.01987487582664471 20530
1649061875820 0.01647348906262778 20580
1649061901381 0.0237380008661421 20630
1649061927255 0.020374408409697935 20680
1649061952842 0.021341654194984586 20730
1649061978578 0.018039897909911815 20780
1649062003953 0.01808431140962057 20830
1649062029367 0.016133618048625068 20880
1649062055114 0.016704662607226056 20930
1649062080544 0.016434586287941783 20980
1649062105866 0.017947399275144563 21030
1649062130791 0.01879970945417881 21080
1649062155860 0.023325194974895568 21130
1649062181181 0.016500979452393948 21180
1649062206875 0.020250312973512336 21230
1649062232394 0.01967684771923814 21280
1649062257597 0.023653002824867143 21330
1649062282982 0.01828728004678851 21380
1649062308207 0.01937666027020896 21430
1649062333447 0.02048398048384115 21480
1649062456738 0.015378752006217838 21533
1649062482743 0.015321393965859898 21583
1649062507901 0.015759965709294194 21633
1649062533512 0.020852475020801647 21683
1649062559179 0.01602972083579516 21733
1649062584806 0.014387693105381913 21783
1649062611073 0.01821112656965852 21833
1649062636918 0.024365735701285304 21883
1649062662303 0.01602146239543799 21933
1649062687566 0.018935462915105745 21983
1649062713464 0.016259615634335204 22033
1649062739317 0.015852720347465946 22083
1649062764814 0.02473976182169281 22133
1649062790174 0.014390359504614026 22183
1649062815511 0.01891320659429766 22233
1649062841200 0.01903991768602282 22283
1649062866453 0.015388735714368522 22333
1649062891923 0.02301050461945124 22383
1649062917505 0.017141014062217436 22433
1649062942996 0.02390780518646352 22483
1649062968542 0.02204266714397818 22533
1649062994447 0.023778543886728586 22583
1649063020175 0.021930398923577742 22633
1649063046328 0.02427877594716847 22683
1649063072756 0.018817834494984708 22733
1649063098648 0.018723903831560165 22783
1649063124630 0.020481706278515047 22833
1649063149779 0.02312562182720285 22883
1649063174962 0.02079228944145143 22933
1649063200859 0.024026716263906563 22983
1649063226882 0.014500474366359413 23033
1649063252633 0.017074127381201832 23083
1649063278832 0.01614053296390921 23133
1649063303931 0.017390300857950933 23183
1649063329447 0.019409758104011417 23233
1649063354810 0.021432923700194804 23283
1649063380857 0.02151451310608536 23333
1649063406141 0.018086729810456746 23383
1649063432095 0.02629925260785967 23433
