1649050366023 3.7038807797431947 50
1649050391238 1.1943722021579743 100
1649050416888 0.8193181163072586 150
1649050441889 0.7865379720926284 200
1649050467486 0.8387303233146668 250
1649050493326 0.8175846409797668 300
1649050519096 0.7254885426163673 350
1649050545325 0.7334838449954987 400
1649050570981 0.8705584082007408 450
1649050597191 0.8647965720295906 500
1649050623453 0.7707258197665214 550
1649050648739 0.8090295273065568 600
1649050674975 0.8863850674033165 650
1649050700791 0.7974580377340317 700
1649050726901 0.9145363456010819 750
1649050752248 0.9278481519222259 800
1649050777807 0.9682487544417381 850
1649050803149 1.0257517272233962 900
1649050829226 0.8413480120897293 950
1649050854995 1.0440854603052139 1000
1649050881279 0.8914549803733826 1050
1649050906962 0.8594784051179886 1100
1649050932361 0.9404507008194923 1150
1649050958422 0.900525416135788 1200
1649050984363 1.0222177278995515 1250
1649051009947 0.8175886133313179 1300
1649051036360 0.8556369009613991 1350
1649051062362 0.9658809548616409 1400
1649051088594 0.8657478985190391 1450
1649051113966 0.8050098922848702 1500
1649051140075 0.8935737404227256 1550
1649051165850 0.8317673033475876 1600
1649051191279 0.7894377315044403 1650
1649051217573 0.8032013919949531 1700
1649051242777 0.9387192398309707 1750
1649051268246 0.8544285610318184 1800
1649051293980 0.9183292931318283 1850
1649051319929 0.7998741713166236 1900
1649051345577 1.0566184812784194 1950
1649051468954 0.9103765678405762 2003
1649051495148 0.868327080309391 2053
1649051520843 0.8771391215920449 2103
1649051546361 0.9262183764576912 2153
1649051572897 0.9498319214582444 2203
1649051598607 0.8356046468019486 2253
1649051623942 0.8030584833025932 2303
1649051649773 0.9811311838030815 2353
1649051675662 0.7701202520728111 2403
1649051701354 0.8472972825169564 2453
1649051727681 0.9393866322934628 2503
1649051753514 0.8163427013158798 2553
1649051779416 0.8078463298082351 2603
1649051805415 0.9859073331952095 2653
1649051831455 0.784175600707531 2703
1649051857309 0.9984973222017288 2753
1649051883056 0.9143443936109543 2803
1649051908842 0.8274920803308486 2853
1649051934747 0.8106465902924538 2903
1649051961041 0.7980728727579117 2953
1649051986523 0.8089787948131562 3003
1649052012078 0.8317449459433556 3053
1649052037238 0.8616777411103249 3103
1649052062387 0.9469028624892235 3153
1649052087693 0.8708297860622406 3203
1649052113440 0.8453283500671387 3253
1649052138926 0.9064038273692131 3303
1649052164590 0.7900651395320892 3353
1649052190334 0.996702964603901 3403
1649052216215 0.897026918232441 3453
1649052242030 0.852565369606018 3503
1649052267934 0.8622181048989296 3553
1649052293384 0.9760659748315811 3603
1649052319009 0.8198215574026108 3653
1649052344608 0.9534279042482376 3703
1649052370401 0.9229800829291344 3753
1649052396065 0.9495451945066452 3803
1649052421922 0.8260249623656273 3853
1649052447617 0.8766086971759797 3903
1649052572797 0.9516273793578148 3956
1649052599094 0.7415890684723854 4006
1649052624624 0.798004606962204 4056
1649052650531 0.7700097587704658 4106
1649052676657 1.0276648542284965 4156
1649052702088 0.9131605616211891 4206
1649052727716 0.8606081822514534 4256
1649052753726 0.8548177832365036 4306
1649052779101 0.8208604606986046 4356
1649052804711 0.7884638208150864 4406
1649052829865 0.7935289511084557 4456
1649052855430 0.6938213843107224 4506
1649052880814 0.9029228430986405 4556
1649052906829 0.93504653185606 4606
1649052932159 0.8788373938202858 4656
1649052958120 0.8610461688041687 4706
1649052984230 0.835167641043663 4756
1649053009849 0.9825100275874138 4806
1649053035595 0.8465426477789879 4856
1649053061172 0.8547828975319862 4906
1649053087252 0.9027759546041488 4956
1649053112856 0.8837315499782562 5006
1649053139054 0.8820324367284775 5056
1649053164300 0.8175084084272385 5106
1649053190029 0.6743021062016488 5156
1649053215858 0.8283545863628388 5206
1649053241631 0.7600746256113052 5256
1649053267196 0.9240978556871414 5306
1649053292663 0.8552614796161652 5356
1649053317962 0.7064868170022964 5406
1649053343547 0.8513922828435898 5456
1649053369324 0.8122433653473854 5506
1649053394535 0.7715454977750779 5556
1649053420716 0.8272518114745617 5606
1649053447096 0.8854922041296959 5656
1649053473337 0.8116626358032226 5706
1649053498849 0.7893979024887084 5756
1649053524348 0.8810567653179169 5806
1649053549886 0.7928739100694656 5856
1649053674126 0.6754872933030128 5909
1649053699391 0.779714722186327 5959
1649053725332 0.8634299179911613 6009
1649053750449 0.7240255281329155 6059
1649053775831 0.7949300774931908 6109
1649053801468 0.7238542029261589 6159
1649053827852 0.7875511023402214 6209
1649053853506 0.9121429210901261 6259
1649053878779 0.8415265533328057 6309
1649053904299 0.8152366718649864 6359
1649053929950 0.8013591602444649 6409
1649053955876 0.7815863060951233 6459
1649053981300 0.8236103585362434 6509
1649054007081 0.7745010840892792 6559
1649054033375 0.8374696728587151 6609
1649054059673 0.8576226496696472 6659
1649054085253 0.7961108919978142 6709
1649054110847 0.8746442556381225 6759
1649054136100 0.8354057320952415 6809
1649054161774 0.7944650754332543 6859
1649054187897 0.823595698773861 6909
1649054214012 0.7951651209592819 6959
1649054240115 0.8522976139187812 7009
1649054265634 0.8211448684334754 7059
1649054291360 0.7259020277857781 7109
1649054316560 0.6580374065041542 7159
1649054342338 0.7113460439443589 7209
1649054367589 0.8567906740307808 7259
1649054393690 0.8484264209866523 7309
1649054418853 0.9271590021252633 7359
1649054445060 0.6520377081632615 7409
1649054470352 0.747540671825409 7459
1649054495327 0.7065423467755317 7509
1649054520821 0.7930015462636948 7559
1649054546696 0.8537462005019187 7609
1649054572409 0.8816446238756179 7659
1649054598246 0.9542740055918694 7709
1649054624109 0.869404576420784 7759
1649054649804 0.827016578912735 7809
1649054775493 0.7662234760820865 7862
1649054800955 0.8703852292895317 7912
1649054826509 0.8213374662399292 7962
1649054852104 0.7360577991604805 8012
1649054877693 0.8030299492180347 8062
1649054903070 0.7513955253362655 8112
1649054929191 0.8239498461782933 8162
1649054954592 0.8509690830111504 8212
1649054980755 0.7644266656041145 8262
1649055007107 0.7479893669486046 8312
1649055032796 0.890563017129898 8362
1649055058455 0.7626661731302739 8412
1649055083625 0.6138986292481422 8462
1649055108809 0.7508436959981918 8512
1649055135251 0.734172451198101 8562
1649055161269 0.9422878482937813 8612
1649055186608 0.775717296898365 8662
1649055212087 0.7021002879738808 8712
1649055238076 0.7922110895812512 8762
1649055263809 0.8456787705421448 8812
1649055289568 0.8100983719527721 8862
1649055315304 0.6551385490596294 8912
1649055341521 0.7294222632050514 8962
1649055366944 0.8269778108596801 9012
1649055392301 0.8610271710157394 9062
1649055418286 0.8126564922928811 9112
1649055444375 0.6508978489041328 9162
1649055470133 0.798201997578144 9212
1649055496232 0.8443455800414086 9262
1649055521563 0.7073446156084537 9312
1649055547344 0.7660385616123676 9362
1649055574474 0.9153959348797798 9412
1649055600447 0.6323603740334511 9462
1649055626518 0.9084406834840775 9512
1649055652292 0.7700500056147576 9562
1649055677761 0.8040934723615646 9612
1649055703836 0.8457392191886902 9662
1649055729494 0.7786620649695396 9712
1649055754848 0.7279689611494541 9762
1649055879593 0.6964741298556327 9815
1649055905278 0.8374111649394035 9865
1649055930880 0.6916745175421238 9915
1649055956217 0.7993632863461971 9965
1649055981926 0.7135152870416641 10015
1649056007015 0.7677927505970001 10065
1649056032263 0.8709366500377655 10115
1649056057894 0.7747311732172966 10165
1649056083434 0.9078321915864944 10215
1649056108666 0.8422826251387596 10265
1649056134075 0.8224861387908459 10315
1649056159554 0.8052078041434289 10365
1649056185014 0.7333889839053154 10415
1649056210470 0.8209906277060509 10465
1649056235770 0.6703504005074501 10515
1649056261324 0.8215950472652912 10565
1649056286390 0.7454961228370667 10615
1649056311954 0.7284877195954322 10665
1649056337447 0.7291154652833939 10715
1649056363294 0.8699066150188446 10765
1649056388708 0.6962762129306793 10815
1649056414288 0.8041638630628586 10865
1649056439805 0.8022357502579689 10915
1649056465420 0.7874602636694908 10965
1649056490849 0.7293820026516914 11015
1649056516151 0.7441045346856118 11065
1649056542053 0.6813737067580223 11115
1649056568284 0.7436995115876198 11165
1649056594220 0.6708195793628693 11215
1649056620177 0.7186290183663369 11265
1649056646350 0.7446156458556652 11315
1649056671727 0.766277185678482 11365
1649056697373 0.7823722031712532 11415
1649056722797 0.7879962235689163 11465
1649056748390 0.7473032294213772 11515
1649056773750 0.6889044895768166 11565
1649056799691 0.7767790341377259 11615
1649056825395 0.8625399549305439 11665
1649056850885 0.8761671555042266 11715
1649056975536 0.6659229186177253 11768
1649057001283 0.8148594382405281 11818
1649057026797 0.7170369464159012 11868
1649057052324 0.697938072681427 11918
1649057077771 0.8138264666497708 11968
1649057103057 0.7701319947838783 12018
1649057128469 0.8254925034940243 12068
1649057154309 0.8811591675877571 12118
1649057179793 0.7705785948038101 12168
1649057205875 0.8646558512747288 12218
1649057231693 0.6495594874024391 12268
1649057257325 0.7226866835355759 12318
1649057282450 0.814047140777111 12368
1649057307909 0.761332679092884 12418
1649057333560 0.8389190268516541 12468
1649057359100 0.7283071170747281 12518
1649057384670 0.7528624838590622 12568
1649057410393 0.6272054114937782 12618
1649057435855 0.742549010515213 12668
1649057461482 0.8160564768314361 12718
1649057486922 0.6963118959963321 12768
1649057512728 0.7539007146656513 12818
1649057538475 0.7033513082563877 12868
1649057564050 0.7419105333089828 12918
1649057589473 0.7923780255019665 12968
1649057615226 0.8708640544116497 13018
1649057641158 0.7418649771809578 13068
1649057666781 0.747803013920784 13118
1649057692279 0.6705941817164421 13168
1649057718283 0.7399514251947403 13218
1649057743808 0.7974916934967041 13268
1649057769204 0.6499154391884804 13318
1649057794798 0.8397297820448876 13368
1649057820732 0.6835870161652565 13418
1649057846425 0.7608606624603271 13468
1649057872290 0.6155128228664398 13518
1649057897986 0.903277063369751 13568
1649057923283 0.6922958642244339 13618
1649057948876 0.7335892251133919 13668
1649058073301 0.6358303466439247 13721
1649058098847 0.6520691362023353 13771
1649058124436 0.6573455484211445 13821
1649058149903 0.7490320536494255 13871
1649058175783 0.755628804564476 13921
1649058200964 0.6555374163389206 13971
1649058226284 0.7088340552151203 14021
1649058252412 0.6838400968909264 14071
1649058278468 0.8062859478592873 14121
1649058303483 0.6890560631453991 14171
1649058329289 0.6476025072485209 14221
1649058354425 0.7212384396791458 14271
1649058380603 0.6410232496261596 14321
1649058405815 0.8481459689140319 14371
1649058430757 0.8647624444961548 14421
1649058456198 0.8446041516959667 14471
1649058481887 0.7985201400518417 14521
1649058507763 0.6300116884708404 14571
1649058533485 0.89892831787467 14621
1649058558791 0.825477095246315 14671
1649058584531 0.6728761917352677 14721
1649058610041 0.7149854469299316 14771
1649058635404 0.7359293340146542 14821
1649058661041 0.8049793940782547 14871
1649058686377 0.8291880951821804 14921
1649058712211 0.6733121727406979 14971
1649058737736 0.8160224404931068 15021
1649058763038 0.6378819018602371 15071
1649058788460 0.7303292843699455 15121
1649058814618 0.7360129427909851 15171
1649058841002 0.7227769005298614 15221
1649058866285 0.6145756417512893 15271
1649058891730 0.6817894873023033 15321
1649058917543 0.818732340335846 15371
1649058943082 0.6912509462982416 15421
1649058968669 0.757319668829441 15471
1649058994739 0.6165492807328701 15521
1649059020557 0.8098448647558689 15571
1649059046044 0.7616700232028961 15621
1649059171415 0.7708034613728523 15674
1649059196753 0.721142840385437 15724
1649059222831 0.7039249609410763 15774
1649059248637 0.5594936813414096 15824
1649059274536 0.6570177616178989 15874
1649059300591 0.6679976426064969 15924
1649059325990 0.7180778788030148 15974
1649059351279 0.6397964748740196 16024
1649059376972 0.6710762916505337 16074
1649059402817 0.6434426462650299 16124
1649059428819 0.6014664500206709 16174
1649059454381 0.6863950535655021 16224
1649059479850 0.6473132103681565 16274
1649059505541 0.6223993463814259 16324
1649059531687 0.7710870853066445 16374
1649059557597 0.6530943447351456 16424
1649059583363 0.6432844653725625 16474
1649059609245 0.6296651621162891 16524
1649059634692 0.7001327925920486 16574
1649059660121 0.6366364128887654 16624
1649059685920 0.6096016536653042 16674
1649059711948 0.5798937824368476 16724
1649059737789 0.6166457444429397 16774
1649059762991 0.5816260626912118 16824
1649059788877 0.6141424630582333 16874
1649059814821 0.6680606868863106 16924
1649059840105 0.6627690896391869 16974
1649059865848 0.7201007932424546 17024
1649059891352 0.6973873420059681 17074
1649059916994 0.6031923349946737 17124
1649059942928 0.7702655094861984 17174
1649059968695 0.5280499323457479 17224
1649059994224 0.633547969609499 17274
1649060020074 0.5590026437491179 17324
1649060045308 0.6629020204395055 17374
1649060071299 0.5376434528082609 17424
1649060097285 0.48226536996662617 17474
1649060122538 0.6530207733809948 17524
1649060148170 0.6286547155678273 17574
1649060271965 0.6769614923000336 17627
1649060297388 0.6568453377485275 17677
1649060322995 0.5528948801755905 17727
1649060348448 0.5351971405744552 17777
1649060374795 0.7260658976435661 17827
1649060400022 0.6689006191492081 17877
1649060426031 0.6186600855737925 17927
1649060451399 0.5248788399994373 17977
1649060476855 0.5565051651000976 18027
1649060502038 0.5740122792869806 18077
1649060527366 0.6122177456319332 18127
1649060552964 0.6652579244971275 18177
1649060579423 0.581564477905631 18227
1649060605166 0.6595264498889446 18277
1649060630492 0.6450265181809663 18327
1649060656283 0.6974185392260551 18377
1649060681984 0.5602985928207636 18427
1649060707388 0.6205984458327294 18477
1649060733212 0.5807186461985111 18527
1649060759131 0.727977743446827 18577
1649060784309 0.5699505198746919 18627
1649060809632 0.6360681492090225 18677
1649060835067 0.6401886009424925 18727
1649060860561 0.6099351872503758 18777
1649060886169 0.6411627630889416 18827
1649060911341 0.5274417736381293 18877
1649060936412 0.6018689830601215 18927
1649060962007 0.525268621891737 18977
1649060987392 0.5935470734536648 19027
1649061012927 0.5784681099653244 19077
1649061038531 0.6684021453559399 19127
1649061063336 0.5053334310650826 19177
1649061088842 0.6095025718212128 19227
1649061114887 0.5393608170747757 19277
1649061140511 0.5268600037693978 19327
1649061166151 0.5731405867636203 19377
1649061192417 0.7641641846299172 19427
1649061218098 0.6647065503895283 19477
1649061242888 0.5965290600806474 19527
1649061366524 0.6289257168769836 19580
1649061391775 0.6190095663070678 19630
1649061417387 0.6672168846428395 19680
1649061442561 0.6596879225969314 19730
1649061468121 0.6054728522896766 19780
1649061493729 0.5093422955274582 19830
1649061519477 0.6147868376970291 19880
1649061544999 0.6027065660059452 19930
1649061570329 0.5705631550401449 19980
1649061595641 0.5987584667652845 20030
1649061620942 0.6797834514081478 20080
1649061646518 0.6938264435529709 20130
1649061671870 0.69640550121665 20180
1649061697667 0.519681728631258 20230
1649061723281 0.6574525772035122 20280
1649061748832 0.5860886138677597 20330
1649061774293 0.5395887467265129 20380
1649061800319 0.6286023216694594 20430
1649061825115 0.4691681911051273 20480
1649061850374 0.526923870742321 20530
1649061875820 0.5654903349280357 20580
1649061901381 0.586961514800787 20630
1649061927255 0.558482733219862 20680
1649061952842 0.5693619106709957 20730
1649061978578 0.6008072462677956 20780
1649062003953 0.5672601054608822 20830
1649062029367 0.5260462202876807 20880
1649062055114 0.5685733095556498 20930
1649062080544 0.578069126456976 20980
1649062105866 0.5652807138860225 21030
1649062130791 0.6142982544004917 21080
1649062155860 0.6193929664790631 21130
1649062181181 0.513065604865551 21180
1649062206875 0.6455825683474541 21230
1649062232394 0.5513389281183482 21280
1649062257597 0.6391641680896282 21330
1649062282982 0.5591600312292576 21380
1649062308207 0.513974921926856 21430
1649062333447 0.6366216647624969 21480
1649062456738 0.5985019835829735 21533
1649062482743 0.5273571060597897 21583
1649062507901 0.5555250844359398 21633
1649062533512 0.5611496843397618 21683
1649062559179 0.5321259846538305 21733
1649062584806 0.555177798345685 21783
1649062611073 0.5549565872550011 21833
1649062636918 0.6544844588637352 21883
1649062662303 0.6173574769496918 21933
1649062687566 0.5032772476226092 21983
1649062713464 0.5155064491927623 22033
1649062739317 0.5899066749215126 22083
1649062764814 0.6213210040330887 22133
1649062790174 0.5467537286877632 22183
1649062815511 0.57453712195158 22233
1649062841200 0.6045055156946182 22283
1649062866453 0.5125927194952965 22333
1649062891923 0.5180939637124539 22383
1649062917505 0.5267540061473847 22433
1649062942996 0.6811817878484726 22483
1649062968542 0.5873031599074602 22533
1649062994447 0.6307236182689667 22583
1649063020175 0.5173541397601366 22633
1649063046328 0.6357968889176846 22683
1649063072756 0.6105050382018089 22733
1649063098648 0.6375885954499245 22783
1649063124630 0.6350246082246304 22833
1649063149779 0.5333893595635891 22883
1649063174962 0.5625262404978275 22933
1649063200859 0.631979553103447 22983
1649063226882 0.5281062102317811 23033
1649063252633 0.457752380669117 23083
1649063278832 0.6193836549669505 23133
1649063303931 0.5522266195714474 23183
1649063329447 0.5409804869443178 23233
1649063354810 0.5670149058103562 23283
1649063380857 0.6241863358020783 23333
1649063406141 0.49128980323672294 23383
1649063432095 0.664864192456007 23433
