1649156470209 4.995100000000008e-06 50
1649156516506 9.990100000000003e-06 100
1649156561642 1.4985100000000007e-05 150
1649156607129 1.9980100000000012e-05 200
1649156652468 2.4975099999999994e-05 250
1649156697573 2.997009999999999e-05 300
1649156742910 3.4965099999999995e-05 350
1649156788102 3.99601e-05 400
1649156833746 4.4955100000000006e-05 450
1649156879153 4.99501e-05 500
1649156925655 5.4945100000000004e-05 550
1649156964155 5.99401e-05 600
1649156989730 6.493510000000001e-05 650
1649157014567 6.99301e-05 700
1649157039285 7.49251e-05 750
1649157064312 7.992010000000001e-05 800
1649157089472 8.49151e-05 850
1649157114629 8.99101e-05 900
1649157139521 9.490510000000001e-05 950
1649157164326 9.990010000000001e-05 1000
1649157189729 0.0001 1050
1649157214703 0.0001 1100
1649157239819 0.0001 1150
1649157265195 0.0001 1200
1649157290406 0.0001 1250
1649157315826 0.0001 1300
1649157340795 0.0001 1350
1649157365875 0.0001 1400
1649157391271 0.0001 1450
1649157416685 0.0001 1500
1649157441922 0.0001 1550
1649157467406 0.0001 1600
1649157493068 0.0001 1650
1649157518364 0.0001 1700
1649157543312 0.0001 1750
1649157568502 0.0001 1800
1649157593887 0.0001 1850
1649157619418 0.0001 1900
1649157644710 0.0001 1950
1649157742777 0.0001 1954
1649157770232 0.0001 2003
1649157795184 0.0001 2053
1649157819988 0.0001 2103
1649157845288 0.0001 2153
1649157870801 0.0001 2203
1649157895729 0.0001 2253
1649157921019 0.0001 2303
1649157945913 0.0001 2353
1649157970648 0.0001 2403
1649157996006 0.0001 2453
1649158020866 0.0001 2503
1649158045715 0.0001 2553
1649158070537 0.0001 2603
1649158095855 0.0001 2653
1649158120758 0.0001 2703
1649158145281 0.0001 2753
1649158170276 0.0001 2803
1649158195268 0.0001 2853
1649158220303 0.0001 2903
1649158245644 0.0001 2953
1649158270807 0.0001 3003
1649158295785 0.0001 3053
1649158320824 0.0001 3103
1649158346288 0.0001 3153
1649158371252 0.0001 3203
1649158396143 0.0001 3253
1649158420923 0.0001 3303
1649158445943 0.0001 3353
1649158471462 0.0001 3403
1649158496756 0.0001 3453
1649158521809 0.0001 3503
1649158547009 0.0001 3553
1649158572004 0.0001 3603
1649158597313 0.0001 3653
1649158622428 0.0001 3703
1649158647224 0.0001 3753
1649158672263 0.0001 3803
1649158697246 0.0001 3853
1649158722973 0.0001 3903
1649158822552 0.0001 3907
1649158850331 0.0001 3956
1649158875294 0.0001 4006
1649158900304 0.0001 4056
1649158925237 0.0001 4106
1649158950021 0.0001 4156
1649158975276 0.0001 4206
1649159000296 0.0001 4256
1649159025093 0.0001 4306
1649159050305 0.0001 4356
1649159074928 0.0001 4406
1649159100026 0.0001 4456
1649159124802 0.0001 4506
1649159149848 0.0001 4556
1649159175296 0.0001 4606
1649159200704 0.0001 4656
1649159225737 0.0001 4706
1649159251026 0.0001 4756
1649159276034 0.0001 4806
1649159300725 0.0001 4856
1649159325768 0.0001 4906
1649159351025 0.0001 4956
1649159376266 0.0001 5006
1649159401337 0.0001 5056
1649159426437 0.0001 5106
1649159451682 0.0001 5156
1649159476734 0.0001 5206
1649159501926 0.0001 5256
1649159526800 0.0001 5306
1649159551691 0.0001 5356
1649159576790 0.0001 5406
1649159601757 0.0001 5456
1649159626744 0.0001 5506
1649159651761 0.0001 5556
1649159677006 0.0001 5606
1649159702333 0.0001 5656
1649159727329 0.0001 5706
1649159752896 0.0001 5756
1649159777628 0.0001 5806
1649159802997 0.0001 5856
1649159897974 0.0001 5860
1649159925662 0.0001 5909
1649159950820 0.0001 5959
1649159975725 0.0001 6009
1649160000618 0.0001 6059
1649160025401 0.0001 6109
1649160050166 0.0001 6159
1649160075287 0.0001 6209
1649160100257 0.0001 6259
1649160125326 0.0001 6309
1649160150334 0.0001 6359
1649160175308 0.0001 6409
1649160200475 0.0001 6459
1649160225267 0.0001 6509
1649160250241 0.0001 6559
1649160275533 0.0001 6609
1649160300812 0.0001 6659
1649160325935 0.0001 6709
1649160351018 0.0001 6759
1649160375950 0.0001 6809
1649160400778 0.0001 6859
1649160426240 0.0001 6909
1649160451648 0.0001 6959
1649160476327 0.0001 7009
1649160501835 0.0001 7059
1649160527014 0.0001 7109
1649160552151 0.0001 7159
1649160577186 0.0001 7209
1649160602212 0.0001 7259
1649160627399 0.0001 7309
1649160652392 0.0001 7359
1649160677775 0.0001 7409
1649160703746 0.0001 7459
1649160728554 0.0001 7509
1649160753457 0.0001 7559
1649160778783 0.0001 7609
1649160804504 0.0001 7659
1649160829666 0.0001 7709
1649160854505 0.0001 7759
1649160879388 0.0001 7809
1649160976495 0.0001 7813
1649161003411 0.0001 7862
1649161028929 0.0001 7912
1649161054293 0.0001 7962
1649161080067 0.0001 8012
1649161104995 0.0001 8062
1649161130433 0.0001 8112
1649161155226 0.0001 8162
1649161180253 0.0001 8212
1649161204909 0.0001 8262
1649161229951 0.0001 8312
1649161254772 0.0001 8362
1649161279745 0.0001 8412
1649161304846 0.0001 8462
1649161330331 0.0001 8512
1649161355202 0.0001 8562
1649161380237 0.0001 8612
1649161405547 0.0001 8662
1649161430903 0.0001 8712
1649161455890 0.0001 8762
1649161480978 0.0001 8812
1649161506201 0.0001 8862
1649161531476 0.0001 8912
1649161557327 0.0001 8962
1649161582255 0.0001 9012
1649161606985 0.0001 9062
1649161632401 0.0001 9112
1649161657820 0.0001 9162
1649161683561 0.0001 9212
1649161708312 0.0001 9262
1649161733725 0.0001 9312
1649161758902 0.0001 9362
1649161784045 0.0001 9412
1649161808810 0.0001 9462
1649161833744 0.0001 9512
1649161858901 0.0001 9562
1649161883803 0.0001 9612
1649161908980 0.0001 9662
1649161933815 0.0001 9712
1649161958774 0.0001 9762
1649162054211 0.0001 9766
1649162081631 0.0001 9815
1649162106759 0.0001 9865
1649162131677 0.0001 9915
1649162156697 0.0001 9965
1649162181967 0.0001 10015
1649162207497 0.0001 10065
1649162232228 0.0001 10115
1649162256857 0.0001 10165
1649162281681 0.0001 10215
1649162306210 0.0001 10265
1649162331352 0.0001 10315
1649162356466 0.0001 10365
1649162381174 0.0001 10415
1649162406343 0.0001 10465
1649162431850 0.0001 10515
1649162456868 0.0001 10565
1649162481896 0.0001 10615
1649162507959 0.0001 10665
1649162533959 0.0001 10715
1649162559259 0.0001 10765
1649162584379 0.0001 10815
1649162609216 0.0001 10865
1649162634369 0.0001 10915
1649162660178 0.0001 10965
1649162685875 0.0001 11015
1649162710997 0.0001 11065
1649162735789 0.0001 11115
1649162760730 0.0001 11165
1649162786087 0.0001 11215
1649162811433 0.0001 11265
1649162836319 0.0001 11315
1649162861234 0.0001 11365
1649162886521 0.0001 11415
1649162911130 0.0001 11465
1649162936740 0.0001 11515
1649162961681 0.0001 11565
1649162987154 0.0001 11615
1649163012264 0.0001 11665
1649163037263 0.0001 11715
1649163134486 0.0001 11719
1649163161652 0.0001 11768
1649163186677 0.0001 11818
1649163212286 0.0001 11868
1649163237101 0.0001 11918
1649163262202 0.0001 11968
1649163287298 0.0001 12018
1649163312282 0.0001 12068
1649163337449 0.0001 12118
1649163362420 0.0001 12168
1649163387348 0.0001 12218
1649163412922 0.0001 12268
1649163437757 0.0001 12318
1649163462720 0.0001 12368
1649163487814 0.0001 12418
1649163513195 0.0001 12468
1649163538692 0.0001 12518
1649163563834 0.0001 12568
1649163588713 0.0001 12618
1649163614143 0.0001 12668
1649163639255 0.0001 12718
1649163664365 0.0001 12768
1649163689445 0.0001 12818
1649163714168 0.0001 12868
1649163739183 0.0001 12918
1649163763950 0.0001 12968
1649163788632 0.0001 13018
1649163814111 0.0001 13068
1649163839225 0.0001 13118
1649163864294 0.0001 13168
1649163889333 0.0001 13218
1649163914392 0.0001 13268
1649163939672 0.0001 13318
1649163964319 0.0001 13368
1649163989215 0.0001 13418
1649164014216 0.0001 13468
1649164039357 0.0001 13518
1649164064807 0.0001 13568
1649164089796 0.0001 13618
1649164114848 0.0001 13668
1649164210849 0.0001 13672
1649164237933 0.0001 13721
1649164263011 0.0001 13771
1649164288016 0.0001 13821
1649164312889 0.0001 13871
1649164337713 0.0001 13921
1649164362662 0.0001 13971
1649164387784 0.0001 14021
1649164412752 0.0001 14071
1649164437794 0.0001 14121
1649164462771 0.0001 14171
1649164487797 0.0001 14221
1649164512713 0.0001 14271
1649164537792 0.0001 14321
1649164562874 0.0001 14371
1649164588434 0.0001 14421
1649164613451 0.0001 14471
1649164638712 0.0001 14521
1649164664114 0.0001 14571
1649164688959 0.0001 14621
1649164713719 0.0001 14671
1649164739362 0.0001 14721
1649164764276 0.0001 14771
1649164789742 0.0001 14821
1649164814740 0.0001 14871
1649164839744 0.0001 14921
1649164864971 0.0001 14971
1649164890339 0.0001 15021
1649164915204 0.0001 15071
1649164940359 0.0001 15121
1649164965310 0.0001 15171
1649164990639 0.0001 15221
1649165015956 0.0001 15271
1649165040762 0.0001 15321
1649165065779 0.0001 15371
1649165090898 0.0001 15421
1649165115832 0.0001 15471
1649165141029 0.0001 15521
1649165166194 0.0001 15571
1649165191888 0.0001 15621
1649165288596 0.0001 15625
1649165316208 1e-05 15674
1649165341227 1e-05 15724
1649165365776 1e-05 15774
1649165391206 1e-05 15824
1649165416762 1e-05 15874
1649165442036 1e-05 15924
1649165467391 1e-05 15974
1649165492900 1e-05 16024
1649165517692 1e-05 16074
1649165542602 1e-05 16124
1649165568182 1e-05 16174
1649165592993 1e-05 16224
1649165617744 1e-05 16274
1649165642976 1e-05 16324
1649165667648 1e-05 16374
1649165692494 1e-05 16424
1649165717427 1e-05 16474
1649165742491 1e-05 16524
1649165767330 1e-05 16574
1649165792393 1e-05 16624
1649165817250 1e-05 16674
1649165842292 1e-05 16724
1649165867223 1e-05 16774
1649165892108 1e-05 16824
1649165917253 1e-05 16874
1649165942596 1e-05 16924
1649165967227 1e-05 16974
1649165992235 1e-05 17024
1649166017624 1e-05 17074
1649166042735 1e-05 17124
1649166067851 1e-05 17174
1649166093191 1e-05 17224
1649166117930 1e-05 17274
1649166143030 1e-05 17324
1649166168254 1e-05 17374
1649166193629 1e-05 17424
1649166218742 1e-05 17474
1649166243918 1e-05 17524
1649166268755 1e-05 17574
1649166364781 1e-05 17578
1649166392625 1e-05 17627
1649166417955 1e-05 17677
1649166442734 1e-05 17727
1649166468048 1e-05 17777
1649166493252 1e-05 17827
1649166518296 1e-05 17877
1649166543591 1e-05 17927
1649166568848 1e-05 17977
1649166594289 1e-05 18027
1649166619249 1e-05 18077
1649166644284 1e-05 18127
1649166669461 1e-05 18177
1649166694726 1e-05 18227
1649166720206 1e-05 18277
1649166744747 1e-05 18327
1649166769784 1e-05 18377
1649166794831 1e-05 18427
1649166820043 1e-05 18477
1649166845669 1e-05 18527
1649166871240 1e-05 18577
1649166896774 1e-05 18627
1649166922810 1e-05 18677
1649166947697 1e-05 18727
1649166973042 1e-05 18777
1649166998345 1e-05 18827
1649167023338 1e-05 18877
1649167048431 1e-05 18927
1649167073538 1e-05 18977
1649167098411 1e-05 19027
1649167123651 1e-05 19077
1649167148717 1e-05 19127
1649167173455 1e-05 19177
1649167199002 1e-05 19227
1649167224247 1e-05 19277
1649167249833 1e-05 19327
1649167274942 1e-05 19377
1649167300261 1e-05 19427
1649167325332 1e-05 19477
1649167350402 1e-05 19527
1649167445541 1e-05 19531
1649167472751 1e-05 19580
1649167497694 1e-05 19630
1649167522202 1e-05 19680
1649167546832 1e-05 19730
1649167571806 1e-05 19780
1649167596720 1e-05 19830
1649167622216 1e-05 19880
1649167647408 1e-05 19930
1649167672488 1e-05 19980
1649167697494 1e-05 20030
1649167723014 1e-05 20080
1649167748205 1e-05 20130
1649167773546 1e-05 20180
1649167798800 1e-05 20230
1649167823772 1e-05 20280
1649167848896 1e-05 20330
1649167873834 1e-05 20380
1649167898537 1e-05 20430
1649167923788 1e-05 20480
1649167948783 1e-05 20530
1649167973755 1e-05 20580
1649167999282 1e-05 20630
1649168024079 1e-05 20680
1649168049250 1e-05 20730
1649168074415 1e-05 20780
1649168099284 1e-05 20830
1649168124755 1e-05 20880
1649168149744 1e-05 20930
1649168174866 1e-05 20980
1649168199715 1e-05 21030
1649168225116 1e-05 21080
1649168250084 1e-05 21130
1649168275221 1e-05 21180
1649168300196 1e-05 21230
1649168324828 1e-05 21280
1649168349955 1e-05 21330
1649168374892 1e-05 21380
1649168400027 1e-05 21430
1649168425241 1e-05 21480
1649168520415 1e-05 21484
1649168547655 1.0000000000000002e-06 21533
1649168572619 1.0000000000000002e-06 21583
1649168597339 1.0000000000000002e-06 21633
1649168622174 1.0000000000000002e-06 21683
1649168647317 1.0000000000000002e-06 21733
1649168672491 1.0000000000000002e-06 21783
1649168697143 1.0000000000000002e-06 21833
1649168721588 1.0000000000000002e-06 21883
1649168746472 1.0000000000000002e-06 21933
1649168771382 1.0000000000000002e-06 21983
1649168797049 1.0000000000000002e-06 22033
1649168822202 1.0000000000000002e-06 22083
1649168847319 1.0000000000000002e-06 22133
1649168872382 1.0000000000000002e-06 22183
1649168897315 1.0000000000000002e-06 22233
1649168922266 1.0000000000000002e-06 22283
1649168947604 1.0000000000000002e-06 22333
1649168973296 1.0000000000000002e-06 22383
1649168998307 1.0000000000000002e-06 22433
1649169023201 1.0000000000000002e-06 22483
1649169048368 1.0000000000000002e-06 22533
1649169073238 1.0000000000000002e-06 22583
1649169098568 1.0000000000000002e-06 22633
1649169124367 1.0000000000000002e-06 22683
1649169150122 1.0000000000000002e-06 22733
1649169175312 1.0000000000000002e-06 22783
1649169200339 1.0000000000000002e-06 22833
1649169225237 1.0000000000000002e-06 22883
1649169250511 1.0000000000000002e-06 22933
1649169275200 1.0000000000000002e-06 22983
1649169300329 1.0000000000000002e-06 23033
1649169325243 1.0000000000000002e-06 23083
1649169350336 1.0000000000000002e-06 23133
1649169375585 1.0000000000000002e-06 23183
1649169400788 1.0000000000000002e-06 23233
1649169425854 1.0000000000000002e-06 23283
1649169451332 1.0000000000000002e-06 23333
1649169476299 1.0000000000000002e-06 23383
1649169501539 1.0000000000000002e-06 23433
1649169596410 1.0000000000000002e-06 23437
