1649156470209 0.9 50
1649156516506 0.9 100
1649156561642 0.9 150
1649156607129 0.9 200
1649156652468 0.9 250
1649156697573 0.9 300
1649156742910 0.9 350
1649156788102 0.9 400
1649156833746 0.9 450
1649156879153 0.9 500
1649156925655 0.9 550
1649156964155 0.9 600
1649156989730 0.9 650
1649157014567 0.9 700
1649157039285 0.9 750
1649157064312 0.9 800
1649157089472 0.9 850
1649157114629 0.9 900
1649157139521 0.9 950
1649157164326 0.9 1000
1649157189729 0.9 1050
1649157214703 0.9 1100
1649157239819 0.9 1150
1649157265195 0.9 1200
1649157290406 0.9 1250
1649157315826 0.9 1300
1649157340795 0.9 1350
1649157365875 0.9 1400
1649157391271 0.9 1450
1649157416685 0.9 1500
1649157441922 0.9 1550
1649157467406 0.9 1600
1649157493068 0.9 1650
1649157518364 0.9 1700
1649157543312 0.9 1750
1649157568502 0.9 1800
1649157593887 0.9 1850
1649157619418 0.9 1900
1649157644710 0.9 1950
1649157742777 0.9 1954
1649157770232 0.9 2003
1649157795184 0.9 2053
1649157819988 0.9 2103
1649157845288 0.9 2153
1649157870801 0.9 2203
1649157895729 0.9 2253
1649157921019 0.9 2303
1649157945913 0.9 2353
1649157970648 0.9 2403
1649157996006 0.9 2453
1649158020866 0.9 2503
1649158045715 0.9 2553
1649158070537 0.9 2603
1649158095855 0.9 2653
1649158120758 0.9 2703
1649158145281 0.9 2753
1649158170276 0.9 2803
1649158195268 0.9 2853
1649158220303 0.9 2903
1649158245644 0.9 2953
1649158270807 0.9 3003
1649158295785 0.9 3053
1649158320824 0.9 3103
1649158346288 0.9 3153
1649158371252 0.9 3203
1649158396143 0.9 3253
1649158420923 0.9 3303
1649158445943 0.9 3353
1649158471462 0.9 3403
1649158496756 0.9 3453
1649158521809 0.9 3503
1649158547009 0.9 3553
1649158572004 0.9 3603
1649158597313 0.9 3653
1649158622428 0.9 3703
1649158647224 0.9 3753
1649158672263 0.9 3803
1649158697246 0.9 3853
1649158722973 0.9 3903
1649158822552 0.9 3907
1649158850331 0.9 3956
1649158875294 0.9 4006
1649158900304 0.9 4056
1649158925237 0.9 4106
1649158950021 0.9 4156
1649158975276 0.9 4206
1649159000296 0.9 4256
1649159025093 0.9 4306
1649159050305 0.9 4356
1649159074928 0.9 4406
1649159100026 0.9 4456
1649159124802 0.9 4506
1649159149848 0.9 4556
1649159175296 0.9 4606
1649159200704 0.9 4656
1649159225737 0.9 4706
1649159251026 0.9 4756
1649159276034 0.9 4806
1649159300725 0.9 4856
1649159325768 0.9 4906
1649159351025 0.9 4956
1649159376266 0.9 5006
1649159401337 0.9 5056
1649159426437 0.9 5106
1649159451682 0.9 5156
1649159476734 0.9 5206
1649159501926 0.9 5256
1649159526800 0.9 5306
1649159551691 0.9 5356
1649159576790 0.9 5406
1649159601757 0.9 5456
1649159626744 0.9 5506
1649159651761 0.9 5556
1649159677006 0.9 5606
1649159702333 0.9 5656
1649159727329 0.9 5706
1649159752896 0.9 5756
1649159777628 0.9 5806
1649159802997 0.9 5856
1649159897974 0.9 5860
1649159925662 0.9 5909
1649159950820 0.9 5959
1649159975725 0.9 6009
1649160000618 0.9 6059
1649160025401 0.9 6109
1649160050166 0.9 6159
1649160075287 0.9 6209
1649160100257 0.9 6259
1649160125326 0.9 6309
1649160150334 0.9 6359
1649160175308 0.9 6409
1649160200475 0.9 6459
1649160225267 0.9 6509
1649160250241 0.9 6559
1649160275533 0.9 6609
1649160300812 0.9 6659
1649160325935 0.9 6709
1649160351018 0.9 6759
1649160375950 0.9 6809
1649160400778 0.9 6859
1649160426240 0.9 6909
1649160451648 0.9 6959
1649160476327 0.9 7009
1649160501835 0.9 7059
1649160527014 0.9 7109
1649160552151 0.9 7159
1649160577186 0.9 7209
1649160602212 0.9 7259
1649160627399 0.9 7309
1649160652392 0.9 7359
1649160677775 0.9 7409
1649160703746 0.9 7459
1649160728554 0.9 7509
1649160753457 0.9 7559
1649160778783 0.9 7609
1649160804504 0.9 7659
1649160829666 0.9 7709
1649160854505 0.9 7759
1649160879388 0.9 7809
1649160976495 0.9 7813
1649161003411 0.9 7862
1649161028929 0.9 7912
1649161054293 0.9 7962
1649161080067 0.9 8012
1649161104995 0.9 8062
1649161130433 0.9 8112
1649161155226 0.9 8162
1649161180253 0.9 8212
1649161204909 0.9 8262
1649161229951 0.9 8312
1649161254772 0.9 8362
1649161279745 0.9 8412
1649161304846 0.9 8462
1649161330331 0.9 8512
1649161355202 0.9 8562
1649161380237 0.9 8612
1649161405547 0.9 8662
1649161430903 0.9 8712
1649161455890 0.9 8762
1649161480978 0.9 8812
1649161506201 0.9 8862
1649161531476 0.9 8912
1649161557327 0.9 8962
1649161582255 0.9 9012
1649161606985 0.9 9062
1649161632401 0.9 9112
1649161657820 0.9 9162
1649161683561 0.9 9212
1649161708312 0.9 9262
1649161733725 0.9 9312
1649161758902 0.9 9362
1649161784045 0.9 9412
1649161808810 0.9 9462
1649161833744 0.9 9512
1649161858901 0.9 9562
1649161883803 0.9 9612
1649161908980 0.9 9662
1649161933815 0.9 9712
1649161958774 0.9 9762
1649162054211 0.9 9766
1649162081631 0.9 9815
1649162106759 0.9 9865
1649162131677 0.9 9915
1649162156697 0.9 9965
1649162181967 0.9 10015
1649162207497 0.9 10065
1649162232228 0.9 10115
1649162256857 0.9 10165
1649162281681 0.9 10215
1649162306210 0.9 10265
1649162331352 0.9 10315
1649162356466 0.9 10365
1649162381174 0.9 10415
1649162406343 0.9 10465
1649162431850 0.9 10515
1649162456868 0.9 10565
1649162481896 0.9 10615
1649162507959 0.9 10665
1649162533959 0.9 10715
1649162559259 0.9 10765
1649162584379 0.9 10815
1649162609216 0.9 10865
1649162634369 0.9 10915
1649162660178 0.9 10965
1649162685875 0.9 11015
1649162710997 0.9 11065
1649162735789 0.9 11115
1649162760730 0.9 11165
1649162786087 0.9 11215
1649162811433 0.9 11265
1649162836319 0.9 11315
1649162861234 0.9 11365
1649162886521 0.9 11415
1649162911130 0.9 11465
1649162936740 0.9 11515
1649162961681 0.9 11565
1649162987154 0.9 11615
1649163012264 0.9 11665
1649163037263 0.9 11715
1649163134486 0.9 11719
1649163161652 0.9 11768
1649163186677 0.9 11818
1649163212286 0.9 11868
1649163237101 0.9 11918
1649163262202 0.9 11968
1649163287298 0.9 12018
1649163312282 0.9 12068
1649163337449 0.9 12118
1649163362420 0.9 12168
1649163387348 0.9 12218
1649163412922 0.9 12268
1649163437757 0.9 12318
1649163462720 0.9 12368
1649163487814 0.9 12418
1649163513195 0.9 12468
1649163538692 0.9 12518
1649163563834 0.9 12568
1649163588713 0.9 12618
1649163614143 0.9 12668
1649163639255 0.9 12718
1649163664365 0.9 12768
1649163689445 0.9 12818
1649163714168 0.9 12868
1649163739183 0.9 12918
1649163763950 0.9 12968
1649163788632 0.9 13018
1649163814111 0.9 13068
1649163839225 0.9 13118
1649163864294 0.9 13168
1649163889333 0.9 13218
1649163914392 0.9 13268
1649163939672 0.9 13318
1649163964319 0.9 13368
1649163989215 0.9 13418
1649164014216 0.9 13468
1649164039357 0.9 13518
1649164064807 0.9 13568
1649164089796 0.9 13618
1649164114848 0.9 13668
1649164210849 0.9 13672
1649164237933 0.9 13721
1649164263011 0.9 13771
1649164288016 0.9 13821
1649164312889 0.9 13871
1649164337713 0.9 13921
1649164362662 0.9 13971
1649164387784 0.9 14021
1649164412752 0.9 14071
1649164437794 0.9 14121
1649164462771 0.9 14171
1649164487797 0.9 14221
1649164512713 0.9 14271
1649164537792 0.9 14321
1649164562874 0.9 14371
1649164588434 0.9 14421
1649164613451 0.9 14471
1649164638712 0.9 14521
1649164664114 0.9 14571
1649164688959 0.9 14621
1649164713719 0.9 14671
1649164739362 0.9 14721
1649164764276 0.9 14771
1649164789742 0.9 14821
1649164814740 0.9 14871
1649164839744 0.9 14921
1649164864971 0.9 14971
1649164890339 0.9 15021
1649164915204 0.9 15071
1649164940359 0.9 15121
1649164965310 0.9 15171
1649164990639 0.9 15221
1649165015956 0.9 15271
1649165040762 0.9 15321
1649165065779 0.9 15371
1649165090898 0.9 15421
1649165115832 0.9 15471
1649165141029 0.9 15521
1649165166194 0.9 15571
1649165191888 0.9 15621
1649165288596 0.9 15625
1649165316208 0.9 15674
1649165341227 0.9 15724
1649165365776 0.9 15774
1649165391206 0.9 15824
1649165416762 0.9 15874
1649165442036 0.9 15924
1649165467391 0.9 15974
1649165492900 0.9 16024
1649165517692 0.9 16074
1649165542602 0.9 16124
1649165568182 0.9 16174
1649165592993 0.9 16224
1649165617744 0.9 16274
1649165642976 0.9 16324
1649165667648 0.9 16374
1649165692494 0.9 16424
1649165717427 0.9 16474
1649165742491 0.9 16524
1649165767330 0.9 16574
1649165792393 0.9 16624
1649165817250 0.9 16674
1649165842292 0.9 16724
1649165867223 0.9 16774
1649165892108 0.9 16824
1649165917253 0.9 16874
1649165942596 0.9 16924
1649165967227 0.9 16974
1649165992235 0.9 17024
1649166017624 0.9 17074
1649166042735 0.9 17124
1649166067851 0.9 17174
1649166093191 0.9 17224
1649166117930 0.9 17274
1649166143030 0.9 17324
1649166168254 0.9 17374
1649166193629 0.9 17424
1649166218742 0.9 17474
1649166243918 0.9 17524
1649166268755 0.9 17574
1649166364781 0.9 17578
1649166392625 0.9 17627
1649166417955 0.9 17677
1649166442734 0.9 17727
1649166468048 0.9 17777
1649166493252 0.9 17827
1649166518296 0.9 17877
1649166543591 0.9 17927
1649166568848 0.9 17977
1649166594289 0.9 18027
1649166619249 0.9 18077
1649166644284 0.9 18127
1649166669461 0.9 18177
1649166694726 0.9 18227
1649166720206 0.9 18277
1649166744747 0.9 18327
1649166769784 0.9 18377
1649166794831 0.9 18427
1649166820043 0.9 18477
1649166845669 0.9 18527
1649166871240 0.9 18577
1649166896774 0.9 18627
1649166922810 0.9 18677
1649166947697 0.9 18727
1649166973042 0.9 18777
1649166998345 0.9 18827
1649167023338 0.9 18877
1649167048431 0.9 18927
1649167073538 0.9 18977
1649167098411 0.9 19027
1649167123651 0.9 19077
1649167148717 0.9 19127
1649167173455 0.9 19177
1649167199002 0.9 19227
1649167224247 0.9 19277
1649167249833 0.9 19327
1649167274942 0.9 19377
1649167300261 0.9 19427
1649167325332 0.9 19477
1649167350402 0.9 19527
1649167445541 0.9 19531
1649167472751 0.9 19580
1649167497694 0.9 19630
1649167522202 0.9 19680
1649167546832 0.9 19730
1649167571806 0.9 19780
1649167596720 0.9 19830
1649167622216 0.9 19880
1649167647408 0.9 19930
1649167672488 0.9 19980
1649167697494 0.9 20030
1649167723014 0.9 20080
1649167748205 0.9 20130
1649167773546 0.9 20180
1649167798800 0.9 20230
1649167823772 0.9 20280
1649167848896 0.9 20330
1649167873834 0.9 20380
1649167898537 0.9 20430
1649167923788 0.9 20480
1649167948783 0.9 20530
1649167973755 0.9 20580
1649167999282 0.9 20630
1649168024079 0.9 20680
1649168049250 0.9 20730
1649168074415 0.9 20780
1649168099284 0.9 20830
1649168124755 0.9 20880
1649168149744 0.9 20930
1649168174866 0.9 20980
1649168199715 0.9 21030
1649168225116 0.9 21080
1649168250084 0.9 21130
1649168275221 0.9 21180
1649168300196 0.9 21230
1649168324828 0.9 21280
1649168349955 0.9 21330
1649168374892 0.9 21380
1649168400027 0.9 21430
1649168425241 0.9 21480
1649168520415 0.9 21484
1649168547655 0.9 21533
1649168572619 0.9 21583
1649168597339 0.9 21633
1649168622174 0.9 21683
1649168647317 0.9 21733
1649168672491 0.9 21783
1649168697143 0.9 21833
1649168721588 0.9 21883
1649168746472 0.9 21933
1649168771382 0.9 21983
1649168797049 0.9 22033
1649168822202 0.9 22083
1649168847319 0.9 22133
1649168872382 0.9 22183
1649168897315 0.9 22233
1649168922266 0.9 22283
1649168947604 0.9 22333
1649168973296 0.9 22383
1649168998307 0.9 22433
1649169023201 0.9 22483
1649169048368 0.9 22533
1649169073238 0.9 22583
1649169098568 0.9 22633
1649169124367 0.9 22683
1649169150122 0.9 22733
1649169175312 0.9 22783
1649169200339 0.9 22833
1649169225237 0.9 22883
1649169250511 0.9 22933
1649169275200 0.9 22983
1649169300329 0.9 23033
1649169325243 0.9 23083
1649169350336 0.9 23133
1649169375585 0.9 23183
1649169400788 0.9 23233
1649169425854 0.9 23283
1649169451332 0.9 23333
1649169476299 0.9 23383
1649169501539 0.9 23433
1649169596410 0.9 23437
