1649080759190 0.0005994019999999997 300
1649081031551 0.001198802 600
1649081255019 0.001798202 900
1649081534075 0.00195005 977
1649081859440 0.002 1276
1649082238212 0.002 1576
1649082547383 0.002 1876
1649082814715 0.002 1953
1649083072012 0.002 2252
1649083284954 0.002 2552
1649083472503 0.002 2852
1649083692737 0.002 2929
1649083883214 0.002 3228
1649084073343 0.002 3528
1649084260365 0.002 3828
1649084482643 0.002 3905
1649084672369 0.002 4204
1649084861394 0.002 4504
1649085050233 0.002 4804
1649085272275 0.002 4881
1649085463923 0.002 5180
1649085652933 0.002 5480
1649085841952 0.002 5780
1649086064086 0.002 5857
1649086256593 0.002 6156
1649086445800 0.002 6456
1649086636432 0.002 6756
1649086860086 0.002 6833
1649087051740 0.002 7132
1649087241601 0.002 7432
1649087431290 0.002 7732
1649087654988 0.002 7809
1649087847069 0.002 8108
1649088035736 0.002 8408
1649088226661 0.002 8708
1649088453389 0.002 8785
1649088648104 0.002 9084
1649088841026 0.002 9384
1649089035113 0.002 9684
1649089261644 0.002 9761
1649089455547 0.002 10060
1649089648053 0.002 10360
1649089841095 0.002 10660
1649090067874 0.002 10737
1649090263313 0.002 11036
1649090457307 0.002 11336
1649090650490 0.002 11636
1649090876416 0.002 11713
1649091072275 0.002 12012
1649091264582 0.002 12312
1649091466003 0.002 12612
1649091716790 0.002 12689
1649091928761 0.002 12988
1649092137301 0.002 13288
1649092345767 0.002 13588
1649092585573 0.002 13665
1649092778559 0.002 13964
1649092967760 0.002 14264
1649093156940 0.002 14564
1649093373946 0.002 14641
1649093566698 0.002 14940
1649093755370 0.002 15240
1649093944122 0.002 15540
1649094158985 0.002 15617
1649094350055 0.0002 15916
1649094537533 0.0002 16216
1649094725772 0.0002 16516
1649094941309 0.0002 16593
1649095132335 0.0002 16892
1649095320405 0.0002 17192
1649095509358 0.0002 17492
1649095725582 0.0002 17569
1649095915475 0.0002 17868
1649096103147 0.0002 18168
1649096290594 0.0002 18468
1649096506547 0.0002 18545
1649096697058 2.0000000000000005e-05 18844
1649096885174 2.0000000000000005e-05 19144
1649097072849 2.0000000000000005e-05 19444
1649097290001 2.0000000000000005e-05 19521
