1649080759190 0.9 300
1649081031551 0.9 600
1649081255019 0.9 900
1649081534075 0.9 977
1649081859440 0.9 1276
1649082238212 0.9 1576
1649082547383 0.9 1876
1649082814715 0.9 1953
1649083072012 0.9 2252
1649083284954 0.9 2552
1649083472503 0.9 2852
1649083692737 0.9 2929
1649083883214 0.9 3228
1649084073343 0.9 3528
1649084260365 0.9 3828
1649084482643 0.9 3905
1649084672369 0.9 4204
1649084861394 0.9 4504
1649085050233 0.9 4804
1649085272275 0.9 4881
1649085463923 0.9 5180
1649085652933 0.9 5480
1649085841952 0.9 5780
1649086064086 0.9 5857
1649086256593 0.9 6156
1649086445800 0.9 6456
1649086636432 0.9 6756
1649086860086 0.9 6833
1649087051740 0.9 7132
1649087241601 0.9 7432
1649087431290 0.9 7732
1649087654988 0.9 7809
1649087847069 0.9 8108
1649088035736 0.9 8408
1649088226661 0.9 8708
1649088453389 0.9 8785
1649088648104 0.9 9084
1649088841026 0.9 9384
1649089035113 0.9 9684
1649089261644 0.9 9761
1649089455547 0.9 10060
1649089648053 0.9 10360
1649089841095 0.9 10660
1649090067874 0.9 10737
1649090263313 0.9 11036
1649090457307 0.9 11336
1649090650490 0.9 11636
1649090876416 0.9 11713
1649091072275 0.9 12012
1649091264582 0.9 12312
1649091466003 0.9 12612
1649091716790 0.9 12689
1649091928761 0.9 12988
1649092137301 0.9 13288
1649092345767 0.9 13588
1649092585573 0.9 13665
1649092778559 0.9 13964
1649092967760 0.9 14264
1649093156940 0.9 14564
1649093373946 0.9 14641
1649093566698 0.9 14940
1649093755370 0.9 15240
1649093944122 0.9 15540
1649094158985 0.9 15617
1649094350055 0.9 15916
1649094537533 0.9 16216
1649094725772 0.9 16516
1649094941309 0.9 16593
1649095132335 0.9 16892
1649095320405 0.9 17192
1649095509358 0.9 17492
1649095725582 0.9 17569
1649095915475 0.9 17868
1649096103147 0.9 18168
1649096290594 0.9 18468
1649096506547 0.9 18545
1649096697058 0.9 18844
1649096885174 0.9 19144
1649097072849 0.9 19444
1649097290001 0.9 19521
