1649121748432 0.7072078144550323 50
1649121773310 0.5367605859041213 100
1649121798198 0.32067160308361053 150
1649121822757 0.19974298432469367 200
1649121848133 0.19173954769968987 250
1649121873222 0.1425890865921974 300
1649121898359 0.12704587623476982 350
1649121923914 0.09144565269351006 400
1649121948813 0.09421559885144233 450
1649121974180 0.10713089365512132 500
1649121999627 0.09729860227555037 550
1649122024766 0.09621415793895721 600
1649122049867 0.08061250679194927 650
1649122074823 0.09713301228359342 700
1649122099840 0.08833702214062214 750
1649122124974 0.10395499669015408 800
1649122150205 0.08719541956670582 850
1649122175100 0.09514324840158224 900
1649122200310 0.07384078244678677 950
1649122225277 0.09568142239004374 1000
1649122250920 0.0813467700779438 1050
1649122275714 0.10490794029086828 1100
1649122300988 0.09393051117658616 1150
1649122325731 0.0778809086792171 1200
1649122351133 0.07367387369275093 1250
1649122376216 0.09220891473814845 1300
1649122401288 0.08848656200338155 1350
1649122426833 0.07975756030529738 1400
1649122451740 0.0760038504935801 1450
1649122476716 0.08086006719619036 1500
1649122501794 0.07780086938291789 1550
1649122527131 0.10030595224350691 1600
1649122552781 0.05231669947504997 1650
1649122577776 0.06871547580696642 1700
1649122602762 0.06783630553632974 1750
1649122627738 0.10844674695283174 1800
1649122652756 0.06846464451402426 1850
1649122678087 0.07419324139133096 1900
1649122703939 0.08477499954402447 1950
1649122818013 0.07507199551910163 2003
1649122843667 0.05992652870714665 2053
1649122869622 0.060659241024404766 2103
1649122894595 0.06649357328191399 2153
1649122919818 0.06565691018942743 2203
1649122944743 0.0736528778448701 2253
1649122970228 0.0599456128757447 2303
1649122995301 0.05195927714928985 2353
1649123020384 0.061568671688437465 2403
1649123045255 0.05766497533768415 2453
1649123070691 0.06893206103239208 2503
1649123095846 0.07647323954850435 2553
1649123120666 0.061631569201126696 2603
1649123145915 0.0806352261826396 2653
1649123172060 0.06414232354611159 2703
1649123197604 0.06465592371765524 2753
1649123223071 0.07005630616098642 2803
1649123248328 0.04917733560316265 2853
1649123273778 0.05717203268781304 2903
1649123298740 0.07930813904386014 2953
1649123323661 0.06942735716700554 3003
1649123348933 0.051390374545007944 3053
1649123373929 0.07416463261470199 3103
1649123399109 0.07441962450742722 3153
1649123424437 0.05076994532719255 3203
1649123449794 0.054898881148546935 3253
1649123474870 0.0668685134500265 3303
1649123499605 0.05440974062308669 3353
1649123524868 0.04641707861796021 3403
1649123550306 0.05272117934655398 3453
1649123575236 0.07593603586778044 3503
1649123600240 0.06025905795395374 3553
1649123625622 0.06868433117866517 3603
1649123650625 0.05363080275245011 3653
1649123675725 0.07321067130193114 3703
1649123701172 0.057039514333009717 3753
1649123726212 0.0742543750628829 3803
1649123751616 0.08531263551674784 3853
1649123776618 0.10427366875112057 3903
1649123892598 0.06849409617483616 3956
1649123917735 0.05353183726780117 4006
1649123942733 0.048296777671203016 4056
1649123967790 0.05009374668821692 4106
1649123992866 0.04383540270850062 4156
1649124018091 0.042918417360633614 4206
1649124043674 0.04396907807327807 4256
1649124069517 0.06065206890925765 4306
1649124094713 0.05007952910847962 4356
1649124119997 0.04945873729884624 4406
1649124145287 0.05313997983466834 4456
1649124170434 0.054746622014790775 4506
1649124195745 0.05571584778372198 4556
1649124220780 0.07059462701901793 4606
1649124245875 0.045031653866171834 4656
1649124271068 0.05681889268569648 4706
1649124295898 0.05211832834407687 4756
1649124321081 0.044762715008109806 4806
1649124346209 0.05483284577727318 4856
1649124370788 0.05249905880074948 4906
1649124395804 0.06560198293067515 4956
1649124420893 0.04833294041454792 5006
1649124445768 0.04083453997969627 5056
1649124471133 0.06839464419521392 5106
1649124496744 0.049691196847707036 5156
1649124521994 0.053253048141486944 5206
1649124546728 0.0432752813026309 5256
1649124572232 0.04332385383546353 5306
1649124597277 0.05341272729448974 5356
1649124622277 0.04197421830147505 5406
1649124647679 0.060941738025285304 5456
1649124672611 0.04162219196557999 5506
1649124697200 0.04457235291600228 5556
1649124722330 0.05367146457079798 5606
1649124747213 0.039021572791971264 5656
1649124773203 0.04593466500286013 5706
1649124798299 0.054318579602986576 5756
1649124824406 0.05439001306891442 5806
1649124849986 0.07161019033752382 5856
1649124965789 0.05362987932749093 5909
1649124990721 0.054745922698639336 5959
1649125015667 0.04318174378015101 6009
1649125041015 0.04939408029429614 6059
1649125065744 0.051292018610984084 6109
1649125090374 0.037444849023595454 6159
1649125115914 0.056769524067640305 6209
1649125141042 0.040312099056318405 6259
1649125166526 0.04559307975228876 6309
1649125192007 0.05217346370685846 6359
1649125217135 0.04009201348759234 6409
1649125242041 0.04010822148993611 6459
1649125267307 0.03451628679409623 6509
1649125292328 0.04515341042075306 6559
1649125317834 0.04150801084470004 6609
1649125343165 0.04302331429906189 6659
1649125368730 0.04824085906147957 6709
1649125393751 0.04487124911509454 6759
1649125418929 0.041414198287529874 6809
1649125444205 0.03546038330998272 6859
1649125469341 0.04608868323266506 6909
1649125494277 0.04902172790840268 6959
1649125519295 0.04684527796693146 7009
1649125544603 0.051768559294287114 7059
1649125570371 0.039571332887280736 7109
1649125594980 0.037358940867707136 7159
1649125620347 0.04808513030409813 7209
1649125645804 0.04048772107809782 7259
1649125671026 0.06316326627507805 7309
1649125696785 0.04475566036067903 7359
1649125721688 0.06382413100451231 7409
1649125747334 0.041498316838406026 7459
1649125772335 0.05728681039996445 7509
1649125797425 0.044482600474730134 7559
1649125822667 0.03970504031516611 7609
1649125847665 0.04189974604640156 7659
1649125872864 0.04382385093253106 7709
1649125898154 0.04300498435972258 7759
1649125923462 0.04590084546245635 7809
1649126038923 0.03209285196848213 7862
1649126063848 0.04083956511691213 7912
1649126088652 0.03420306828804314 7962
1649126113983 0.029090453563258054 8012
1649126139225 0.03323404803406447 8062
1649126164430 0.029446652519982307 8112
1649126189636 0.040076961556915196 8162
1649126214794 0.036687242109328506 8212
1649126239738 0.03580983724910766 8262
1649126264916 0.03300059415632859 8312
1649126290142 0.03701556670013815 8362
1649126315209 0.0484937190450728 8412
1649126341191 0.03967007822357118 8462
1649126366688 0.03915130423381925 8512
1649126391975 0.03961423394503072 8562
1649126418032 0.043210327746346595 8612
1649126443288 0.0398042775131762 8662
1649126468449 0.0368380762077868 8712
1649126493765 0.04299720490351319 8762
1649126519324 0.03901068489998579 8812
1649126544032 0.0418593824468553 8862
1649126568838 0.039379211738705636 8912
1649126593999 0.03541717240121216 8962
1649126619218 0.030834021721966566 9012
1649126644309 0.03662531702313572 9062
1649126669330 0.043719963328912856 9112
1649126694729 0.042686264179646966 9162
1649126720327 0.04363420473411679 9212
1649126745446 0.03959805006161332 9262
1649126770691 0.04629284065682441 9312
1649126796045 0.042909341836348175 9362
1649126820784 0.03935523091815412 9412
1649126845826 0.04010338871274143 9462
1649126870855 0.03072306828573346 9512
1649126896266 0.02783656479616184 9562
1649126921104 0.041427228979300706 9612
1649126946447 0.03924406828824431 9662
1649126971835 0.03219446217641234 9712
1649126997425 0.03899457472376525 9762
1649127115267 0.029090118892490864 9815
1649127140312 0.029923139894381164 9865
1649127165189 0.03401457574218512 9915
1649127190301 0.024169478667899966 9965
1649127215264 0.03008161934558302 10015
1649127240260 0.037257642317563296 10065
1649127265313 0.03201771407388151 10115
1649127290249 0.03417815214022994 10165
1649127315356 0.03118714191019535 10215
1649127340581 0.033064319479744884 10265
1649127366299 0.031322671128436924 10315
1649127391497 0.040583081520162524 10365
1649127417222 0.025554022401338444 10415
1649127442508 0.03549867730587721 10465
1649127467227 0.028038419135846197 10515
1649127492545 0.03680228707846254 10565
1649127517684 0.02545272610615939 10615
1649127542761 0.03168630413711071 10665
1649127568266 0.04334299430251121 10715
1649127593495 0.029185884855687617 10765
1649127618764 0.030998026302549987 10815
1649127644207 0.03527957488782704 10865
1649127669484 0.032270519388839604 10915
1649127694246 0.04051947992295027 10965
1649127719467 0.0404258927050978 11015
1649127744705 0.030599802285432815 11065
1649127770475 0.0428489591262769 11115
1649127795789 0.03490365582285449 11165
1649127820970 0.04006187453866005 11215
1649127846001 0.04528725940734148 11265
1649127870917 0.03419394632568583 11315
1649127895823 0.0407251346250996 11365
1649127921332 0.034493434494361284 11415
1649127946647 0.0354912639176473 11465
1649127971796 0.03143836046569049 11515
1649127996750 0.04534992838278413 11565
1649128021968 0.027335473145358266 11615
1649128047353 0.03207341854926199 11665
1649128072967 0.025227645020931957 11715
1649128189827 0.029943224010057747 11768
1649128214688 0.029462474239990114 11818
1649128239256 0.02908892177743837 11868
1649128264343 0.025309940814040602 11918
1649128289651 0.02162714287173003 11968
1649128314720 0.030658080553403123 12018
1649128339642 0.02538609161740169 12068
1649128364843 0.023960775213781746 12118
1649128390271 0.029401696594431995 12168
1649128415220 0.02699425504077226 12218
1649128441243 0.03038955262862146 12268
1649128466297 0.03820553346304223 12318
1649128492640 0.03298612589132972 12368
1649128517951 0.03285218298668042 12418
1649128543173 0.02924589250702411 12468
1649128568229 0.031905041178688406 12518
1649128593628 0.036901967241428794 12568
1649128618358 0.03300847860053182 12618
1649128643655 0.028775509265251457 12668
1649128669072 0.03526479484513402 12718
1649128694310 0.024001238187775015 12768
1649128719509 0.0282941432390362 12818
1649128745533 0.0295048312516883 12868
1649128771486 0.03382099169306457 12918
1649128796998 0.0313926727254875 12968
1649128821927 0.03349614254431799 13018
1649128847442 0.037940756804309785 13068
1649128872264 0.0282173069647979 13118
1649128897181 0.023342876062961294 13168
1649128922450 0.031831618873402474 13218
1649128947863 0.024016092653619127 13268
1649128973003 0.02585679314332083 13318
1649128998467 0.029075523477513344 13368
1649129024125 0.03677662350004539 13418
1649129050013 0.02429880382725969 13468
1649129075335 0.023707461340818553 13518
1649129101211 0.021122619220986964 13568
1649129126904 0.029332735056523233 13618
1649129152754 0.02938443795312196 13668
1649129267889 0.025892890382092446 13721
1649129293371 0.02358026533154771 13771
1649129318453 0.03613626507809386 13821
1649129343691 0.027752694817027076 13871
1649129369261 0.03359031236264855 13921
1649129394450 0.022504618922248483 13971
1649129419448 0.02716319842962548 14021
1649129444502 0.02719344401732087 14071
1649129469466 0.02638963271630928 14121
1649129494463 0.024512080242857337 14171
1649129519698 0.032947514493716884 14221
1649129544561 0.027586593343876302 14271
1649129569870 0.027546364723239094 14321
1649129594883 0.023642469791229814 14371
1649129620679 0.027714084463659673 14421
1649129646020 0.029946263022720812 14471
1649129671231 0.022818958614952863 14521
1649129696399 0.022299569109454753 14571
1649129721297 0.025750019391998648 14621
1649129747421 0.022830342159140857 14671
1649129772702 0.026043884560931475 14721
1649129797964 0.020154378374572842 14771
1649129823207 0.031032137423753738 14821
1649129848361 0.03032430504914373 14871
1649129873772 0.031306744085159155 14921
1649129898627 0.02604089183267206 14971
1649129924017 0.02925524491351098 15021
1649129949590 0.027280237629311158 15071
1649129974679 0.031203708762768657 15121
1649129999899 0.02099342444445938 15171
1649130024746 0.02578585112700239 15221
1649130050096 0.029401220181025565 15271
1649130075218 0.024315853090956806 15321
1649130099900 0.022911177742062135 15371
1649130124768 0.03183383151423186 15421
1649130150194 0.034866944436216726 15471
1649130175606 0.02755210794392042 15521
1649130200499 0.028764842175878585 15571
1649130225690 0.03651621790253557 15621
1649130341612 0.022083874763920902 15674
1649130367219 0.022751635583117606 15724
1649130392909 0.026493998151272534 15774
1649130417694 0.020731386088300496 15824
1649130442733 0.01960957717616111 15874
1649130468168 0.019625061627011747 15924
1649130493331 0.01925586449331604 15974
1649130518354 0.020601281152339654 16024
1649130543362 0.024633521009236575 16074
1649130569043 0.018002061932347716 16124
1649130594400 0.020199540103785694 16174
1649130619718 0.0173067854414694 16224
1649130644944 0.025399199873209 16274
1649130670139 0.020829343387158587 16324
1649130695246 0.018999570092128125 16374
1649130720776 0.01885060911299661 16424
1649130746009 0.021169786722166465 16474
1649130770965 0.018802927983924748 16524
1649130795894 0.019368524968158454 16574
1649130821391 0.026526990840793588 16624
1649130846498 0.02007923090393888 16674
1649130871519 0.020317771979607643 16724
1649130896547 0.01551669322885573 16774
1649130921655 0.019299785704351962 16824
1649130946723 0.01919911278411746 16874
1649130971777 0.015441643905360252 16924
1649130996768 0.01877144788915757 16974
1649131021498 0.018267138121882454 17024
1649131046773 0.023464169106446206 17074
1649131072266 0.01513077822921332 17124
1649131097448 0.018018055491847918 17174
1649131122326 0.014257402921211906 17224
1649131147787 0.01647125781571958 17274
1649131172718 0.013165954889263958 17324
1649131198274 0.017352381047676318 17374
1649131223176 0.016957047330215573 17424
1649131248371 0.016066926372004672 17474
1649131274114 0.01998342608450912 17524
1649131299175 0.016653080458054317 17574
1649131415985 0.014325492483330891 17627
1649131441339 0.012550001388881356 17677
1649131466684 0.013114368973183445 17727
1649131492155 0.016299455907719675 17777
1649131516779 0.02151824893662706 17827
1649131541713 0.01713955375016667 17877
1649131566909 0.019172068014740945 17927
1649131592001 0.016570352732087484 17977
1649131617264 0.013694962816080078 18027
1649131642093 0.013761831332230941 18077
1649131667410 0.014402962084277533 18127
1649131692718 0.01729657144867815 18177
1649131717785 0.020262202344019896 18227
1649131742723 0.013968358996207826 18277
1649131767733 0.015807241586735472 18327
1649131792891 0.013797008727851789 18377
1649131817817 0.01646841523470357 18427
1649131842862 0.01401438439032063 18477
1649131867843 0.014043400138616562 18527
1649131893078 0.014315127619775013 18577
1649131918461 0.013725494933314621 18627
1649131943340 0.015488929705461486 18677
1649131968226 0.01991044671041891 18727
1649131993004 0.013632755560829537 18777
1649132018415 0.013189609624096193 18827
1649132043723 0.015326593112549745 18877
1649132068844 0.01260625226306729 18927
1649132094215 0.013186619886546395 18977
1649132119286 0.014467928429949097 19027
1649132144290 0.016467705209506675 19077
1649132169056 0.01508764694299316 19127
1649132194163 0.017803200526395814 19177
1649132219483 0.014894972944166512 19227
1649132244577 0.012714579471503385 19277
1649132269765 0.018668332898523658 19327
1649132294703 0.01653606938198209 19377
1649132319934 0.014929986672941596 19427
1649132345229 0.01523056611418724 19477
1649132370296 0.015094952792860567 19527
1649132485061 0.01517902277642861 19580
1649132510220 0.013783627212105784 19630
1649132535302 0.015154887209646403 19680
1649132560534 0.013881968590430916 19730
1649132585385 0.015890646866173485 19780
1649132610258 0.012273189629195259 19830
1649132634930 0.014137140213279054 19880
1649132659654 0.010717350073973649 19930
1649132684916 0.01808621811098419 19980
1649132709873 0.013410650051082485 20030
1649132735203 0.017266435850178823 20080
1649132760336 0.01450552998081548 20130
1649132785541 0.014047369496547618 20180
1649132810723 0.01436555989610497 20230
1649132835737 0.015499659276101738 20280
1649132860811 0.014012180406716652 20330
1649132885569 0.00986411026737187 20380
1649132910568 0.011878709120792337 20430
1649132935146 0.018255705948686227 20480
1649132959988 0.014324692663503811 20530
1649132984723 0.012370257871807552 20580
1649133009839 0.013329950172337703 20630
1649133034727 0.013118821122916416 20680
1649133059780 0.01528653664398007 20730
1649133084958 0.015392709402367472 20780
1649133110151 0.01384615301998565 20830
1649133135002 0.015008138793054968 20880
1649133159790 0.016226378776191267 20930
1649133184778 0.01221498526399955 20980
1649133209811 0.014516554325236939 21030
1649133234735 0.012784702475182713 21080
1649133260263 0.017197686984436588 21130
1649133285276 0.01294937485945411 21180
1649133310271 0.011587370014458429 21230
1649133334837 0.013363247192464768 21280
1649133359751 0.01335739879636094 21330
1649133384790 0.01670105484459782 21380
1649133409937 0.015980806901934555 21430
1649133435343 0.012806069488433422 21480
1649133551965 0.011377253964310512 21533
1649133577508 0.014067244871985168 21583
1649133602778 0.014589378520031459 21633
1649133627992 0.012287746218498796 21683
1649133652852 0.012891884183045477 21733
1649133678014 0.011184169779589866 21783
1649133703776 0.013002264049719088 21833
1649133728691 0.012048391557764262 21883
1649133753744 0.011312120066722855 21933
1649133778894 0.012714596219302621 21983
1649133804218 0.010114893808786291 22033
1649133829226 0.015544720648322255 22083
1649133854114 0.011950878963398281 22133
1649133879679 0.01431921574403532 22183
1649133904693 0.012624051491147838 22233
1649133929893 0.013337541320361197 22283
1649133955074 0.013677605818375014 22333
1649133980218 0.013877604859881104 22383
1649134005182 0.010038756058202125 22433
1649134030655 0.015218602258246392 22483
1649134056043 0.01577433227765141 22533
1649134081099 0.013386959076742642 22583
1649134106301 0.01033417612547055 22633
1649134131570 0.015524979921756311 22683
1649134156941 0.01418518248363398 22733
1649134182414 0.018007363175274804 22783
1649134208238 0.011772456158068963 22833
1649134233311 0.015034469622187317 22883
1649134258958 0.010731056230142713 22933
1649134283858 0.012234024386270904 22983
1649134309345 0.01129196673311526 23033
1649134334801 0.011271546141360887 23083
1649134360080 0.012983426654245704 23133
1649134384879 0.013054078302229755 23183
1649134409806 0.011787564781843684 23233
1649134434926 0.01150519452872686 23283
1649134459914 0.016706857983081136 23333
1649134484950 0.014764058798318729 23383
1649134509692 0.0121505221654661 23433
