1649121748432 3.3033725273609162 50
1649121773310 1.0009625661373138 100
1649121798198 0.7352233856916428 150
1649121822757 0.6156501257419587 200
1649121848133 0.6007255095243454 250
1649121873222 0.5791467544436455 300
1649121898359 0.6057253161072731 350
1649121923914 0.5364412239193916 400
1649121948813 0.55455845028162 450
1649121974180 0.5860488894581795 500
1649121999627 0.6174120646715164 550
1649122024766 0.5099422964453697 600
1649122049867 0.536785672456026 650
1649122074823 0.5628485899418593 700
1649122099840 0.6612217247486114 750
1649122124974 0.6119476056098938 800
1649122150205 0.5729467412829399 850
1649122175100 0.6044527059793472 900
1649122200310 0.5204083070158958 950
1649122225277 0.673032540678978 1000
1649122250920 0.5720304697751999 1050
1649122275714 0.6718942275643349 1100
1649122300988 0.6895311725139618 1150
1649122325731 0.676033791899681 1200
1649122351133 0.532328340113163 1250
1649122376216 0.5902828319370746 1300
1649122401288 0.628490473330021 1350
1649122426833 0.6457956498861313 1400
1649122451740 0.5579858380556106 1450
1649122476716 0.6251832038164139 1500
1649122501794 0.6233610418438912 1550
1649122527131 0.6639278593659401 1600
1649122552781 0.495580752491951 1650
1649122577776 0.5863141402602196 1700
1649122602762 0.637961896955967 1750
1649122627738 0.7792670539021492 1800
1649122652756 0.625381466448307 1850
1649122678087 0.5766546136140823 1900
1649122703939 0.7033974421024323 1950
1649122818013 0.7054149007797241 2003
1649122843667 0.5397552758455276 2053
1649122869622 0.6169302120804787 2103
1649122894595 0.5440592309832573 2153
1649122919818 0.6459515392780304 2203
1649122944743 0.7418121314048767 2253
1649122970228 0.6238999503850937 2303
1649122995301 0.654284697920084 2353
1649123020384 0.5812962839007377 2403
1649123045255 0.6486002649366855 2453
1649123070691 0.5103784739971161 2503
1649123095846 0.661420795917511 2553
1649123120666 0.5639123371243477 2603
1649123145915 0.6780885876715184 2653
1649123172060 0.6853585061430931 2703
1649123197604 0.6063379156589508 2753
1649123223071 0.6633925586938858 2803
1649123248328 0.4927696217596531 2853
1649123273778 0.6128419370949268 2903
1649123298740 0.6212830911576748 2953
1649123323661 0.5886191261559724 3003
1649123348933 0.4685040548443794 3053
1649123373929 0.5873187829554081 3103
1649123399109 0.6192901322245598 3153
1649123424437 0.5865574888885021 3203
1649123449794 0.5006684754788876 3253
1649123474870 0.6492811894416809 3303
1649123499605 0.5412770791351795 3353
1649123524868 0.5095981279015541 3403
1649123550306 0.5582209399342537 3453
1649123575236 0.6136609676480294 3503
1649123600240 0.5209740552306176 3553
1649123625622 0.629594119489193 3603
1649123650625 0.5737546214461327 3653
1649123675725 0.6421392013132572 3703
1649123701172 0.4693668515980244 3753
1649123726212 0.5553847110271454 3803
1649123751616 0.6380367039144039 3853
1649123776618 0.7279278180003166 3903
1649123892598 0.5193727612495422 3956
1649123917735 0.5452297659218311 4006
1649123942733 0.468238178640604 4056
1649123967790 0.4934267207980156 4106
1649123992866 0.4933189755678177 4156
1649124018091 0.48996547400951385 4206
1649124043674 0.5658316205441952 4256
1649124069517 0.654733840674162 4306
1649124094713 0.5645776596665383 4356
1649124119997 0.5899796003103256 4406
1649124145287 0.5652693052589893 4456
1649124170434 0.5848514454066753 4506
1649124195745 0.6367019274830819 4556
1649124220780 0.5508055397868157 4606
1649124245875 0.4969716201722622 4656
1649124271068 0.6451868619024753 4706
1649124295898 0.49158391505479815 4756
1649124321081 0.5044745635986329 4806
1649124346209 0.6051469691097736 4856
1649124370788 0.5263705199956894 4906
1649124395804 0.6812973663210868 4956
1649124420893 0.4640502755343914 5006
1649124445768 0.5352669259905816 5056
1649124471133 0.7349672704935074 5106
1649124496744 0.5686301265656948 5156
1649124521994 0.5378829279541969 5206
1649124546728 0.542498551607132 5256
1649124572232 0.5773423951864243 5306
1649124597277 0.6658008840680122 5356
1649124622277 0.5561271739006043 5406
1649124647679 0.5669117434322835 5456
1649124672611 0.4883242883533239 5506
1649124697200 0.5741778101027012 5556
1649124722330 0.5483892932534218 5606
1649124747213 0.47473030105233194 5656
1649124773203 0.44736050769686697 5706
1649124798299 0.5381569454073906 5756
1649124824406 0.6140770864486694 5806
1649124849986 0.6043072195351123 5856
1649124965789 0.6051816873252391 5909
1649124990721 0.5079714944958686 5959
1649125015667 0.5184818658232689 6009
1649125041015 0.5659901991486549 6059
1649125065744 0.5797494231164455 6109
1649125090374 0.5381330701708794 6159
1649125115914 0.5709406420588493 6209
1649125141042 0.5188126923143863 6259
1649125166526 0.5100948140025139 6309
1649125192007 0.6889317251741887 6359
1649125217135 0.5394243755936623 6409
1649125242041 0.4761018258333206 6459
1649125267307 0.43534699648618697 6509
1649125292328 0.5023722575604915 6559
1649125317834 0.5653003689646721 6609
1649125343165 0.5258431953191757 6659
1649125368730 0.545836151689291 6709
1649125393751 0.4937362878024578 6759
1649125418929 0.5118117634952069 6809
1649125444205 0.47362698771059514 6859
1649125469341 0.4895189157128334 6909
1649125494277 0.5263724532723427 6959
1649125519295 0.49756631046533584 7009
1649125544603 0.5196064446866512 7059
1649125570371 0.4468628087639809 7109
1649125594980 0.5172787606716156 7159
1649125620347 0.5077670332789421 7209
1649125645804 0.47220974624156953 7259
1649125671026 0.5602751098573208 7309
1649125696785 0.44632058680057524 7359
1649125721688 0.6184139703214169 7409
1649125747334 0.5669555202126503 7459
1649125772335 0.6445856480300427 7509
1649125797425 0.5015561586618423 7559
1649125822667 0.4374318331480026 7609
1649125847665 0.5362835429608822 7659
1649125872864 0.524304506033659 7709
1649125898154 0.5572499139606952 7759
1649125923462 0.5545867788791656 7809
1649126038923 0.4638958024978638 7862
1649126063848 0.5293835708498955 7912
1649126088652 0.5276873874664306 7962
1649126113983 0.45726185336709024 8012
1649126139225 0.4306298308819532 8062
1649126164430 0.49641533255577086 8112
1649126189636 0.6153434774279595 8162
1649126214794 0.5026547886431217 8212
1649126239738 0.47252957597374917 8262
1649126264916 0.5349310865998268 8312
1649126290142 0.48248567029833794 8362
1649126315209 0.4798064561188221 8412
1649126341191 0.4240580748021603 8462
1649126366688 0.5145493912696838 8512
1649126391975 0.4203732804954052 8562
1649126418032 0.5258516609668732 8612
1649126443288 0.49319802537560464 8662
1649126468449 0.49760693922638893 8712
1649126493765 0.5552869267761708 8762
1649126519324 0.5453651939332486 8812
1649126544032 0.5133898603916168 8862
1649126568838 0.4912981179356575 8912
1649126593999 0.5128975774347783 8962
1649126619218 0.48214919984340665 9012
1649126644309 0.4599297519028187 9062
1649126669330 0.48099395841360093 9112
1649126694729 0.5639290177822113 9162
1649126720327 0.5206150124967098 9212
1649126745446 0.5319645024836064 9262
1649126770691 0.5325385703146458 9312
1649126796045 0.5579904525727034 9362
1649126820784 0.48571680635213854 9412
1649126845826 0.5506867916882038 9462
1649126870855 0.502483187764883 9512
1649126896266 0.41018618799746037 9562
1649126921104 0.49942786574363707 9612
1649126946447 0.5326270906627179 9662
1649126971835 0.4236456324160099 9712
1649126997425 0.5045857833325863 9762
1649127115267 0.38972202360630037 9815
1649127140312 0.5128795684128999 9865
1649127165189 0.557343576028943 9915
1649127190301 0.3925604488700628 9965
1649127215264 0.42893056385219097 10015
1649127240260 0.4757451927661896 10065
1649127265313 0.45238730162382124 10115
1649127290249 0.4106387658417225 10165
1649127315356 0.4690291668474674 10215
1649127340581 0.48648806259036065 10265
1649127366299 0.5232825125008822 10315
1649127391497 0.4816612592339516 10365
1649127417222 0.44178639620542526 10415
1649127442508 0.47526646330952643 10465
1649127467227 0.4148529577255249 10515
1649127492545 0.5802030985057354 10565
1649127517684 0.40012447886168956 10615
1649127542761 0.4238641956448555 10665
1649127568266 0.5205471294373274 10715
1649127593495 0.4630445022135973 10765
1649127618764 0.4728851905465126 10815
1649127644207 0.481201029419899 10865
1649127669484 0.4226131115853786 10915
1649127694246 0.44159076280891896 10965
1649127719467 0.48558945193886754 11015
1649127744705 0.4223621733486652 11065
1649127770475 0.5718768617510795 11115
1649127795789 0.45327266842126845 11165
1649127820970 0.491122197881341 11215
1649127846001 0.6114564657211303 11265
1649127870917 0.5188649021834135 11315
1649127895823 0.5179569216817618 11365
1649127921332 0.5255569767951965 11415
1649127946647 0.41924252472817897 11465
1649127971796 0.3900371613353491 11515
1649127996750 0.5138277094811201 11565
1649128021968 0.3950899437814951 11615
1649128047353 0.42481969013810156 11665
1649128072967 0.44439204543828964 11715
1649128189827 0.39200456701219083 11768
1649128214688 0.4474630084633827 11818
1649128239256 0.4989445269852877 11868
1649128264343 0.3997288124263287 11918
1649128289651 0.36260613925755025 11968
1649128314720 0.4771875970810652 12018
1649128339642 0.43115491658449173 12068
1649128364843 0.39249821491539477 12118
1649128390271 0.4059435985982418 12168
1649128415220 0.45905143149197103 12218
1649128441243 0.4421062906086445 12268
1649128466297 0.5673472884297371 12318
1649128492640 0.46320585399866104 12368
1649128517951 0.490718776807189 12418
1649128543173 0.5041584601998329 12468
1649128568229 0.4835554648190737 12518
1649128593628 0.4994891418516636 12568
1649128618358 0.46491281151771546 12618
1649128643655 0.5059021630883217 12668
1649128669072 0.41590737394988536 12718
1649128694310 0.3980648608505726 12768
1649128719509 0.47731122374534607 12818
1649128745533 0.4699045679718256 12868
1649128771486 0.5141777435690165 12918
1649128796998 0.49253716591745617 12968
1649128821927 0.4731096251308918 13018
1649128847442 0.46114844650030135 13068
1649128872264 0.49824036344885825 13118
1649128897181 0.41335519574582574 13168
1649128922450 0.5828959888964892 13218
1649128947863 0.41931919880211355 13268
1649128973003 0.3314378295838833 13318
1649128998467 0.40315323702991007 13368
1649129024125 0.5328029857575893 13418
1649129050013 0.4110672993212938 13468
1649129075335 0.3705161094665527 13518
1649129101211 0.3790578903257847 13568
1649129126904 0.43962776437401774 13618
1649129152754 0.5236366976425052 13668
1649129267889 0.41040068931877616 13721
1649129293371 0.4289786133915186 13771
1649129318453 0.4636749269813299 13821
1649129343691 0.39853361397981646 13871
1649129369261 0.43929199628531934 13921
1649129394450 0.37645167388021944 13971
1649129419448 0.4800480584055185 14021
1649129444502 0.4929172515124083 14071
1649129469466 0.4199946500360966 14121
1649129494463 0.42539303071796897 14171
1649129519698 0.40520293936133384 14221
1649129544561 0.4342729867994785 14271
1649129569870 0.46403283819556235 14321
1649129594883 0.3874895811825991 14371
1649129620679 0.4478828255832195 14421
1649129646020 0.3629212614893913 14471
1649129671231 0.4090106229484081 14521
1649129696399 0.36326255403459073 14571
1649129721297 0.4618442267179489 14621
1649129747421 0.4454908189922571 14671
1649129772702 0.46810275979340077 14721
1649129797964 0.3902426500618458 14771
1649129823207 0.4907216746732593 14821
1649129848361 0.41150652766227724 14871
1649129873772 0.4642415525764227 14921
1649129898627 0.34731843292713166 14971
1649129924017 0.46074714489281177 15021
1649129949590 0.36429114613682034 15071
1649129974679 0.40805226266384126 15121
1649129999899 0.37210227631032466 15171
1649130024746 0.3699672018736601 15221
1649130050096 0.4118138624727726 15271
1649130075218 0.4071100205928087 15321
1649130099900 0.42362370193004606 15371
1649130124768 0.46000733409076927 15421
1649130150194 0.4985917395353317 15471
1649130175606 0.409989025592804 15521
1649130200499 0.37309251867234705 15571
1649130225690 0.3961347821354866 15621
1649130341612 0.31663201585412026 15674
1649130367219 0.37852186009287836 15724
1649130392909 0.41702618077397346 15774
1649130417694 0.34752736769616605 15824
1649130442733 0.3463561242818832 15874
1649130468168 0.3659117403626442 15924
1649130493331 0.33079051624983546 15974
1649130518354 0.31844638466835024 16024
1649130543362 0.4100920196995139 16074
1649130569043 0.2972672583162785 16124
1649130594400 0.3731721807271242 16174
1649130619718 0.2812282351404429 16224
1649130644944 0.47081879831850526 16274
1649130670139 0.39166325323283674 16324
1649130695246 0.34024417407810686 16374
1649130720776 0.36903721988201144 16424
1649130746009 0.4190498077869415 16474
1649130770965 0.3393555638566613 16524
1649130795894 0.3654744391143322 16574
1649130821391 0.38311382472515104 16624
1649130846498 0.4041745200008154 16674
1649130871519 0.32585196286439894 16724
1649130896547 0.27663168728351595 16774
1649130921655 0.36358665615320207 16824
1649130946723 0.39519238952547314 16874
1649130971777 0.37524656735360623 16924
1649130996768 0.3297996724396944 16974
1649131021498 0.3529586178064346 17024
1649131046773 0.43414746508002283 17074
1649131072266 0.3095798549056053 17124
1649131097448 0.4028042262792587 17174
1649131122326 0.32367716908454897 17224
1649131147787 0.34061001740396024 17274
1649131172718 0.26452307250350715 17324
1649131198274 0.3856416700035334 17374
1649131223176 0.3987966310232878 17424
1649131248371 0.3230710501968861 17474
1649131274114 0.348406637981534 17524
1649131299175 0.339167470484972 17574
1649131415985 0.3063849425315857 17627
1649131441339 0.2671228016167879 17677
1649131466684 0.3080045011639595 17727
1649131492155 0.2673285061866045 17777
1649131516779 0.37732915915548804 17827
1649131541713 0.35336331490427253 17877
1649131566909 0.40170571438968183 17927
1649131592001 0.3681611190363765 17977
1649131617264 0.2730994426459074 18027
1649131642093 0.31873268086463213 18077
1649131667410 0.3406819974258542 18127
1649131692718 0.3759606247395277 18177
1649131717785 0.310410338267684 18227
1649131742723 0.33258329186588526 18277
1649131767733 0.3243694366514683 18327
1649131792891 0.349876410625875 18377
1649131817817 0.36677809290587904 18427
1649131842862 0.2685274588316679 18477
1649131867843 0.31936389591544867 18527
1649131893078 0.2611432943120599 18577
1649131918461 0.27273582011461256 18627
1649131943340 0.35429268948733805 18677
1649131968226 0.39674427568912507 18727
1649131993004 0.2795684586465359 18777
1649132018415 0.2886559994146228 18827
1649132043723 0.371443912088871 18877
1649132068844 0.2872193517535925 18927
1649132094215 0.31911236986517905 18977
1649132119286 0.3528448925539851 19027
1649132144290 0.3485594908893108 19077
1649132169056 0.3393399476259947 19127
1649132194163 0.33232868392020465 19177
1649132219483 0.3343926813825965 19227
1649132244577 0.2681777011230588 19277
1649132269765 0.40434092313051223 19327
1649132294703 0.32417256604880096 19377
1649132319934 0.2955693810433149 19427
1649132345229 0.32599468406289817 19477
1649132370296 0.37767327785491944 19527
1649132485061 0.32473975989967585 19580
1649132510220 0.3021126215904951 19630
1649132535302 0.31034368138760327 19680
1649132560534 0.27599575109779834 19730
1649132585385 0.3350595072284341 19780
1649132610258 0.30392775140702727 19830
1649132634930 0.3362965077161789 19880
1649132659654 0.2887234561890364 19930
1649132684916 0.39960282664746044 19980
1649132709873 0.30185904413461684 20030
1649132735203 0.2913749981671572 20080
1649132760336 0.33984400913119317 20130
1649132785541 0.36699519492685795 20180
1649132810723 0.3002150293067098 20230
1649132835737 0.3181771583855152 20280
1649132860811 0.3042872243374586 20330
1649132885569 0.24385226195678114 20380
1649132910568 0.29782312233000996 20430
1649132935146 0.3678075075894594 20480
1649132959988 0.3884043193235993 20530
1649132984723 0.27115136869251727 20580
1649133009839 0.310447844453156 20630
1649133034727 0.3110976590961218 20680
1649133059780 0.33329425282776354 20730
1649133084958 0.3176484465971589 20780
1649133110151 0.30785755418241023 20830
1649133135002 0.3036655938252807 20880
1649133159790 0.37309742722660305 20930
1649133184778 0.3189271295815706 20980
1649133209811 0.2662055061385036 21030
1649133234735 0.27432722855359315 21080
1649133260263 0.320105091072619 21130
1649133285276 0.2979531364887953 21180
1649133310271 0.23673177286982536 21230
1649133334837 0.31794895671308043 21280
1649133359751 0.24573613747954368 21330
1649133384790 0.36175805432721975 21380
1649133409937 0.36631089068949224 21430
1649133435343 0.3074127517640591 21480
1649133551965 0.32866859376430513 21533
1649133577508 0.3173321288451552 21583
1649133602778 0.3084275205433369 21633
1649133627992 0.29530115231871606 21683
1649133652852 0.2744202912598848 21733
1649133678014 0.2667861007899046 21783
1649133703776 0.2953662484884262 21833
1649133728691 0.2746736354380846 21883
1649133753744 0.23387211848050357 21933
1649133778894 0.31757653795182705 21983
1649133804218 0.297924752254039 22033
1649133829226 0.3649323721602559 22083
1649133854114 0.2730599629878998 22133
1649133879679 0.34679613199084997 22183
1649133904693 0.31454799342900513 22233
1649133929893 0.28933371655642987 22283
1649133955074 0.33536520168185235 22333
1649133980218 0.2679149927943945 22383
1649134005182 0.25534735292196276 22433
1649134030655 0.3164401974901557 22483
1649134056043 0.3097051911056042 22533
1649134081099 0.31600158840417863 22583
1649134106301 0.22510180216282605 22633
1649134131570 0.3504908003658056 22683
1649134156941 0.330811910610646 22733
1649134182414 0.3351169842109084 22783
1649134208238 0.26645752005279066 22833
1649134233311 0.3078216878324747 22883
1649134258958 0.2687249132618308 22933
1649134283858 0.2805682199820876 22983
1649134309345 0.27687887266278266 23033
1649134334801 0.2635444523021579 23083
1649134360080 0.3458220027014613 23133
1649134384879 0.3384111012518406 23183
1649134409806 0.30156366545706986 23233
1649134434926 0.26782588485628367 23283
1649134459914 0.3398795391060412 23333
1649134484950 0.29984408419579267 23383
1649134509692 0.28692355040460826 23433
