1649121748432 0.13534735845401882 50
1649121773310 0.11487965356558562 100
1649121798198 0.11361412540078163 150
1649121822757 0.1111295822635293 200
1649121848133 0.12113579258322715 250
1649121873222 0.12089333534240723 300
1649121898359 0.12553704410791397 350
1649121923914 0.11336920365691185 400
1649121948813 0.11236439909785986 450
1649121974180 0.1217626017332077 500
1649121999627 0.12703341610729693 550
1649122024766 0.1017226779833436 600
1649122049867 0.10604602610692382 650
1649122074823 0.1184598708152771 700
1649122099840 0.12841661859303713 750
1649122124974 0.1034300808981061 800
1649122150205 0.09615537405014038 850
1649122175100 0.08983142843469977 900
1649122200310 0.08666009597480297 950
1649122225277 0.09781072668731212 1000
1649122250920 0.0990935131162405 1050
1649122275714 0.10395259656012058 1100
1649122300988 0.11027352508157491 1150
1649122325731 0.10045264400541783 1200
1649122351133 0.08557703360915184 1250
1649122376216 0.0842251056432724 1300
1649122401288 0.10069927744567395 1350
1649122426833 0.09482187051326037 1400
1649122451740 0.0854974976181984 1450
1649122476716 0.09702541556209326 1500
1649122501794 0.09303245931863785 1550
1649122527131 0.09934578776359558 1600
1649122552781 0.07356180652976035 1650
1649122577776 0.08276891128160059 1700
1649122602762 0.09482949640601873 1750
1649122627738 0.10358252573758364 1800
1649122652756 0.08682524621486663 1850
1649122678087 0.08875471662729978 1900
1649122703939 0.11030538350343705 1950
1649122818013 0.10171305295079947 2003
1649122843667 0.08104714926332235 2053
1649122869622 0.0876200795918703 2103
1649122894595 0.0743699462339282 2153
1649122919818 0.08860106080770493 2203
1649122944743 0.0951870634779334 2253
1649122970228 0.0898344337940216 2303
1649122995301 0.08918047200888396 2353
1649123020384 0.08477177444845438 2403
1649123045255 0.0869550672546029 2453
1649123070691 0.07599297968670726 2503
1649123095846 0.08565666146576405 2553
1649123120666 0.07952645659446717 2603
1649123145915 0.09399178121238946 2653
1649123172060 0.09231921926140785 2703
1649123197604 0.08575776075944304 2753
1649123223071 0.08957205276936292 2803
1649123248328 0.07799909938126802 2853
1649123273778 0.07702942933887243 2903
1649123298740 0.0879929818585515 2953
1649123323661 0.08578252226114273 3003
1649123348933 0.0651727095991373 3053
1649123373929 0.077510478310287 3103
1649123399109 0.07884960865601898 3153
1649123424437 0.08318895999342203 3203
1649123449794 0.07347170501947403 3253
1649123474870 0.10129054382443428 3303
1649123499605 0.07993595492094756 3353
1649123524868 0.07187433257699012 3403
1649123550306 0.0775090954452753 3453
1649123575236 0.0894055875018239 3503
1649123600240 0.07786980712786316 3553
1649123625622 0.08603621127083898 3603
1649123650625 0.08180794734507799 3653
1649123675725 0.08935415714979172 3703
1649123701172 0.06747946199029684 3753
1649123726212 0.0782273642346263 3803
1649123751616 0.0811984970793128 3853
1649123776618 0.10077786076813937 3903
1649123892598 0.07886206695809961 3956
1649123917735 0.08264068437740207 4006
1649123942733 0.06161899046972394 4056
1649123967790 0.0699687798693776 4106
1649123992866 0.06216454356908798 4156
1649124018091 0.07319367215037346 4206
1649124043674 0.07840508844703437 4256
1649124069517 0.08359942466020584 4306
1649124094713 0.07933288421481847 4356
1649124119997 0.08226346801966429 4406
1649124145287 0.08096781251952052 4456
1649124170434 0.0773729726485908 4506
1649124195745 0.08826612144708633 4556
1649124220780 0.07503953240811825 4606
1649124245875 0.07227185156196356 4656
1649124271068 0.08293141975998879 4706
1649124295898 0.0686537654697895 4756
1649124321081 0.06751219995319843 4806
1649124346209 0.0842826615087688 4856
1649124370788 0.06313488092273474 4906
1649124395804 0.08581702310591936 4956
1649124420893 0.0661402285657823 5006
1649124445768 0.0755166226439178 5056
1649124471133 0.0930537773668766 5106
1649124496744 0.0758877332881093 5156
1649124521994 0.07689411339350044 5206
1649124546728 0.07460280533879995 5256
1649124572232 0.07581704277545213 5306
1649124597277 0.07808509202674031 5356
1649124622277 0.06714305300265551 5406
1649124647679 0.07687894584611059 5456
1649124672611 0.07012663943693041 5506
1649124697200 0.0755075566470623 5556
1649124722330 0.07018842864781619 5606
1649124747213 0.06544983264058829 5656
1649124773203 0.060643170699477195 5706
1649124798299 0.07313243858516216 5756
1649124824406 0.08014408867806196 5806
1649124849986 0.08983476474881172 5856
1649124965789 0.08688952203840017 5909
1649124990721 0.07549295561388135 5959
1649125015667 0.07116546407341957 6009
1649125041015 0.07169011073186994 6059
1649125065744 0.07757853034883738 6109
1649125090374 0.07108293363824486 6159
1649125115914 0.07919666765257716 6209
1649125141042 0.06649204982444644 6259
1649125166526 0.06946688575670124 6309
1649125192007 0.08377476776018739 6359
1649125217135 0.07053136436268687 6409
1649125242041 0.06334831956773997 6459
1649125267307 0.05876915829256177 6509
1649125292328 0.0664058642089367 6559
1649125317834 0.07339074248448015 6609
1649125343165 0.07107353383675218 6659
1649125368730 0.0704431151971221 6709
1649125393751 0.06949897611513733 6759
1649125418929 0.06984817592427134 6809
1649125444205 0.06634668504819274 6859
1649125469341 0.06407620159909129 6909
1649125494277 0.06896654931828379 6959
1649125519295 0.0721666919440031 7009
1649125544603 0.06472417397424579 7059
1649125570371 0.05943942070007324 7109
1649125594980 0.07451997701078654 7159
1649125620347 0.06790625119581818 7209
1649125645804 0.06564025972038508 7259
1649125671026 0.07715721489861607 7309
1649125696785 0.061969835478812456 7359
1649125721688 0.07634744074195624 7409
1649125747334 0.07444649875164032 7459
1649125772335 0.07287169380113483 7509
1649125797425 0.06840951483696699 7559
1649125822667 0.06328238435089588 7609
1649125847665 0.07340714475139976 7659
1649125872864 0.06628355314955116 7709
1649125898154 0.07205280499532819 7759
1649125923462 0.06437384221702815 7809
1649126038923 0.06399800185114145 7862
1649126063848 0.06813832368701696 7912
1649126088652 0.07202932216227055 7962
1649126113983 0.06224386978894472 8012
1649126139225 0.06077180339023471 8062
1649126164430 0.06551196144893766 8112
1649126189636 0.07338771767914296 8162
1649126214794 0.07018454378470779 8212
1649126239738 0.06627339182421565 8262
1649126264916 0.06769058102741837 8312
1649126290142 0.06325921595096588 8362
1649126315209 0.06417219065129758 8412
1649126341191 0.05974003212526441 8462
1649126366688 0.06543437773361802 8512
1649126391975 0.06253161873668432 8562
1649126418032 0.06587563628330827 8612
1649126443288 0.0658770015835762 8662
1649126468449 0.0669018095638603 8712
1649126493765 0.07010732550173998 8762
1649126519324 0.06861799171194434 8812
1649126544032 0.06442181389778852 8862
1649126568838 0.07295512506738305 8912
1649126593999 0.06538698550313711 8962
1649126619218 0.0706911126896739 9012
1649126644309 0.06375326095148921 9062
1649126669330 0.0612378192320466 9112
1649126694729 0.07403232366777956 9162
1649126720327 0.06814495336264371 9212
1649126745446 0.06910590320825577 9262
1649126770691 0.0732451562024653 9312
1649126796045 0.06957135625183582 9362
1649126820784 0.06049921001307666 9412
1649126845826 0.06661738539114595 9462
1649126870855 0.06476400826126337 9512
1649126896266 0.060394328851252795 9562
1649126921104 0.06215998665429652 9612
1649126946447 0.06888241851702333 9662
1649126971835 0.06090252969413996 9712
1649126997425 0.0731979864090681 9762
1649127115267 0.05520169546827674 9815
1649127140312 0.06784698406234384 9865
1649127165189 0.07133951197378337 9915
1649127190301 0.05030252479016781 9965
1649127215264 0.05698286790400744 10015
1649127240260 0.06308447264134884 10065
1649127265313 0.06449121836572885 10115
1649127290249 0.06171961547806859 10165
1649127315356 0.06053401555866003 10215
1649127340581 0.06322995398193598 10265
1649127366299 0.060818632803857325 10315
1649127391497 0.06843532158061862 10365
1649127417222 0.062077295444905756 10415
1649127442508 0.0743587308190763 10465
1649127467227 0.06386997135356069 10515
1649127492545 0.06974843006581068 10565
1649127517684 0.05553511245176196 10615
1649127542761 0.06024487621150911 10665
1649127568266 0.06446488386951386 10715
1649127593495 0.05758679429069161 10765
1649127618764 0.058537539811804894 10815
1649127644207 0.06626214893534779 10865
1649127669484 0.06077158262953162 10915
1649127694246 0.06202172601595521 10965
1649127719467 0.06876094145700336 11015
1649127744705 0.05601683009415865 11065
1649127770475 0.07922333737835288 11115
1649127795789 0.0626479059830308 11165
1649127820970 0.0718048030603677 11215
1649127846001 0.07150622239336371 11265
1649127870917 0.06825595668517054 11315
1649127895823 0.07262915190309287 11365
1649127921332 0.06314082307741047 11415
1649127946647 0.0620620131585747 11465
1649127971796 0.05565278979018331 11515
1649127996750 0.06675588455051183 11565
1649128021968 0.054551499672234056 11615
1649128047353 0.06156680564396083 11665
1649128072967 0.054864461356773975 11715
1649128189827 0.05580525958910584 11768
1649128214688 0.059013314805924894 11818
1649128239256 0.054700517365708946 11868
1649128264343 0.0583265455532819 11918
1649128289651 0.05446428658440709 11968
1649128314720 0.05955093517899513 12018
1649128339642 0.06392452270723879 12068
1649128364843 0.060001382464542986 12118
1649128390271 0.052671283911913634 12168
1649128415220 0.060994348116219045 12218
1649128441243 0.05930603299289942 12268
1649128466297 0.07464182691648602 12318
1649128492640 0.062052240800112485 12368
1649128517951 0.063858851660043 12418
1649128543173 0.06848711423575878 12468
1649128568229 0.07056378431618214 12518
1649128593628 0.057203305922448634 12568
1649128618358 0.05392037371173501 12618
1649128643655 0.06649957885965704 12668
1649128669072 0.05495733701623976 12718
1649128694310 0.05118788825813681 12768
1649128719509 0.06048339145258069 12818
1649128745533 0.05661012977361679 12868
1649128771486 0.07048018611967563 12918
1649128796998 0.062103336378932 12968
1649128821927 0.06885417761281133 13018
1649128847442 0.05878254653885961 13068
1649128872264 0.06498334386385977 13118
1649128897181 0.06369421849027276 13168
1649128922450 0.0734729010425508 13218
1649128947863 0.05540783498436212 13268
1649128973003 0.04301622932776809 13318
1649128998467 0.05351496510207653 13368
1649129024125 0.07290674690157176 13418
1649129050013 0.0588778680562973 13468
1649129075335 0.05189555007964373 13518
1649129101211 0.04893491888418794 13568
1649129126904 0.05820338323712349 13618
1649129152754 0.06515115035697817 13668
1649129267889 0.0532666053250432 13721
1649129293371 0.05167101814411581 13771
1649129318453 0.06163382211700082 13821
1649129343691 0.05944540616124869 13871
1649129369261 0.06568348592147231 13921
1649129394450 0.05958815956488252 13971
1649129419448 0.060015916395932435 14021
1649129444502 0.06128804803825915 14071
1649129469466 0.054468687092885375 14121
1649129494463 0.061428842721506956 14171
1649129519698 0.05235707154497504 14221
1649129544561 0.05872306696139276 14271
1649129569870 0.06004795959219336 14321
1649129594883 0.053164436370134356 14371
1649129620679 0.05918334733694792 14421
1649129646020 0.05191969456151128 14471
1649129671231 0.06088647089898586 14521
1649129696399 0.05222897266969085 14571
1649129721297 0.0644070496968925 14621
1649129747421 0.05457734071649611 14671
1649129772702 0.06287129126489162 14721
1649129797964 0.05709683431312442 14771
1649129823207 0.06336960373446346 14821
1649129848361 0.054663392417132854 14871
1649129873772 0.0667671324312687 14921
1649129898627 0.04835772036574781 14971
1649129924017 0.06340113600715995 15021
1649129949590 0.04834408956579864 15071
1649129974679 0.05807051150128245 15121
1649129999899 0.0587029794882983 15171
1649130024746 0.04958622781559825 15221
1649130050096 0.05703750196844339 15271
1649130075218 0.05939100847579539 15321
1649130099900 0.06032872349023819 15371
1649130124768 0.058565399535000326 15421
1649130150194 0.07102935884147882 15471
1649130175606 0.05511014435440302 15521
1649130200499 0.05623964505270124 15571
1649130225690 0.061043779784813526 15621
1649130341612 0.04696793618611991 15674
1649130367219 0.05625161293894052 15724
1649130392909 0.057090437300503255 15774
1649130417694 0.05242515800520778 15824
1649130442733 0.04665206847712398 15874
1649130468168 0.04999927847646177 15924
1649130493331 0.04633420340716839 15974
1649130518354 0.045369897801429034 16024
1649130543362 0.05622935402672738 16074
1649130569043 0.039054636228829626 16124
1649130594400 0.05017195669934153 16174
1649130619718 0.038826676970347765 16224
1649130644944 0.058266583029180766 16274
1649130670139 0.04888189825229347 16324
1649130695246 0.04772589418105781 16374
1649130720776 0.049839321728795766 16424
1649130746009 0.05621971129439771 16474
1649130770965 0.04611895823851228 16524
1649130795894 0.049018725901842114 16574
1649130821391 0.05579286674037576 16624
1649130846498 0.053777942871674894 16674
1649130871519 0.04363432576879859 16724
1649130896547 0.03956185354851186 16774
1649130921655 0.046466668769717216 16824
1649130946723 0.05350619803182781 16874
1649130971777 0.049855703096836804 16924
1649130996768 0.046316526336595415 16974
1649131021498 0.04765780824236572 17024
1649131046773 0.05798200684599578 17074
1649131072266 0.04417592127807438 17124
1649131097448 0.05192127504386008 17174
1649131122326 0.04143737206235528 17224
1649131147787 0.0443339011259377 17274
1649131172718 0.03783625738695264 17324
1649131198274 0.053508750014007095 17374
1649131223176 0.05471562291495502 17424
1649131248371 0.04479187946766615 17474
1649131274114 0.053903808174654844 17524
1649131299175 0.04814753346145153 17574
1649131415985 0.042264304403215644 17627
1649131441339 0.038415709733963015 17677
1649131466684 0.04013230761513114 17727
1649131492155 0.03774054993875325 17777
1649131516779 0.04698615727946162 17827
1649131541713 0.048938156925141814 17877
1649131566909 0.061476176483556626 17927
1649131592001 0.05094586228951812 17977
1649131617264 0.04449370744638145 18027
1649131642093 0.04283388496376574 18077
1649131667410 0.047299720579758286 18127
1649131692718 0.05721348331309855 18177
1649131717785 0.043957233410328624 18227
1649131742723 0.04671948168426752 18277
1649131767733 0.04148100210353732 18327
1649131792891 0.0512325539579615 18377
1649131817817 0.052049930449575184 18427
1649131842862 0.04216153138317168 18477
1649131867843 0.04404117540922016 18527
1649131893078 0.03388837077654898 18577
1649131918461 0.038668941026553515 18627
1649131943340 0.05312867141328752 18677
1649131968226 0.05111749136820436 18727
1649131993004 0.04008992469869554 18777
1649132018415 0.041244366532191636 18827
1649132043723 0.0485111216455698 18877
1649132068844 0.041723912791348995 18927
1649132094215 0.04985077220015228 18977
1649132119286 0.04811281219124794 19027
1649132144290 0.044715306404978034 19077
1649132169056 0.0468177280575037 19127
1649132194163 0.0459333467297256 19177
1649132219483 0.04972493765875697 19227
1649132244577 0.04000587201677263 19277
1649132269765 0.051326354760676624 19327
1649132294703 0.046499344944022594 19377
1649132319934 0.04443995422683656 19427
1649132345229 0.047234323481097816 19477
1649132370296 0.051445847507566214 19527
1649132485061 0.04078874466940761 19580
1649132510220 0.04731705074198544 19630
1649132535302 0.04226228479295969 19680
1649132560534 0.04209737694822252 19730
1649132585385 0.047649277702439576 19780
1649132610258 0.045131345391273496 19830
1649132634930 0.04583454600535333 19880
1649132659654 0.041614193264395 19930
1649132684916 0.047052901056595146 19980
1649132709873 0.042757648527622226 20030
1649132735203 0.03966852170415223 20080
1649132760336 0.04765699762851 20130
1649132785541 0.04985440014861524 20180
1649132810723 0.04467400710564107 20230
1649132835737 0.0429768899269402 20280
1649132860811 0.04180327630601823 20330
1649132885569 0.03738940150476992 20380
1649132910568 0.0491918262373656 20430
1649132935146 0.04766295747365803 20480
1649132959988 0.051567471055313945 20530
1649132984723 0.042586120311170816 20580
1649133009839 0.04305727151222527 20630
1649133034727 0.041007005092687905 20680
1649133059780 0.04651853995397687 20730
1649133084958 0.04381138444878161 20780
1649133110151 0.04554265195503831 20830
1649133135002 0.04171589907258749 20880
1649133159790 0.05115958953276276 20930
1649133184778 0.049811219042167065 20980
1649133209811 0.04207272970117629 21030
1649133234735 0.0426354412920773 21080
1649133260263 0.04257462186738849 21130
1649133285276 0.03975306324660778 21180
1649133310271 0.038399916738271714 21230
1649133334837 0.04194735981058329 21280
1649133359751 0.04070866599678993 21330
1649133384790 0.049467138946056366 21380
1649133409937 0.04882461474277079 21430
1649133435343 0.04306314582936466 21480
1649133551965 0.051011227183043954 21533
1649133577508 0.04416553597897291 21583
1649133602778 0.04316197036765516 21633
1649133627992 0.038016763357445596 21683
1649133652852 0.04209921492263675 21733
1649133678014 0.04213269215077162 21783
1649133703776 0.040276743643917146 21833
1649133728691 0.04161730891093612 21883
1649133753744 0.03735838347114623 21933
1649133778894 0.04323106363415718 21983
1649133804218 0.04289996999548748 22033
1649133829226 0.047197824157774446 22083
1649133854114 0.03728290816769004 22133
1649133879679 0.04994375283829868 22183
1649133904693 0.04192673068493605 22233
1649133929893 0.04053357648663223 22283
1649133955074 0.04943482540547848 22333
1649133980218 0.03830219118855894 22383
1649134005182 0.036842103488743304 22433
1649134030655 0.042939767995849254 22483
1649134056043 0.039798269663006064 22533
1649134081099 0.04631776344496757 22583
1649134106301 0.03450938226655126 22633
1649134131570 0.047798777194693685 22683
1649134156941 0.04761364195030183 22733
1649134182414 0.04630900513380766 22783
1649134208238 0.0397308852430433 22833
1649134233311 0.04474798680283129 22883
1649134258958 0.04171448785346001 22933
1649134283858 0.043637359319254755 22983
1649134309345 0.03995216133072972 23033
1649134334801 0.03653861850267276 23083
1649134360080 0.04512715595308691 23133
1649134384879 0.04704460853710771 23183
1649134409806 0.04649400839582086 23233
1649134434926 0.041651829723268745 23283
1649134459914 0.04801814301870763 23333
1649134484950 0.03917081015184522 23383
1649134509692 0.04998910557478666 23433
