1648785388972 9.890199999999994e-06 50
1648785401419 1.9880199999999993e-05 100
1648785418860 2.9870200000000004e-05 150
1648785437321 3.98602e-05 200
1648785455592 4.98502e-05 250
1648785473783 5.9840200000000003e-05 300
1648785491800 6.98302e-05 350
1648785509046 7.98202e-05 400
1648785526523 8.981020000000001e-05 450
1648785544446 9.98002e-05 500
1648785562890 0.0001 550
1648785580951 0.0001 600
1648785597532 0.0001 650
1648785613994 0.0001 700
1648785628411 0.0001 750
1648785643094 0.0001 800
1648785657000 0.0001 850
1648785669981 0.0001 900
1648785683116 0.0001 950
1648785697275 0.0001 1000
1648785711397 0.0001 1050
1648785725530 0.0001 1100
1648785739599 0.0001 1150
1648785753122 0.0001 1200
1648785766531 0.0001 1250
1648785780389 0.0001 1300
1648785794596 0.0001 1350
1648785807543 0.0001 1400
1648785820070 0.0001 1450
1648785833707 0.0001 1500
1648785847103 0.0001 1550
1648785860749 0.0001 1600
1648785874576 0.0001 1650
1648785888787 0.0001 1700
1648785901587 0.0001 1750
1648785915156 0.0001 1800
1648785928066 0.0001 1850
1648785940846 0.0001 1900
1648785954802 0.0001 1950
1648786018028 0.0001 1952
1648786030828 0.0001 2001
1648786040129 0.0001 2051
1648786054016 0.0001 2101
1648786067620 0.0001 2151
1648786082313 0.0001 2201
1648786095754 0.0001 2251
1648786109785 0.0001 2301
1648786124266 0.0001 2351
1648786138194 0.0001 2401
1648786152964 0.0001 2451
1648786167017 0.0001 2501
1648786180599 0.0001 2551
1648786193269 0.0001 2601
1648786207539 0.0001 2651
1648786221699 0.0001 2701
1648786235629 0.0001 2751
1648786249881 0.0001 2801
1648786263683 0.0001 2851
1648786276901 0.0001 2901
1648786291276 0.0001 2951
1648786304586 0.0001 3001
1648786317898 0.0001 3051
1648786331402 0.0001 3101
1648786345954 0.0001 3151
1648786360306 0.0001 3201
1648786372646 0.0001 3251
1648786386580 0.0001 3301
1648786400377 0.0001 3351
1648786414489 0.0001 3401
1648786428086 0.0001 3451
1648786441069 0.0001 3501
1648786454472 0.0001 3551
1648786468645 0.0001 3601
1648786480818 0.0001 3651
1648786494412 0.0001 3701
1648786508393 0.0001 3751
1648786522239 0.0001 3801
1648786536791 0.0001 3851
1648786551326 0.0001 3901
1648786613933 0.0001 3903
1648786626686 0.0001 3952
1648786634123 0.0001 4002
1648786645202 0.0001 4052
1648786659745 0.0001 4102
1648786671707 0.0001 4152
1648786684344 0.0001 4202
1648786698983 0.0001 4252
1648786711308 0.0001 4302
1648786725474 0.0001 4352
1648786739114 0.0001 4402
1648786753295 0.0001 4452
1648786768112 0.0001 4502
1648786782258 0.0001 4552
1648786797106 0.0001 4602
1648786809460 0.0001 4652
1648786823555 0.0001 4702
1648786836684 0.0001 4752
1648786850194 0.0001 4802
1648786864056 0.0001 4852
1648786877556 0.0001 4902
1648786892029 0.0001 4952
1648786906470 0.0001 5002
1648786919351 0.0001 5052
1648786933375 0.0001 5102
1648786947810 0.0001 5152
1648786962216 0.0001 5202
1648786975815 0.0001 5252
1648786989745 0.0001 5302
1648787003959 0.0001 5352
1648787017712 0.0001 5402
1648787031055 0.0001 5452
1648787044687 0.0001 5502
1648787059044 0.0001 5552
1648787072621 0.0001 5602
1648787086048 0.0001 5652
1648787100702 0.0001 5702
1648787114380 0.0001 5752
1648787128419 0.0001 5802
1648787141233 0.0001 5852
1648787205866 0.0001 5854
1648787219389 0.0001 5903
1648787229565 0.0001 5953
1648787237855 0.0001 6003
1648787247859 0.0001 6053
1648787263015 0.0001 6103
1648787276907 0.0001 6153
1648787289408 0.0001 6203
1648787303739 0.0001 6253
1648787317259 0.0001 6303
1648787330133 0.0001 6353
1648787344563 0.0001 6403
1648787357941 0.0001 6453
1648787373334 0.0001 6503
1648787387728 0.0001 6553
1648787401542 0.0001 6603
1648787414838 0.0001 6653
1648787427632 0.0001 6703
1648787440501 0.0001 6753
1648787453908 0.0001 6803
1648787467168 0.0001 6853
1648787482087 0.0001 6903
1648787495762 0.0001 6953
1648787509254 0.0001 7003
1648787523864 0.0001 7053
1648787538311 0.0001 7103
1648787552984 0.0001 7153
1648787567035 0.0001 7203
1648787581033 0.0001 7253
1648787593917 0.0001 7303
1648787607459 0.0001 7353
1648787621873 0.0001 7403
1648787636815 0.0001 7453
1648787650143 0.0001 7503
1648787663894 0.0001 7553
1648787677272 0.0001 7603
1648787690646 0.0001 7653
1648787704027 0.0001 7703
1648787717733 0.0001 7753
1648787731594 0.0001 7803
1648787798247 0.0001 7805
1648787810576 0.0001 7854
1648787821466 0.0001 7904
1648787831903 0.0001 7954
1648787840526 0.0001 8004
1648787851563 0.0001 8054
1648787865056 0.0001 8104
1648787879452 0.0001 8154
1648787893234 0.0001 8204
1648787907358 0.0001 8254
1648787922114 0.0001 8304
1648787936357 0.0001 8354
1648787950696 0.0001 8404
1648787963971 0.0001 8454
1648787978082 0.0001 8504
1648787991831 0.0001 8554
1648788005961 0.0001 8604
1648788020571 0.0001 8654
1648788035257 0.0001 8704
1648788048858 0.0001 8754
1648788063730 0.0001 8804
1648788078321 0.0001 8854
1648788092613 0.0001 8904
1648788106020 0.0001 8954
1648788119464 0.0001 9004
1648788133271 0.0001 9054
1648788146859 0.0001 9104
1648788160949 0.0001 9154
1648788175138 0.0001 9204
1648788189253 0.0001 9254
1648788203254 0.0001 9304
1648788217863 0.0001 9354
1648788231800 0.0001 9404
1648788246589 0.0001 9454
1648788259839 0.0001 9504
1648788274508 0.0001 9554
1648788288041 0.0001 9604
1648788302184 0.0001 9654
1648788316046 0.0001 9704
1648788331151 0.0001 9754
1648788398368 0.0001 9756
1648788411120 0.0001 9805
1648788421545 0.0001 9855
1648788431316 0.0001 9905
1648788444113 0.0001 9955
1648788457881 0.0001 10005
1648788472379 0.0001 10055
1648788485868 0.0001 10105
1648788497947 0.0001 10155
1648788512026 0.0001 10205
1648788524573 0.0001 10255
1648788537922 0.0001 10305
1648788551512 0.0001 10355
1648788565021 0.0001 10405
1648788578411 0.0001 10455
1648788592603 0.0001 10505
1648788606028 0.0001 10555
1648788620833 0.0001 10605
1648788634792 0.0001 10655
1648788648851 0.0001 10705
1648788663393 0.0001 10755
1648788677707 0.0001 10805
1648788691351 0.0001 10855
1648788706180 0.0001 10905
1648788720523 0.0001 10955
1648788734044 0.0001 11005
1648788747707 0.0001 11055
1648788761944 0.0001 11105
1648788776295 0.0001 11155
1648788788995 0.0001 11205
1648788803127 0.0001 11255
1648788817626 0.0001 11305
1648788831653 0.0001 11355
1648788845985 0.0001 11405
1648788860143 0.0001 11455
1648788873690 0.0001 11505
1648788887676 0.0001 11555
1648788902745 0.0001 11605
1648788917740 0.0001 11655
1648788931491 0.0001 11705
1648788997620 0.0001 11707
1648789010640 0.0001 11756
1648789020486 0.0001 11806
1648789029182 0.0001 11856
1648789043350 0.0001 11906
1648789057228 0.0001 11956
1648789071357 0.0001 12006
1648789085551 0.0001 12056
1648789098671 0.0001 12106
1648789113991 0.0001 12156
1648789127420 0.0001 12206
1648789141402 0.0001 12256
1648789155783 0.0001 12306
1648789169014 0.0001 12356
1648789182231 0.0001 12406
1648789195726 0.0001 12456
1648789208625 0.0001 12506
1648789222942 0.0001 12556
1648789237387 0.0001 12606
1648789252234 0.0001 12656
1648789265550 0.0001 12706
1648789279600 0.0001 12756
1648789294262 0.0001 12806
1648789308703 0.0001 12856
1648789322530 0.0001 12906
1648789335864 0.0001 12956
1648789349390 0.0001 13006
1648789362060 0.0001 13056
1648789375026 0.0001 13106
1648789388542 0.0001 13156
1648789402238 0.0001 13206
1648789415891 0.0001 13256
1648789430453 0.0001 13306
1648789444823 0.0001 13356
1648789458873 0.0001 13406
1648789473308 0.0001 13456
1648789487426 0.0001 13506
1648789501295 0.0001 13556
1648789515236 0.0001 13606
1648789529278 0.0001 13656
1648789591730 0.0001 13658
1648789604347 0.0001 13707
1648789615220 0.0001 13757
1648789625587 0.0001 13807
1648789634228 0.0001 13857
1648789649367 0.0001 13907
1648789663666 0.0001 13957
1648789677484 0.0001 14007
1648789690663 0.0001 14057
1648789704976 0.0001 14107
1648789719240 0.0001 14157
1648789732561 0.0001 14207
1648789746467 0.0001 14257
1648789760453 0.0001 14307
1648789774631 0.0001 14357
1648789789170 0.0001 14407
1648789803470 0.0001 14457
1648789817137 0.0001 14507
1648789830594 0.0001 14557
1648789844343 0.0001 14607
1648789858648 0.0001 14657
1648789872147 0.0001 14707
1648789886227 0.0001 14757
1648789901472 0.0001 14807
1648789915536 0.0001 14857
1648789929761 0.0001 14907
1648789943689 0.0001 14957
1648789957647 0.0001 15007
1648789972403 0.0001 15057
1648789985137 0.0001 15107
1648790000075 0.0001 15157
1648790014405 0.0001 15207
1648790028127 0.0001 15257
1648790042942 0.0001 15307
1648790056897 0.0001 15357
1648790070735 0.0001 15407
1648790085584 0.0001 15457
1648790099379 0.0001 15507
1648790112462 0.0001 15557
1648790126508 0.0001 15607
1648790194950 0.0001 15609
1648790207116 1e-05 15658
1648790217878 1e-05 15708
1648790228524 1e-05 15758
1648790238894 1e-05 15808
1648790252675 1e-05 15858
1648790267070 1e-05 15908
1648790279947 1e-05 15958
1648790293934 1e-05 16008
1648790308647 1e-05 16058
1648790324009 1e-05 16108
1648790339035 1e-05 16158
1648790353496 1e-05 16208
1648790367866 1e-05 16258
1648790382552 1e-05 16308
1648790396186 1e-05 16358
1648790410400 1e-05 16408
1648790425483 1e-05 16458
1648790439269 1e-05 16508
1648790453911 1e-05 16558
1648790467658 1e-05 16608
1648790481955 1e-05 16658
1648790496053 1e-05 16708
1648790509964 1e-05 16758
1648790524578 1e-05 16808
1648790539554 1e-05 16858
1648790553607 1e-05 16908
1648790567189 1e-05 16958
1648790580807 1e-05 17008
1648790594318 1e-05 17058
1648790607984 1e-05 17108
1648790621498 1e-05 17158
1648790635953 1e-05 17208
1648790650391 1e-05 17258
1648790664552 1e-05 17308
1648790678148 1e-05 17358
1648790692888 1e-05 17408
1648790706886 1e-05 17458
1648790719207 1e-05 17508
1648790734085 1e-05 17558
1648790798693 1e-05 17560
1648790812356 1e-05 17609
1648790823139 1e-05 17659
1648790833210 1e-05 17709
1648790847062 1e-05 17759
1648790860783 1e-05 17809
1648790874390 1e-05 17859
1648790889409 1e-05 17909
1648790903355 1e-05 17959
1648790917468 1e-05 18009
1648790932035 1e-05 18059
1648790946175 1e-05 18109
1648790959501 1e-05 18159
1648790973765 1e-05 18209
1648790988530 1e-05 18259
1648791002588 1e-05 18309
1648791016319 1e-05 18359
1648791029839 1e-05 18409
1648791043579 1e-05 18459
1648791056875 1e-05 18509
1648791070877 1e-05 18559
1648791084967 1e-05 18609
1648791099589 1e-05 18659
1648791112920 1e-05 18709
1648791125796 1e-05 18759
1648791140181 1e-05 18809
1648791152948 1e-05 18859
1648791168357 1e-05 18909
1648791182373 1e-05 18959
1648791196705 1e-05 19009
1648791210448 1e-05 19059
1648791223006 1e-05 19109
1648791237920 1e-05 19159
1648791251215 1e-05 19209
1648791265331 1e-05 19259
1648791280294 1e-05 19309
1648791294000 1e-05 19359
1648791307720 1e-05 19409
1648791321250 1e-05 19459
1648791336045 1e-05 19509
1648791397093 1e-05 19511
1648791409981 1e-05 19560
1648791418416 1e-05 19610
1648791426004 1e-05 19660
1648791432901 1e-05 19710
1648791439591 1e-05 19760
1648791446279 1e-05 19810
1648791453003 1e-05 19860
1648791459788 1e-05 19910
1648791466555 1e-05 19960
1648791473351 1e-05 20010
1648791480155 1e-05 20060
1648791487021 1e-05 20110
1648791494390 1e-05 20160
1648791505650 1e-05 20210
1648791516271 1e-05 20260
1648791526537 1e-05 20310
1648791538178 1e-05 20360
1648791549967 1e-05 20410
1648791564450 1e-05 20460
1648791582056 1e-05 20510
1648791599961 1e-05 20560
1648791618153 1e-05 20610
1648791635805 1e-05 20660
1648791654166 1e-05 20710
1648791670839 1e-05 20760
1648791687059 1e-05 20810
1648791704747 1e-05 20860
1648791721905 1e-05 20910
1648791738873 1e-05 20960
1648791756857 1e-05 21010
1648791773522 1e-05 21060
1648791789908 1e-05 21110
1648791806595 1e-05 21160
1648791824226 1e-05 21210
1648791841438 1e-05 21260
1648791859320 1e-05 21310
1648791877093 1e-05 21360
1648791894744 1e-05 21410
1648791910864 1e-05 21460
1648791988423 1e-05 21462
1648792005596 1.0000000000000002e-06 21511
1648792020052 1.0000000000000002e-06 21561
1648792032776 1.0000000000000002e-06 21611
1648792048405 1.0000000000000002e-06 21661
1648792062172 1.0000000000000002e-06 21711
1648792075562 1.0000000000000002e-06 21761
1648792089544 1.0000000000000002e-06 21811
1648792103726 1.0000000000000002e-06 21861
1648792118222 1.0000000000000002e-06 21911
1648792131923 1.0000000000000002e-06 21961
1648792144280 1.0000000000000002e-06 22011
1648792155438 1.0000000000000002e-06 22061
1648792166611 1.0000000000000002e-06 22111
1648792177800 1.0000000000000002e-06 22161
1648792189034 1.0000000000000002e-06 22211
1648792199797 1.0000000000000002e-06 22261
1648792210909 1.0000000000000002e-06 22311
1648792221258 1.0000000000000002e-06 22361
1648792233733 1.0000000000000002e-06 22411
1648792248267 1.0000000000000002e-06 22461
1648792262195 1.0000000000000002e-06 22511
1648792276074 1.0000000000000002e-06 22561
1648792289691 1.0000000000000002e-06 22611
1648792304561 1.0000000000000002e-06 22661
1648792318342 1.0000000000000002e-06 22711
1648792332252 1.0000000000000002e-06 22761
1648792346088 1.0000000000000002e-06 22811
1648792359652 1.0000000000000002e-06 22861
1648792373547 1.0000000000000002e-06 22911
1648792386988 1.0000000000000002e-06 22961
1648792400951 1.0000000000000002e-06 23011
1648792414682 1.0000000000000002e-06 23061
1648792429042 1.0000000000000002e-06 23111
1648792443824 1.0000000000000002e-06 23161
1648792458819 1.0000000000000002e-06 23211
1648792472066 1.0000000000000002e-06 23261
1648792486921 1.0000000000000002e-06 23311
1648792500919 1.0000000000000002e-06 23361
1648792515526 1.0000000000000002e-06 23411
1648792590705 1.0000000000000002e-06 23413
