1648785388972 0.9 50
1648785401419 0.9 100
1648785418860 0.9 150
1648785437321 0.9 200
1648785455592 0.9 250
1648785473783 0.9 300
1648785491800 0.9 350
1648785509046 0.9 400
1648785526523 0.9 450
1648785544446 0.9 500
1648785562890 0.9 550
1648785580951 0.9 600
1648785597532 0.9 650
1648785613994 0.9 700
1648785628411 0.9 750
1648785643094 0.9 800
1648785657000 0.9 850
1648785669981 0.9 900
1648785683116 0.9 950
1648785697275 0.9 1000
1648785711397 0.9 1050
1648785725530 0.9 1100
1648785739599 0.9 1150
1648785753122 0.9 1200
1648785766531 0.9 1250
1648785780389 0.9 1300
1648785794596 0.9 1350
1648785807543 0.9 1400
1648785820070 0.9 1450
1648785833707 0.9 1500
1648785847103 0.9 1550
1648785860749 0.9 1600
1648785874576 0.9 1650
1648785888787 0.9 1700
1648785901587 0.9 1750
1648785915156 0.9 1800
1648785928066 0.9 1850
1648785940846 0.9 1900
1648785954802 0.9 1950
1648786018028 0.9 1952
1648786030828 0.9 2001
1648786040129 0.9 2051
1648786054016 0.9 2101
1648786067620 0.9 2151
1648786082313 0.9 2201
1648786095754 0.9 2251
1648786109785 0.9 2301
1648786124266 0.9 2351
1648786138194 0.9 2401
1648786152964 0.9 2451
1648786167017 0.9 2501
1648786180599 0.9 2551
1648786193269 0.9 2601
1648786207539 0.9 2651
1648786221699 0.9 2701
1648786235629 0.9 2751
1648786249881 0.9 2801
1648786263683 0.9 2851
1648786276901 0.9 2901
1648786291276 0.9 2951
1648786304586 0.9 3001
1648786317898 0.9 3051
1648786331402 0.9 3101
1648786345954 0.9 3151
1648786360306 0.9 3201
1648786372646 0.9 3251
1648786386580 0.9 3301
1648786400377 0.9 3351
1648786414489 0.9 3401
1648786428086 0.9 3451
1648786441069 0.9 3501
1648786454472 0.9 3551
1648786468645 0.9 3601
1648786480818 0.9 3651
1648786494412 0.9 3701
1648786508393 0.9 3751
1648786522239 0.9 3801
1648786536791 0.9 3851
1648786551326 0.9 3901
1648786613933 0.9 3903
1648786626686 0.9 3952
1648786634123 0.9 4002
1648786645202 0.9 4052
1648786659745 0.9 4102
1648786671707 0.9 4152
1648786684344 0.9 4202
1648786698983 0.9 4252
1648786711308 0.9 4302
1648786725474 0.9 4352
1648786739114 0.9 4402
1648786753295 0.9 4452
1648786768112 0.9 4502
1648786782258 0.9 4552
1648786797106 0.9 4602
1648786809460 0.9 4652
1648786823555 0.9 4702
1648786836684 0.9 4752
1648786850194 0.9 4802
1648786864056 0.9 4852
1648786877556 0.9 4902
1648786892029 0.9 4952
1648786906470 0.9 5002
1648786919351 0.9 5052
1648786933375 0.9 5102
1648786947810 0.9 5152
1648786962216 0.9 5202
1648786975815 0.9 5252
1648786989745 0.9 5302
1648787003959 0.9 5352
1648787017712 0.9 5402
1648787031055 0.9 5452
1648787044687 0.9 5502
1648787059044 0.9 5552
1648787072621 0.9 5602
1648787086048 0.9 5652
1648787100702 0.9 5702
1648787114380 0.9 5752
1648787128419 0.9 5802
1648787141233 0.9 5852
1648787205866 0.9 5854
1648787219389 0.9 5903
1648787229565 0.9 5953
1648787237855 0.9 6003
1648787247859 0.9 6053
1648787263015 0.9 6103
1648787276907 0.9 6153
1648787289408 0.9 6203
1648787303739 0.9 6253
1648787317259 0.9 6303
1648787330133 0.9 6353
1648787344563 0.9 6403
1648787357941 0.9 6453
1648787373334 0.9 6503
1648787387728 0.9 6553
1648787401542 0.9 6603
1648787414838 0.9 6653
1648787427632 0.9 6703
1648787440501 0.9 6753
1648787453908 0.9 6803
1648787467168 0.9 6853
1648787482087 0.9 6903
1648787495762 0.9 6953
1648787509254 0.9 7003
1648787523864 0.9 7053
1648787538311 0.9 7103
1648787552984 0.9 7153
1648787567035 0.9 7203
1648787581033 0.9 7253
1648787593917 0.9 7303
1648787607459 0.9 7353
1648787621873 0.9 7403
1648787636815 0.9 7453
1648787650143 0.9 7503
1648787663894 0.9 7553
1648787677272 0.9 7603
1648787690646 0.9 7653
1648787704027 0.9 7703
1648787717733 0.9 7753
1648787731594 0.9 7803
1648787798247 0.9 7805
1648787810576 0.9 7854
1648787821466 0.9 7904
1648787831903 0.9 7954
1648787840526 0.9 8004
1648787851563 0.9 8054
1648787865056 0.9 8104
1648787879452 0.9 8154
1648787893234 0.9 8204
1648787907358 0.9 8254
1648787922114 0.9 8304
1648787936357 0.9 8354
1648787950696 0.9 8404
1648787963971 0.9 8454
1648787978082 0.9 8504
1648787991831 0.9 8554
1648788005961 0.9 8604
1648788020571 0.9 8654
1648788035257 0.9 8704
1648788048858 0.9 8754
1648788063730 0.9 8804
1648788078321 0.9 8854
1648788092613 0.9 8904
1648788106020 0.9 8954
1648788119464 0.9 9004
1648788133271 0.9 9054
1648788146859 0.9 9104
1648788160949 0.9 9154
1648788175138 0.9 9204
1648788189253 0.9 9254
1648788203254 0.9 9304
1648788217863 0.9 9354
1648788231800 0.9 9404
1648788246589 0.9 9454
1648788259839 0.9 9504
1648788274508 0.9 9554
1648788288041 0.9 9604
1648788302184 0.9 9654
1648788316046 0.9 9704
1648788331151 0.9 9754
1648788398368 0.9 9756
1648788411120 0.9 9805
1648788421545 0.9 9855
1648788431316 0.9 9905
1648788444113 0.9 9955
1648788457881 0.9 10005
1648788472379 0.9 10055
1648788485868 0.9 10105
1648788497947 0.9 10155
1648788512026 0.9 10205
1648788524573 0.9 10255
1648788537922 0.9 10305
1648788551512 0.9 10355
1648788565021 0.9 10405
1648788578411 0.9 10455
1648788592603 0.9 10505
1648788606028 0.9 10555
1648788620833 0.9 10605
1648788634792 0.9 10655
1648788648851 0.9 10705
1648788663393 0.9 10755
1648788677707 0.9 10805
1648788691351 0.9 10855
1648788706180 0.9 10905
1648788720523 0.9 10955
1648788734044 0.9 11005
1648788747707 0.9 11055
1648788761944 0.9 11105
1648788776295 0.9 11155
1648788788995 0.9 11205
1648788803127 0.9 11255
1648788817626 0.9 11305
1648788831653 0.9 11355
1648788845985 0.9 11405
1648788860143 0.9 11455
1648788873690 0.9 11505
1648788887676 0.9 11555
1648788902745 0.9 11605
1648788917740 0.9 11655
1648788931491 0.9 11705
1648788997620 0.9 11707
1648789010640 0.9 11756
1648789020486 0.9 11806
1648789029182 0.9 11856
1648789043350 0.9 11906
1648789057228 0.9 11956
1648789071357 0.9 12006
1648789085551 0.9 12056
1648789098671 0.9 12106
1648789113991 0.9 12156
1648789127420 0.9 12206
1648789141402 0.9 12256
1648789155783 0.9 12306
1648789169014 0.9 12356
1648789182231 0.9 12406
1648789195726 0.9 12456
1648789208625 0.9 12506
1648789222942 0.9 12556
1648789237387 0.9 12606
1648789252234 0.9 12656
1648789265550 0.9 12706
1648789279600 0.9 12756
1648789294262 0.9 12806
1648789308703 0.9 12856
1648789322530 0.9 12906
1648789335864 0.9 12956
1648789349390 0.9 13006
1648789362060 0.9 13056
1648789375026 0.9 13106
1648789388542 0.9 13156
1648789402238 0.9 13206
1648789415891 0.9 13256
1648789430453 0.9 13306
1648789444823 0.9 13356
1648789458873 0.9 13406
1648789473308 0.9 13456
1648789487426 0.9 13506
1648789501295 0.9 13556
1648789515236 0.9 13606
1648789529278 0.9 13656
1648789591730 0.9 13658
1648789604347 0.9 13707
1648789615220 0.9 13757
1648789625587 0.9 13807
1648789634228 0.9 13857
1648789649367 0.9 13907
1648789663666 0.9 13957
1648789677484 0.9 14007
1648789690663 0.9 14057
1648789704976 0.9 14107
1648789719240 0.9 14157
1648789732561 0.9 14207
1648789746467 0.9 14257
1648789760453 0.9 14307
1648789774631 0.9 14357
1648789789170 0.9 14407
1648789803470 0.9 14457
1648789817137 0.9 14507
1648789830594 0.9 14557
1648789844343 0.9 14607
1648789858648 0.9 14657
1648789872147 0.9 14707
1648789886227 0.9 14757
1648789901472 0.9 14807
1648789915536 0.9 14857
1648789929761 0.9 14907
1648789943689 0.9 14957
1648789957647 0.9 15007
1648789972403 0.9 15057
1648789985137 0.9 15107
1648790000075 0.9 15157
1648790014405 0.9 15207
1648790028127 0.9 15257
1648790042942 0.9 15307
1648790056897 0.9 15357
1648790070735 0.9 15407
1648790085584 0.9 15457
1648790099379 0.9 15507
1648790112462 0.9 15557
1648790126508 0.9 15607
1648790194950 0.9 15609
1648790207116 0.9 15658
1648790217878 0.9 15708
1648790228524 0.9 15758
1648790238894 0.9 15808
1648790252675 0.9 15858
1648790267070 0.9 15908
1648790279947 0.9 15958
1648790293934 0.9 16008
1648790308647 0.9 16058
1648790324009 0.9 16108
1648790339035 0.9 16158
1648790353496 0.9 16208
1648790367866 0.9 16258
1648790382552 0.9 16308
1648790396186 0.9 16358
1648790410400 0.9 16408
1648790425483 0.9 16458
1648790439269 0.9 16508
1648790453911 0.9 16558
1648790467658 0.9 16608
1648790481955 0.9 16658
1648790496053 0.9 16708
1648790509964 0.9 16758
1648790524578 0.9 16808
1648790539554 0.9 16858
1648790553607 0.9 16908
1648790567189 0.9 16958
1648790580807 0.9 17008
1648790594318 0.9 17058
1648790607984 0.9 17108
1648790621498 0.9 17158
1648790635953 0.9 17208
1648790650391 0.9 17258
1648790664552 0.9 17308
1648790678148 0.9 17358
1648790692888 0.9 17408
1648790706886 0.9 17458
1648790719207 0.9 17508
1648790734085 0.9 17558
1648790798693 0.9 17560
1648790812356 0.9 17609
1648790823139 0.9 17659
1648790833210 0.9 17709
1648790847062 0.9 17759
1648790860783 0.9 17809
1648790874390 0.9 17859
1648790889409 0.9 17909
1648790903355 0.9 17959
1648790917468 0.9 18009
1648790932035 0.9 18059
1648790946175 0.9 18109
1648790959501 0.9 18159
1648790973765 0.9 18209
1648790988530 0.9 18259
1648791002588 0.9 18309
1648791016319 0.9 18359
1648791029839 0.9 18409
1648791043579 0.9 18459
1648791056875 0.9 18509
1648791070877 0.9 18559
1648791084967 0.9 18609
1648791099589 0.9 18659
1648791112920 0.9 18709
1648791125796 0.9 18759
1648791140181 0.9 18809
1648791152948 0.9 18859
1648791168357 0.9 18909
1648791182373 0.9 18959
1648791196705 0.9 19009
1648791210448 0.9 19059
1648791223006 0.9 19109
1648791237920 0.9 19159
1648791251215 0.9 19209
1648791265331 0.9 19259
1648791280294 0.9 19309
1648791294000 0.9 19359
1648791307720 0.9 19409
1648791321250 0.9 19459
1648791336045 0.9 19509
1648791397093 0.9 19511
1648791409981 0.9 19560
1648791418416 0.9 19610
1648791426004 0.9 19660
1648791432901 0.9 19710
1648791439591 0.9 19760
1648791446279 0.9 19810
1648791453003 0.9 19860
1648791459788 0.9 19910
1648791466555 0.9 19960
1648791473351 0.9 20010
1648791480155 0.9 20060
1648791487021 0.9 20110
1648791494390 0.9 20160
1648791505650 0.9 20210
1648791516271 0.9 20260
1648791526537 0.9 20310
1648791538178 0.9 20360
1648791549967 0.9 20410
1648791564450 0.9 20460
1648791582056 0.9 20510
1648791599961 0.9 20560
1648791618153 0.9 20610
1648791635805 0.9 20660
1648791654166 0.9 20710
1648791670839 0.9 20760
1648791687059 0.9 20810
1648791704747 0.9 20860
1648791721905 0.9 20910
1648791738873 0.9 20960
1648791756857 0.9 21010
1648791773522 0.9 21060
1648791789908 0.9 21110
1648791806595 0.9 21160
1648791824226 0.9 21210
1648791841438 0.9 21260
1648791859320 0.9 21310
1648791877093 0.9 21360
1648791894744 0.9 21410
1648791910864 0.9 21460
1648791988423 0.9 21462
1648792005596 0.9 21511
1648792020052 0.9 21561
1648792032776 0.9 21611
1648792048405 0.9 21661
1648792062172 0.9 21711
1648792075562 0.9 21761
1648792089544 0.9 21811
1648792103726 0.9 21861
1648792118222 0.9 21911
1648792131923 0.9 21961
1648792144280 0.9 22011
1648792155438 0.9 22061
1648792166611 0.9 22111
1648792177800 0.9 22161
1648792189034 0.9 22211
1648792199797 0.9 22261
1648792210909 0.9 22311
1648792221258 0.9 22361
1648792233733 0.9 22411
1648792248267 0.9 22461
1648792262195 0.9 22511
1648792276074 0.9 22561
1648792289691 0.9 22611
1648792304561 0.9 22661
1648792318342 0.9 22711
1648792332252 0.9 22761
1648792346088 0.9 22811
1648792359652 0.9 22861
1648792373547 0.9 22911
1648792386988 0.9 22961
1648792400951 0.9 23011
1648792414682 0.9 23061
1648792429042 0.9 23111
1648792443824 0.9 23161
1648792458819 0.9 23211
1648792472066 0.9 23261
1648792486921 0.9 23311
1648792500919 0.9 23361
1648792515526 0.9 23411
1648792590705 0.9 23413
