1649199410915 3.2702869319915773 50
1649199456968 1.18688019156456 100
1649199502723 0.8005243343114853 150
1649199548396 0.8179476597905159 200
1649199594017 0.7400161483883858 250
1649199639649 0.8342133563756943 300
1649199685031 0.7240125036239624 350
1649199730528 0.8024247473478318 400
1649199776052 0.7427070730924606 450
1649199821202 0.7980480745434761 500
1649199866638 0.8532432189583778 550
1649199912672 0.981275030374527 600
1649199958416 0.8161819571256638 650
1649200004177 0.9174679124355316 700
1649200049745 0.9342749810218811 750
1649200088256 0.8527382224798202 800
1649200113688 0.8762650349736214 850
1649200139464 0.9020735108852387 900
1649200164789 0.91455880433321 950
1649200190234 0.8924802714586257 1000
1649200215699 0.8964121818542481 1050
1649200241952 0.9183338302373886 1100
1649200267372 0.7779227721691132 1150
1649200292860 0.9021828359365464 1200
1649200318267 0.7806657266616821 1250
1649200343239 0.8292431163787842 1300
1649200368867 0.8743242675065994 1350
1649200393842 0.920687865614891 1400
1649200419264 0.7765075451135636 1450
1649200444656 0.9283687117695808 1500
1649200469583 0.7150615870952606 1550
1649200494774 0.9529211968183517 1600
1649200519915 0.7865301841497421 1650
1649200545314 1.0440870872139931 1700
1649200570610 0.9069648054242134 1750
1649200595830 0.8567633658647538 1800
1649200621278 1.019889295399189 1850
1649200646399 0.7436764001846313 1900
1649200671282 1.0544134363532067 1950
1649200794677 0.821233369410038 2001
1649200819937 0.9120432367920875 2051
1649200844979 0.7615379163622856 2101
1649200869635 0.8331082358956337 2151
1649200894920 0.9286540359258652 2201
1649200919915 0.763682315647602 2251
1649200944737 0.8124578893184662 2301
1649200969890 0.9681466397643089 2351
1649200995027 0.9526264750957489 2401
1649201020337 0.8369523048400879 2451
1649201045321 0.8323197185993194 2501
1649201070372 0.8144750455021859 2551
1649201095214 0.8626745119690895 2601
1649201120405 1.057762523293495 2651
1649201145340 1.0177063807845115 2701
1649201170184 0.7941368785500527 2751
1649201195328 0.8622357514500618 2801
1649201220358 0.8507497754693031 2851
1649201245230 0.8386188441514969 2901
1649201270673 0.8143327376246452 2951
1649201296281 0.8616337305307389 3001
1649201321335 0.8659856602549553 3051
1649201345942 0.7044956848025322 3101
1649201370970 0.7362952521443367 3151
1649201396508 0.8439748239517212 3201
1649201421545 0.7869568109512329 3251
1649201446270 0.8522284203767776 3301
1649201471711 0.8013333129882813 3351
1649201497489 0.8357525649666786 3401
1649201522549 0.8587693789601326 3451
1649201547820 0.8886160600185394 3501
1649201572700 0.9747650554776192 3551
1649201597726 0.8917624995112419 3601
1649201622832 0.8462142875790596 3651
1649201647895 0.7631345409154892 3701
1649201673389 0.8119664099812508 3751
1649201698690 0.9291481333971023 3801
1649201723483 0.8583915257453918 3851
1649201748285 0.9346520620584488 3901
1649201873199 0.7192536371946335 3952
1649201898715 0.7055522373318672 4002
1649201924850 0.8315604451298714 4052
1649201949713 0.8720874798297882 4102
1649201975083 0.7458597341179848 4152
1649202000247 0.7938792178034783 4202
1649202025276 0.7545541048049926 4252
1649202050779 0.7550983613729477 4302
1649202075907 0.8963132336735725 4352
1649202101250 0.7829590299725533 4402
1649202126416 0.7709533759951591 4452
1649202151851 0.8460701742768287 4502
1649202176712 0.7700404769182205 4552
1649202201769 0.7701086539030075 4602
1649202226802 0.8454134273529053 4652
1649202251791 0.8967948088049889 4702
1649202276762 0.952134752869606 4752
1649202301688 0.7820434504747391 4802
1649202326920 0.8148293960094452 4852
1649202352327 0.7754836563766002 4902
1649202378396 0.8028454273939133 4952
1649202404105 0.7969861540198326 5002
1649202429674 0.8428440099954605 5052
1649202455230 0.8625668123364448 5102
1649202480275 0.7355025914311409 5152
1649202505673 0.7677049495279789 5202
1649202530992 0.8620953440666199 5252
1649202556300 0.814861236512661 5302
1649202581255 0.9476859772205353 5352
1649202606749 0.9044042241573333 5402
1649202631777 0.6841811561584472 5452
1649202656916 0.7102744054794311 5502
1649202682750 0.7432420064508914 5552
1649202708405 0.7318663659691811 5602
1649202733543 0.7944048830866813 5652
1649202758645 0.71070896089077 5702
1649202783856 0.7046659719944001 5752
1649202808912 0.8030449032783509 5802
1649202833869 0.8900248301029205 5852
1649202955448 0.8080763411521912 5903
1649202980665 0.8113281086087227 5953
1649203005839 0.8078812107443809 6003
1649203030853 0.7748277227580548 6053
1649203055795 0.7877005481719971 6103
1649203081151 0.7096644614636898 6153
1649203106534 0.8085691726207733 6203
1649203131248 0.7559234407544136 6253
1649203156852 0.7066946661472321 6303
1649203181841 0.6781826730072499 6353
1649203207227 0.7772333899140358 6403
1649203232435 0.8142614009976387 6453
1649203257777 0.8175827704370022 6503
1649203282996 0.6026340301334858 6553
1649203307733 0.7907759144902229 6603
1649203333041 0.7819065490365028 6653
1649203358792 0.6835996901988983 6703
1649203384174 0.8273159308731556 6753
1649203409323 0.8047663164138794 6803
1649203434426 0.7008257883787156 6853
1649203459703 0.6748898075520993 6903
1649203484877 0.6076469582319259 6953
1649203509880 0.7386000582575798 7003
1649203535186 0.760457347780466 7053
1649203560253 0.7679165068268776 7103
1649203585279 0.7048222154378891 7153
1649203610512 0.7705667993426323 7203
1649203635762 0.7420351484417915 7253
1649203661089 0.6770173807442188 7303
1649203686200 0.673040571808815 7353
1649203711145 0.8012587779760361 7403
1649203736314 0.6777379539608955 7453
1649203761665 0.7680646105110646 7503
1649203786796 0.8362577748298645 7553
1649203811796 0.7400299131870269 7603
1649203837018 0.8805704408884049 7653
1649203862848 0.7779565185308457 7703
1649203888394 0.6895476484298706 7753
1649203913684 0.7531632640957833 7803
1649204036392 0.5936676573753357 7854
1649204061410 0.62357482239604 7904
1649204087289 0.7087575265020132 7954
1649204113214 0.7642784388363362 8004
1649204138171 0.8554234553873539 8054
1649204163527 0.7108045181632042 8104
1649204188521 0.6738238967955112 8154
1649204213423 0.7039114105701446 8204
1649204238116 0.8122727662324906 8254
1649204263499 0.6916854800283909 8304
1649204289453 0.6112571980059147 8354
1649204315114 0.6980457791686058 8404
1649204340368 0.6359712965786457 8454
1649204365795 0.7903132976591587 8504
1649204390751 0.6654414102435112 8554
1649204416201 0.7114334496855735 8604
1649204441277 0.7713313674926758 8654
1649204466273 0.7650629708170891 8704
1649204491460 0.707787734568119 8754
1649204516899 0.7155383000522852 8804
1649204542281 0.721759139150381 8854
1649204567842 0.5822741286456585 8904
1649204593446 0.6822027835249901 8954
1649204619241 0.6730703872442245 9004
1649204644311 0.6083498486876487 9054
1649204669328 0.6596202847361564 9104
1649204694413 0.7618004907667637 9154
1649204719332 0.6844428332149982 9204
1649204744371 0.6854373458027839 9254
1649204769244 0.6328901673853398 9304
1649204794056 0.5817990569770336 9354
1649204819212 0.7232327267527581 9404
1649204844271 0.8564692556858062 9454
1649204869570 0.7739426517486572 9504
1649204894876 0.7139473409950733 9554
1649204920334 0.7623498815298081 9604
1649204945882 0.7065951138734817 9654
1649204970755 0.8147664895653725 9704
1649204995813 0.650657280087471 9754
1649205118222 0.6081047749519348 9805
1649205143512 0.7024222283065319 9855
1649205168139 0.5991479134559632 9905
1649205193315 0.6898659969866275 9955
1649205218369 0.5965135808289052 10005
1649205243730 0.6516078470647335 10055
1649205269759 0.6444460202753544 10105
1649205294786 0.6285510604083538 10155
1649205319825 0.6873129108548164 10205
1649205345553 0.6149251414835453 10255
1649205370390 0.5519716915488243 10305
1649205395711 0.7063080383837224 10355
1649205420951 0.697282662242651 10405
1649205445944 0.7336929023265839 10455
1649205471230 0.709988923817873 10505
1649205496133 0.7045726609230042 10555
1649205521073 0.6943834714591504 10605
1649205545859 0.7428884834051133 10655
1649205570849 0.7468623977899551 10705
1649205595987 0.6157190589606762 10755
1649205621196 0.7010001917183399 10805
1649205646268 0.5567476089298725 10855
1649205671267 0.6583179664611817 10905
1649205696295 0.6988077294826508 10955
1649205721359 0.7129286269843579 11005
1649205746729 0.5924063926935196 11055
1649205771687 0.7106406927108765 11105
1649205796769 0.6605056555569172 11155
1649205821872 0.6456543843448163 11205
1649205846925 0.7581083811819553 11255
1649205872338 0.7739450579881668 11305
1649205897488 0.7162612883746624 11355
1649205922586 0.6233615699410439 11405
1649205947864 0.713150432407856 11455
1649205972814 0.746320617198944 11505
1649205997628 0.6333650252223015 11555
1649206022849 0.6754066912829876 11605
1649206047974 0.604291532188654 11655
1649206073398 0.6972792601585388 11705
1649206196180 0.7665807650983334 11756
1649206221380 0.6201698556542397 11806
1649206246796 0.5347823294997215 11856
1649206271936 0.6729684574902057 11906
1649206297271 0.5628293487429619 11956
1649206322254 0.6409018877148628 12006
1649206347319 0.5800513637810946 12056
1649206372664 0.6614841344952583 12106
1649206397669 0.601472578048706 12156
1649206422934 0.6095950022339821 12206
1649206448265 0.6217413166165352 12256
1649206473097 0.5732285262644291 12306
1649206498117 0.6544633270800113 12356
1649206523264 0.6129074198007584 12406
1649206548703 0.5999372416734695 12456
1649206573742 0.5968367183208465 12506
1649206598894 0.6604685890674591 12556
1649206624598 0.5966732989251614 12606
1649206650569 0.6728176932036877 12656
1649206675496 0.5702853967994451 12706
1649206700645 0.60502546235919 12756
1649206725672 0.6071414612233639 12806
1649206750942 0.5692001469433308 12856
1649206776345 0.6065636169910431 12906
1649206801722 0.6442593756318092 12956
1649206826860 0.6550156021118164 13006
1649206852407 0.689480519592762 13056
1649206877284 0.685383679419756 13106
1649206902325 0.7113835881650448 13156
1649206927648 0.5542310380935669 13206
1649206953221 0.7471144168078899 13256
1649206978553 0.7270291537046433 13306
1649207004122 0.6783530527353286 13356
1649207029333 0.7533772277832032 13406
1649207054408 0.6524622765183449 13456
1649207079896 0.685848123729229 13506
1649207105334 0.6076222981512547 13556
1649207130191 0.6758946400880813 13606
1649207155309 0.6384507498145103 13656
1649207277823 0.5411783546209336 13707
1649207302924 0.6689797300100326 13757
1649207328019 0.5700119568407536 13807
1649207352994 0.5550455933809281 13857
1649207377737 0.6697095258533955 13907
1649207403138 0.5673677013814449 13957
1649207428533 0.6034637776017189 14007
1649207454260 0.5269656825810671 14057
1649207479316 0.6122793594002723 14107
1649207504975 0.5707162131369113 14157
1649207530465 0.6329994539916516 14207
1649207555605 0.5388787765055895 14257
1649207580740 0.5880380682647228 14307
1649207606221 0.5313807793706655 14357
1649207631680 0.5768152576684952 14407
1649207657252 0.5448229289054871 14457
1649207682621 0.5631190125644207 14507
1649207708326 0.6073244501650333 14557
1649207733736 0.6653154928982258 14607
1649207758906 0.7033843602240085 14657
1649207784397 0.5129676777124405 14707
1649207810154 0.5873213841021061 14757
1649207835640 0.5573154206573964 14807
1649207860819 0.6162621142715216 14857
1649207886040 0.5529404354840517 14907
1649207910944 0.6332831448316574 14957
1649207936071 0.6608184356987477 15007
1649207961216 0.6020222471654415 15057
1649207986424 0.5565840044617653 15107
1649208011773 0.5485732733458281 15157
1649208036647 0.6442374558746815 15207
1649208061606 0.48906067982316015 15257
1649208086779 0.6026116406917572 15307
1649208111782 0.7546651802212 15357
1649208136699 0.528657957315445 15407
1649208161911 0.773855240792036 15457
1649208186897 0.6006016272306443 15507
1649208212217 0.6043904739618301 15557
1649208237286 0.6897997766733169 15607
1649208360852 0.5350623698532582 15658
1649208385891 0.5728203600645065 15708
1649208410932 0.5523260541260242 15758
1649208435895 0.5820195912569761 15808
1649208460802 0.6243802300095558 15858
1649208486386 0.6055089312791825 15908
1649208511861 0.3636029048264027 15958
1649208537310 0.39060635313391684 16008
1649208562205 0.4194596377760172 16058
1649208587272 0.526564831212163 16108
1649208612366 0.5568069110810757 16158
1649208637420 0.4006773267686367 16208
1649208662810 0.48225381642580034 16258
1649208687872 0.4700410421937704 16308
1649208712849 0.3874353541433811 16358
1649208737983 0.5708085083216429 16408
1649208763424 0.5312294182181359 16458
1649208788535 0.5440434204041957 16508
1649208813429 0.3920877529680729 16558
1649208838496 0.5402773740887642 16608
1649208863921 0.4347115993499756 16658
1649208889077 0.4413615250587463 16708
1649208914177 0.5142919464409351 16758
1649208939385 0.42400825627148153 16808
1649208964523 0.47878768004477024 16858
1649208989309 0.37835602171719074 16908
1649209015554 0.46700885564088823 16958
1649209041203 0.38908710166811944 17008
1649209066437 0.4044861887395382 17058
1649209091827 0.43956728927791117 17108
1649209117518 0.44570933319628236 17158
1649209143220 0.4463448040187359 17208
1649209168871 0.5061997010558844 17258
1649209194054 0.4378680929541588 17308
1649209219334 0.5124158348143101 17358
1649209244416 0.5298577647656202 17408
1649209269620 0.4067965152859688 17458
1649209294744 0.4563598672300577 17508
1649209319831 0.4512053345888853 17558
1649209441657 0.4523381567001343 17609
1649209466983 0.3708922294527292 17659
1649209492252 0.49128327138721944 17709
1649209517273 0.3646979344636202 17759
1649209542199 0.5107450699806213 17809
1649209567589 0.38801041558384897 17859
1649209592300 0.37454800453037024 17909
1649209617573 0.398102722465992 17959
1649209643017 0.4429995369166136 18009
1649209667971 0.4453983194380999 18059
1649209693307 0.48611706640571356 18109
1649209718564 0.4014366753026843 18159
1649209744220 0.36779250256717205 18209
1649209769727 0.44856630586087703 18259
1649209794805 0.4698568971455097 18309
1649209819903 0.4167528965324163 18359
1649209845353 0.5352617274969816 18409
1649209870837 0.3658553325384855 18459
1649209895810 0.48602542862296105 18509
1649209920691 0.46770730935037136 18559
1649209945604 0.44616406943649056 18609
1649209970784 0.4903549460321665 18659
1649209995914 0.5338308903574943 18709
1649210020584 0.36296486027538777 18759
1649210045846 0.44098125874996186 18809
1649210070864 0.45913988530635835 18859
1649210095924 0.5025649733096361 18909
1649210120934 0.3687615287303925 18959
1649210145971 0.48789831042289733 19009
1649210170924 0.43801275044679644 19059
1649210195755 0.4913870711624622 19109
1649210221126 0.37900269135832787 19159
1649210246313 0.4383050262928009 19209
1649210271304 0.49087784744799134 19259
1649210296670 0.46347998537123203 19309
1649210321793 0.3720756771788001 19359
1649210346911 0.3736823569983244 19409
1649210372120 0.4184511175751686 19459
1649210396886 0.47761239916086196 19509
1649210518378 0.4178958711773157 19560
1649210543331 0.40805905517190694 19610
1649210568502 0.402694261148572 19660
1649210593530 0.43867506735026834 19710
1649210618582 0.4929527094215155 19760
1649210643276 0.37278650820255277 19810
1649210668629 0.4373155481368303 19860
1649210693763 0.39864974543452264 19910
1649210719055 0.4399514664709568 19960
1649210744006 0.5121764796227217 20010
1649210769464 0.47773250594735145 20060
1649210794954 0.40247436370700596 20110
1649210819777 0.405361093506217 20160
1649210844552 0.40419948648661375 20210
1649210870242 0.4363112808763981 20260
1649210895481 0.4970877642929554 20310
1649210920572 0.38280767515301706 20360
1649210945545 0.3153232729807496 20410
1649210970849 0.37122972957789896 20460
1649210995984 0.44001748263835905 20510
1649211020830 0.3817461551725864 20560
1649211045799 0.38873514100909234 20610
1649211070838 0.48402153871953485 20660
1649211095772 0.38720629204064605 20710
1649211120868 0.43644145358353853 20760
1649211145548 0.37827179349958895 20810
1649211170709 0.37178082674741747 20860
1649211195920 0.3881118615716696 20910
1649211221037 0.4205842872709036 20960
1649211246417 0.4606503161787987 21010
1649211271795 0.42791556984186174 21060
1649211297002 0.41122518114745615 21110
1649211322488 0.3874136713147163 21160
1649211347558 0.39637075178325176 21210
1649211373310 0.3694681625813246 21260
1649211398521 0.4271100928261876 21310
1649211423459 0.36663552664220334 21360
1649211448156 0.3559382921457291 21410
1649211473324 0.4340148227661848 21460
1649211594299 0.43050152249634266 21511
1649211619372 0.37784476071596146 21561
1649211644820 0.4380454042553902 21611
1649211670041 0.41310568384826185 21661
1649211695377 0.40762661028653385 21711
1649211720991 0.3882712911814451 21761
1649211746328 0.3646528846770525 21811
1649211771403 0.3454882425814867 21861
1649211797215 0.35889649130403994 21911
1649211822273 0.3259264251962304 21961
1649211847373 0.39389284551143644 22011
1649211872891 0.4337969713658094 22061
1649211898691 0.39255386605858805 22111
1649211924224 0.4169268403947353 22161
1649211948905 0.35218118157237766 22211
1649211974332 0.3640550222992897 22261
1649212000176 0.2957262359559536 22311
1649212025303 0.481812737211585 22361
1649212050423 0.4751982048898935 22411
1649212075797 0.32581982731819153 22461
1649212101252 0.4220140267908573 22511
1649212127007 0.3234845293313265 22561
1649212152261 0.3485509600490332 22611
1649212177167 0.47611052725464104 22661
1649212202149 0.34313785765320065 22711
1649212227389 0.4606465232372284 22761
1649212252466 0.43399078205227853 22811
1649212277713 0.43441088844090703 22861
1649212302479 0.41348456639796494 22911
1649212327304 0.4400243354588747 22961
1649212352408 0.37112384468317033 23011
1649212377293 0.42578694663941863 23061
1649212401955 0.4029622215032578 23111
1649212427277 0.39338420927524564 23161
1649212452527 0.3178527215868235 23211
1649212477417 0.3351719235256314 23261
1649212502877 0.38421089828014376 23311
1649212527844 0.30478457555174826 23361
1649212553394 0.4880409013479948 23411
