1649199410915 0.6543091094493866 50
1649199456968 0.44987308502197265 100
1649199502723 0.2181053501367569 150
1649199548396 0.1490377364307642 200
1649199594017 0.10152724839746952 250
1649199639649 0.11416924390941859 300
1649199685031 0.09428030021488666 350
1649199730528 0.0722021209448576 400
1649199776052 0.0721448216214776 450
1649199821202 0.07848359074443578 500
1649199866638 0.06900479493662715 550
1649199912672 0.11337373321875929 600
1649199958416 0.06461023489013314 650
1649200004177 0.06437741842120887 700
1649200049745 0.06501970359124243 750
1649200088256 0.059108179565519094 800
1649200113688 0.05605975027196109 850
1649200139464 0.0626248901989311 900
1649200164789 0.05561003400012851 950
1649200190234 0.05382639150135219 1000
1649200215699 0.049098621252924204 1050
1649200241952 0.05597220594063401 1100
1649200267372 0.04960934418253601 1150
1649200292860 0.04995131900534034 1200
1649200318267 0.04581309286877513 1250
1649200343239 0.05855285907629877 1300
1649200368867 0.05192116395570338 1350
1649200393842 0.04390953506808728 1400
1649200419264 0.04243065342307091 1450
1649200444656 0.06537734387442469 1500
1649200469583 0.04018645437434316 1550
1649200494774 0.0662837915495038 1600
1649200519915 0.05526579106692225 1650
1649200545314 0.05170602727681398 1700
1649200570610 0.0628421313688159 1750
1649200595830 0.04551397014409304 1800
1649200621278 0.06292407054454088 1850
1649200646399 0.040040756640955806 1900
1649200671282 0.05484420202672482 1950
1649200794677 0.03887182189617306 2001
1649200819937 0.04064452705904841 2051
1649200844979 0.039060762342996894 2101
1649200869635 0.04156259604264051 2151
1649200894920 0.04639362471178174 2201
1649200919915 0.035953107292298225 2251
1649200944737 0.046956825130619106 2301
1649200969890 0.04841918645426631 2351
1649200995027 0.04758761913515627 2401
1649201020337 0.034098078492097554 2451
1649201045321 0.040884483922272924 2501
1649201070372 0.04149371912237257 2551
1649201095214 0.04809399165213108 2601
1649201120405 0.07704287314321846 2651
1649201145340 0.05440276984125376 2701
1649201170184 0.040502459141425785 2751
1649201195328 0.04003750218078494 2801
1649201220358 0.03646871847100556 2851
1649201245230 0.05174678442068398 2901
1649201270673 0.03930413537658751 2951
1649201296281 0.044481989778578285 3001
1649201321335 0.04057017848826945 3051
1649201345942 0.03967062682611868 3101
1649201370970 0.0354404859431088 3151
1649201396508 0.039574643371161074 3201
1649201421545 0.03578907922608778 3251
1649201446270 0.036677177781239155 3301
1649201471711 0.029856157684698702 3351
1649201497489 0.05129269828787073 3401
1649201522549 0.04301118937321007 3451
1649201547820 0.05271169597748667 3501
1649201572700 0.048244361584074795 3551
1649201597726 0.040776379599701616 3601
1649201622832 0.042377129772212356 3651
1649201647895 0.039286847633775324 3701
1649201673389 0.03871267495676875 3751
1649201698690 0.03590454633813352 3801
1649201723483 0.03630868504755199 3851
1649201748285 0.043592585835140196 3901
1649201873199 0.032592556783929465 3952
1649201898715 0.029822148263920097 4002
1649201924850 0.0339894797699526 4052
1649201949713 0.04433866237290204 4102
1649201975083 0.025434502062853425 4152
1649202000247 0.037209488321095704 4202
1649202025276 0.03373292870586738 4252
1649202050779 0.03571190014365129 4302
1649202075907 0.04375935985299293 4352
1649202101250 0.03599982323125005 4402
1649202126416 0.026313268411904574 4452
1649202151851 0.034523076857440174 4502
1649202176712 0.03166799475322477 4552
1649202201769 0.02984238199656829 4602
1649202226802 0.03224339198495727 4652
1649202251791 0.035713150571100416 4702
1649202276762 0.04080470212269574 4752
1649202301688 0.035811265278607604 4802
1649202326920 0.033178469026461245 4852
1649202352327 0.0460571488388814 4902
1649202378396 0.028210278265178204 4952
1649202404105 0.042397641090210526 5002
1649202429674 0.034851879850029945 5052
1649202455230 0.037151786787435415 5102
1649202480275 0.03183160819578916 5152
1649202505673 0.03795423365663737 5202
1649202530992 0.03670739632798359 5252
1649202556300 0.03576956673292443 5302
1649202581255 0.044512372869066896 5352
1649202606749 0.035006925300695005 5402
1649202631777 0.025612768868450077 5452
1649202656916 0.03268606728408486 5502
1649202682750 0.03641063568764366 5552
1649202708405 0.03862402812577784 5602
1649202733543 0.03113132044207305 5652
1649202758645 0.037950701450463385 5702
1649202783856 0.03050370741635561 5752
1649202808912 0.03308401058427989 5802
1649202833869 0.03463461711071432 5852
1649202955448 0.028500379903416615 5903
1649202980665 0.033727706774370744 5953
1649203005839 0.04474693252705038 6003
1649203030853 0.03205011435900815 6053
1649203055795 0.03474668829934671 6103
1649203081151 0.026518218376440927 6153
1649203106534 0.033912574504502115 6203
1649203131248 0.02912298736628145 6253
1649203156852 0.02737078905222006 6303
1649203181841 0.025806526159867643 6353
1649203207227 0.0324699877994135 6403
1649203232435 0.03420522536151111 6453
1649203257777 0.027638258673250676 6503
1649203282996 0.021559982355684043 6553
1649203307733 0.03456549163442105 6603
1649203333041 0.02792176625225693 6653
1649203358792 0.03217287588166073 6703
1649203384174 0.030324039729312063 6753
1649203409323 0.029989817950408906 6803
1649203434426 0.027027859700028786 6853
1649203459703 0.027036181727889925 6903
1649203484877 0.019703742964193225 6953
1649203509880 0.03129791721235961 7003
1649203535186 0.02840525786858052 7053
1649203560253 0.043788372396957126 7103
1649203585279 0.028173667192459107 7153
1649203610512 0.03157171493396163 7203
1649203635762 0.03373115467256867 7253
1649203661089 0.02617784094531089 7303
1649203686200 0.025789116332307457 7353
1649203711145 0.031012878611218184 7403
1649203736314 0.024771724968450145 7453
1649203761665 0.032149303449550644 7503
1649203786796 0.04128744802670553 7553
1649203811796 0.0336049553391058 7603
1649203837018 0.03126480031758547 7653
1649203862848 0.027183455262565985 7703
1649203888394 0.03388335893163458 7753
1649203913684 0.03163566078059375 7803
1649204036392 0.024038681455422192 7854
1649204061410 0.02149548907938879 7904
1649204087289 0.02399110307916999 7954
1649204113214 0.025537972054444254 8004
1649204138171 0.02778268897323869 8054
1649204163527 0.02367563360603526 8104
1649204188521 0.02361750815762207 8154
1649204213423 0.02385018936707638 8204
1649204238116 0.03128302895580418 8254
1649204263499 0.026432563111884518 8304
1649204289453 0.02086429578601383 8354
1649204315114 0.02559430389199406 8404
1649204340368 0.03952793965174351 8454
1649204365795 0.02794048046460375 8504
1649204390751 0.024099701462546363 8554
1649204416201 0.03164693435071968 8604
1649204441277 0.024045800894964487 8654
1649204466273 0.032642556129430886 8704
1649204491460 0.024933981313370168 8754
1649204516899 0.02657710574392695 8804
1649204542281 0.030331857921555638 8854
1649204567842 0.023688829658785836 8904
1649204593446 0.023084574409294872 8954
1649204619241 0.02103733126190491 9004
1649204644311 0.01951152834983077 9054
1649204669328 0.024793074065819383 9104
1649204694413 0.03170708057004958 9154
1649204719332 0.02835388877429068 9204
1649204744371 0.025890698309522123 9254
1649204769244 0.02375102665508166 9304
1649204794056 0.023666603193851186 9354
1649204819212 0.029204056535381825 9404
1649204844271 0.03972398632671684 9454
1649204869570 0.028476586220785974 9504
1649204894876 0.02654890914214775 9554
1649204920334 0.03341877554543316 9604
1649204945882 0.02668255400378257 9654
1649204970755 0.03300859811948612 9704
1649204995813 0.022857613139785828 9754
1649205118222 0.017946088719181717 9805
1649205143512 0.03076617316226475 9855
1649205168139 0.022540646392153574 9905
1649205193315 0.02425900016212836 9955
1649205218369 0.021630500925239174 10005
1649205243730 0.024907946339808404 10055
1649205269759 0.02354054316529073 10105
1649205294786 0.02171741442522034 10155
1649205319825 0.028594189329305665 10205
1649205345553 0.024645700047258287 10255
1649205370390 0.025204199349973352 10305
1649205395711 0.02506431845482439 10355
1649205420951 0.02599517152644694 10405
1649205445944 0.026237538473214955 10455
1649205471230 0.02652559584239498 10505
1649205496133 0.02753810575697571 10555
1649205521073 0.026063824908342213 10605
1649205545859 0.02690948311239481 10655
1649205570849 0.028137148243840785 10705
1649205595987 0.017985966819687747 10755
1649205621196 0.025569854802452028 10805
1649205646268 0.018449758430942893 10855
1649205671267 0.019973135187756272 10905
1649205696295 0.02562088148086332 10955
1649205721359 0.026879022892098873 11005
1649205746729 0.023154270359082147 11055
1649205771687 0.02043260951904813 11105
1649205796769 0.027191296770470216 11155
1649205821872 0.023159669828019105 11205
1649205846925 0.030842894865199925 11255
1649205872338 0.026827390948310496 11305
1649205897488 0.03115649246959947 11355
1649205922586 0.02221570772700943 11405
1649205947864 0.021927493789698927 11455
1649205972814 0.03561925576883368 11505
1649205997628 0.026005036944989113 11555
1649206022849 0.025013956199400125 11605
1649206047974 0.01709274177905172 11655
1649206073398 0.02337784463656135 11705
1649206196180 0.03148794069886208 11756
1649206221380 0.02002032281830907 11806
1649206246796 0.018680694126524032 11856
1649206271936 0.022745464654872195 11906
1649206297271 0.02068088869971689 11956
1649206322254 0.025195348238921726 12006
1649206347319 0.01939902610844001 12056
1649206372664 0.020019813388353215 12106
1649206397669 0.01870023067924194 12156
1649206422934 0.0203176850755699 12206
1649206448265 0.02288693086244166 12256
1649206473097 0.02456673660548404 12306
1649206498117 0.021042235968634485 12356
1649206523264 0.019759803371271117 12406
1649206548703 0.021309083916712553 12456
1649206573742 0.020728257930604743 12506
1649206598894 0.026028811828873587 12556
1649206624598 0.026466571309138088 12606
1649206650569 0.022420767662115395 12656
1649206675496 0.01578883036330808 12706
1649206700645 0.018150382072199135 12756
1649206725672 0.02504904577508569 12806
1649206750942 0.017440265238983555 12856
1649206776345 0.0181538260076195 12906
1649206801722 0.024062694313470273 12956
1649206826860 0.020738410335616207 13006
1649206852407 0.02113646250567399 13056
1649206877284 0.02840185845940141 13106
1649206902325 0.02615392263396643 13156
1649206927648 0.022006363674881867 13206
1649206953221 0.03268147801049054 13256
1649206978553 0.026092809344409034 13306
1649207004122 0.025762628191150726 13356
1649207029333 0.023837125918944366 13406
1649207054408 0.023945527633186428 13456
1649207079896 0.019143707600305787 13506
1649207105334 0.022819571819272823 13556
1649207130191 0.029181022627744822 13606
1649207155309 0.02178111674496904 13656
1649207277823 0.0160007078624767 13707
1649207302924 0.019750048880232497 13757
1649207328019 0.020594767408911138 13807
1649207352994 0.017342951602768154 13857
1649207377737 0.021280837433587295 13907
1649207403138 0.01719999803113751 13957
1649207428533 0.019312521748943254 14007
1649207454260 0.018617671405081637 14057
1649207479316 0.020876183724030852 14107
1649207504975 0.01823748692055233 14157
1649207530465 0.022166664962423966 14207
1649207555605 0.015527899366570636 14257
1649207580740 0.015732753344636877 14307
1649207606221 0.013787919322494417 14357
1649207631680 0.01733106369007146 14407
1649207657252 0.01570738883689046 14457
1649207682621 0.01771686703839805 14507
1649207708326 0.01994153224863112 14557
1649207733736 0.022500016213743947 14607
1649207758906 0.024113552982453258 14657
1649207784397 0.01614872929552803 14707
1649207810154 0.023451675343094395 14757
1649207835640 0.027212360683479347 14807
1649207860819 0.016133125654887406 14857
1649207886040 0.01603407530928962 14907
1649207910944 0.017493665579822845 14957
1649207936071 0.024055955614967386 15007
1649207961216 0.023620106193702667 15057
1649207986424 0.020855912773404272 15107
1649208011773 0.016820357178803532 15157
1649208036647 0.019646157014649362 15207
1649208061606 0.017626053751446307 15257
1649208086779 0.0221002367103938 15307
1649208111782 0.033926355843432246 15357
1649208136699 0.019435043935663997 15407
1649208161911 0.02743692169082351 15457
1649208186897 0.018846252032089977 15507
1649208212217 0.018274400586960837 15557
1649208237286 0.02635631261044182 15607
1649208360852 0.015256626505288296 15658
1649208385891 0.017077903330209664 15708
1649208410932 0.018791823579231277 15758
1649208435895 0.016455463222810066 15808
1649208460802 0.020119359791278837 15858
1649208486386 0.01820787134754937 15908
1649208511861 0.011866739009565207 15958
1649208537310 0.010700343019561843 16008
1649208562205 0.011611445073504001 16058
1649208587272 0.01438597173197195 16108
1649208612366 0.014401447551790625 16158
1649208637420 0.010030769207078264 16208
1649208662810 0.017289514287840577 16258
1649208687872 0.012959951971715782 16308
1649208712849 0.009811706665495877 16358
1649208737983 0.018008021194837055 16408
1649208763424 0.015162618493195622 16458
1649208788535 0.015751897698501126 16508
1649208813429 0.010610509622492827 16558
1649208838496 0.016209895798237995 16608
1649208863921 0.013088951053796337 16658
1649208889077 0.011302646532421932 16708
1649208914177 0.012372856567963027 16758
1649208939385 0.013139090261247474 16808
1649208964523 0.016435491433076096 16858
1649208989309 0.012972845297626918 16908
1649209015554 0.012468294027203229 16958
1649209041203 0.01308092198887607 17008
1649209066437 0.009996753361774609 17058
1649209091827 0.012736514054122381 17108
1649209117518 0.010418598414107692 17158
1649209143220 0.01503425080140005 17208
1649209168871 0.013792366889829282 17258
1649209194054 0.01430581630585948 17308
1649209219334 0.012860030862211715 17358
1649209244416 0.013794698964338749 17408
1649209269620 0.011874490265036002 17458
1649209294744 0.010739874961436725 17508
1649209319831 0.010935007789812516 17558
1649209441657 0.0132216106983833 17609
1649209466983 0.011355809616798069 17659
1649209492252 0.012210858160542556 17709
1649209517273 0.010140001848340035 17759
1649209542199 0.010913733436609618 17809
1649209567589 0.011825334366003517 17859
1649209592300 0.00950341566465795 17909
1649209617573 0.010132676424691454 17959
1649209643017 0.014371554528806882 18009
1649209667971 0.011954993387043943 18059
1649209693307 0.014161972800502553 18109
1649209718564 0.011598865798441693 18159
1649209744220 0.009358805208175908 18209
1649209769727 0.012557548810145818 18259
1649209794805 0.015500064376974479 18309
1649209819903 0.010042260540576536 18359
1649209845353 0.013376603554715984 18409
1649209870837 0.011315841687319335 18459
1649209895810 0.012628128153737634 18509
1649209920691 0.01329651684849523 18559
1649209945604 0.012402982780331513 18609
1649209970784 0.013464187596982811 18659
1649209995914 0.020927955947699958 18709
1649210020584 0.010559488603903447 18759
1649210045846 0.01090028647595318 18809
1649210070864 0.014593697405434796 18859
1649210095924 0.014459780483448412 18909
1649210120934 0.010858677311334759 18959
1649210145971 0.013618848954210989 19009
1649210170924 0.012854926120489836 19059
1649210195755 0.014841952685965226 19109
1649210221126 0.01130101601491333 19159
1649210246313 0.013079301641555503 19209
1649210271304 0.013747034194529988 19259
1649210296670 0.011773318230116275 19309
1649210321793 0.009998301337182056 19359
1649210346911 0.010445934886956821 19409
1649210372120 0.011499278310293449 19459
1649210396886 0.012595700213569216 19509
1649210518378 0.013873144518584013 19560
1649210543331 0.011967803214065497 19610
1649210568502 0.01178843733854592 19660
1649210593530 0.01181416810490191 19710
1649210618582 0.013392052639392204 19760
1649210643276 0.011187631283974042 19810
1649210668629 0.01202158150554169 19860
1649210693763 0.01103751574002672 19910
1649210719055 0.010104934652335942 19960
1649210744006 0.018709309621190186 20010
1649210769464 0.014633679436228704 20060
1649210794954 0.012610745687561575 20110
1649210819777 0.011426714099798119 20160
1649210844552 0.011475429660931695 20210
1649210870242 0.012248478448600508 20260
1649210895481 0.014753329084487631 20310
1649210920572 0.009354688454113785 20360
1649210945545 0.010689776208309923 20410
1649210970849 0.010681091427104548 20460
1649210995984 0.012978936955041718 20510
1649211020830 0.010106572918593883 20560
1649211045799 0.009557006892573555 20610
1649211070838 0.014247538096969947 20660
1649211095772 0.009560531325114426 20710
1649211120868 0.009799999505630694 20760
1649211145548 0.011268382311682217 20810
1649211170709 0.010409334017749643 20860
1649211195920 0.011194024051728774 20910
1649211221037 0.010740406249533407 20960
1649211246417 0.01057301064254716 21010
1649211271795 0.013578355050922255 21060
1649211297002 0.011170202552166301 21110
1649211322488 0.008682924692402593 21160
1649211347558 0.01318871285257046 21210
1649211373310 0.010712383531499654 21260
1649211398521 0.012028396680543665 21310
1649211423459 0.009442469974164851 21360
1649211448156 0.010696076061867643 21410
1649211473324 0.011858049402071628 21460
1649211594299 0.009933233024785295 21511
1649211619372 0.010618826532372623 21561
1649211644820 0.01068097801238764 21611
1649211670041 0.011193321098107844 21661
1649211695377 0.012350559427432017 21711
1649211720991 0.007926043904590188 21761
1649211746328 0.0108479319010803 21811
1649211771403 0.008335155013483017 21861
1649211797215 0.00993129789159866 21911
1649211822273 0.007924925047846046 21961
1649211847373 0.012288127237407026 22011
1649211872891 0.010690399824816267 22061
1649211898691 0.008391461712308227 22111
1649211924224 0.011749757802899694 22161
1649211948905 0.010851065891911276 22211
1649211974332 0.010249597603979055 22261
1649212000176 0.006794060388492653 22311
1649212025303 0.013658822066354333 22361
1649212050423 0.01572825711336918 22411
1649212075797 0.00789554447226692 22461
1649212101252 0.010678366576321423 22511
1649212127007 0.007828006898635068 22561
1649212152261 0.01047795108781429 22611
1649212177167 0.014973523529770319 22661
1649212202149 0.009092619182993075 22711
1649212227389 0.011331319466262358 22761
1649212252466 0.011396468674065545 22811
1649212277713 0.013021525824151468 22861
1649212302479 0.012967308487859555 22911
1649212327304 0.011473624541831668 22961
1649212352408 0.009214837266772519 23011
1649212377293 0.010902972656767816 23061
1649212401955 0.010429795093368738 23111
1649212427277 0.012992150434220093 23161
1649212452527 0.0069182267504220366 23211
1649212477417 0.010104151128834928 23261
1649212502877 0.009425063035159838 23311
1649212527844 0.007957493541252915 23361
1649212553394 0.015098949720231758 23411
