1649199410915 0.04628504349850118 50
1649199456968 0.042131141610443595 100
1649199502723 0.0465897461399436 150
1649199548396 0.04023458431474865 200
1649199594017 0.032822307404130696 250
1649199639649 0.052330529056489467 300
1649199685031 0.04019642156548798 350
1649199730528 0.03653235219884664 400
1649199776052 0.03580989925656468 450
1649199821202 0.04470303197624162 500
1649199866638 0.03969037018017843 550
1649199912672 0.05870480175130069 600
1649199958416 0.03904517624061555 650
1649200004177 0.04171742441132665 700
1649200049745 0.043698340002447364 750
1649200088256 0.04351038738153875 800
1649200113688 0.04000705390702933 850
1649200139464 0.03858942096121609 900
1649200164789 0.042352075474336746 950
1649200190234 0.03591626276494935 1000
1649200215699 0.03230540718883276 1050
1649200241952 0.040189204094931485 1100
1649200267372 0.02783891200553626 1150
1649200292860 0.03026409104000777 1200
1649200318267 0.028951608524657786 1250
1649200343239 0.039656000332906845 1300
1649200368867 0.029856753954663872 1350
1649200393842 0.03088335187640041 1400
1649200419264 0.0247538423165679 1450
1649200444656 0.038334573040483516 1500
1649200469583 0.023606435297988355 1550
1649200494774 0.04751653506420553 1600
1649200519915 0.0337427696888335 1650
1649200545314 0.04142290122807026 1700
1649200570610 0.03902608518954367 1750
1649200595830 0.03238749423879199 1800
1649200621278 0.04117226607166231 1850
1649200646399 0.024688422547187658 1900
1649200671282 0.050990668113809076 1950
1649200794677 0.03116237767972052 2001
1649200819937 0.03185579574666917 2051
1649200844979 0.028633143512997776 2101
1649200869635 0.026806145764421672 2151
1649200894920 0.03689297886565328 2201
1649200919915 0.032068971851840614 2251
1649200944737 0.03885980121791363 2301
1649200969890 0.04191772420890629 2351
1649200995027 0.03510179516393691 2401
1649201020337 0.028415019735693933 2451
1649201045321 0.02595006502699107 2501
1649201070372 0.034525463334284724 2551
1649201095214 0.03234316056361422 2601
1649201120405 0.04509526859503239 2651
1649201145340 0.046204097694717346 2701
1649201170184 0.02796008288161829 2751
1649201195328 0.03373095403658226 2801
1649201220358 0.02523203942226246 2851
1649201245230 0.036819389138836416 2901
1649201270673 0.02952770041534677 2951
1649201296281 0.036598479324020446 3001
1649201321335 0.03370914967730641 3051
1649201345942 0.03219686232507229 3101
1649201370970 0.024056928562931717 3151
1649201396508 0.030991364596411587 3201
1649201421545 0.03355059472378343 3251
1649201446270 0.02527034201193601 3301
1649201471711 0.025767076876945794 3351
1649201497489 0.03796819675713778 3401
1649201522549 0.02849579118657857 3451
1649201547820 0.03910963443107903 3501
1649201572700 0.045745056909509 3551
1649201597726 0.031232390752993524 3601
1649201622832 0.03498776599764824 3651
1649201647895 0.02905531015712768 3701
1649201673389 0.03050741143990308 3751
1649201698690 0.026827291387598963 3801
1649201723483 0.03250029116868973 3851
1649201748285 0.037299822848290205 3901
1649201873199 0.02672321750316769 3952
1649201898715 0.028380474868463353 4002
1649201924850 0.03344509035814554 4052
1649201949713 0.03958892907015979 4102
1649201975083 0.023419421189464627 4152
1649202000247 0.031292514270171524 4202
1649202025276 0.026956456089392303 4252
1649202050779 0.025664717580657453 4302
1649202075907 0.03370042518246919 4352
1649202101250 0.032061842118855564 4402
1649202126416 0.03529014182742685 4452
1649202151851 0.03169474634109065 4502
1649202176712 0.030365689813625068 4552
1649202201769 0.03104187029181048 4602
1649202226802 0.034273457884555686 4652
1649202251791 0.03597429292742163 4702
1649202276762 0.034415850767400114 4752
1649202301688 0.0294077366637066 4802
1649202326920 0.028445804896764456 4852
1649202352327 0.029226361515466124 4902
1649202378396 0.032877352426294235 4952
1649202404105 0.029602104402147233 5002
1649202429674 0.027762758675962687 5052
1649202455230 0.02973394562024623 5102
1649202480275 0.027040331163443624 5152
1649202505673 0.02918792773038149 5202
1649202530992 0.03443626126740128 5252
1649202556300 0.03402002682210878 5302
1649202581255 0.03035902441246435 5352
1649202606749 0.037359940577298405 5402
1649202631777 0.02531707484740764 5452
1649202656916 0.026596195101737975 5502
1649202682750 0.02832030692137778 5552
1649202708405 0.0320378238428384 5602
1649202733543 0.020873945261118933 5652
1649202758645 0.027631395128555596 5702
1649202783856 0.02098116084933281 5752
1649202808912 0.026801318554207684 5802
1649202833869 0.02869835975114256 5852
1649202955448 0.027961471118032932 5903
1649202980665 0.029224359684158117 5953
1649203005839 0.02879394139163196 6003
1649203030853 0.03313622215297073 6053
1649203055795 0.03182943543419242 6103
1649203081151 0.028256162425968796 6153
1649203106534 0.027746522524394093 6203
1649203131248 0.03363358730217442 6253
1649203156852 0.022445404333993793 6303
1649203181841 0.02682252656435594 6353
1649203207227 0.028564672479406 6403
1649203232435 0.030303677592892198 6453
1649203257777 0.03274579930817709 6503
1649203282996 0.021603894005529582 6553
1649203307733 0.036367459213361146 6603
1649203333041 0.026268360554240644 6653
1649203358792 0.03307865114649758 6703
1649203384174 0.03312439801869914 6753
1649203409323 0.028734273668378593 6803
1649203434426 0.02242164662806317 6853
1649203459703 0.027423162079649045 6903
1649203484877 0.015445451511768625 6953
1649203509880 0.026420083986595275 7003
1649203535186 0.02888102807570249 7053
1649203560253 0.028740361272357403 7103
1649203585279 0.02321206939406693 7153
1649203610512 0.028252564962022008 7203
1649203635762 0.02695832237135619 7253
1649203661089 0.029016574260313063 7303
1649203686200 0.0242993966024369 7353
1649203711145 0.029201634674100207 7403
1649203736314 0.023440960634034128 7453
1649203761665 0.03309635495301336 7503
1649203786796 0.03770973338512704 7553
1649203811796 0.026831518681719898 7603
1649203837018 0.029401004723040386 7653
1649203862848 0.0246082134405151 7703
1649203888394 0.0268615607265383 7753
1649203913684 0.025468449271284044 7803
1649204036392 0.019947149602230638 7854
1649204061410 0.019350617069285363 7904
1649204087289 0.02532241996843368 7954
1649204113214 0.029040150539949537 8004
1649204138171 0.030409290324896573 8054
1649204163527 0.025015492506790905 8104
1649204188521 0.020236487364163624 8154
1649204213423 0.023873731635976583 8204
1649204238116 0.037521613149438054 8254
1649204263499 0.028865881841629745 8304
1649204289453 0.026873367861844598 8354
1649204315114 0.023073730112519116 8404
1649204340368 0.028721186998300254 8454
1649204365795 0.03429667592979967 8504
1649204390751 0.024126504817977547 8554
1649204416201 0.02918115891283378 8604
1649204441277 0.03228475651703775 8654
1649204466273 0.029245387651026248 8704
1649204491460 0.026972931541968136 8754
1649204516899 0.030141404119785876 8804
1649204542281 0.030293942794669418 8854
1649204567842 0.022989237599540503 8904
1649204593446 0.027840052817482502 8954
1649204619241 0.02090187500580214 9004
1649204644311 0.019218616485595703 9054
1649204669328 0.026869330164045094 9104
1649204694413 0.03830126655753702 9154
1649204719332 0.024876758926548063 9204
1649204744371 0.02621222598827444 9254
1649204769244 0.023990612120833248 9304
1649204794056 0.021801600770559162 9354
1649204819212 0.026080476585775614 9404
1649204844271 0.030871831350959836 9454
1649204869570 0.02748879525344819 9504
1649204894876 0.026849776809103786 9554
1649204920334 0.03358461030060425 9604
1649204945882 0.025626018136972562 9654
1649204970755 0.03486640188843012 9704
1649204995813 0.024406605320982634 9754
1649205118222 0.02202489349991083 9805
1649205143512 0.03148864597547799 9855
1649205168139 0.024137977876234798 9905
1649205193315 0.03666964612202719 9955
1649205218369 0.023968535140156746 10005
1649205243730 0.02487050469731912 10055
1649205269759 0.023190189611632377 10105
1649205294786 0.028693578424863517 10155
1649205319825 0.03022065335419029 10205
1649205345553 0.025366710897069423 10255
1649205370390 0.01701215582434088 10305
1649205395711 0.025000419169664383 10355
1649205420951 0.028368840771727265 10405
1649205445944 0.027182315811514854 10455
1649205471230 0.02903101291041821 10505
1649205496133 0.025962857042904942 10555
1649205521073 0.0272607066296041 10605
1649205545859 0.02792171507026069 10655
1649205570849 0.0308230523718521 10705
1649205595987 0.026587671705055983 10755
1649205621196 0.02520897294394672 10805
1649205646268 0.022891472079791128 10855
1649205671267 0.02281418301863596 10905
1649205696295 0.022391389773692937 10955
1649205721359 0.023043936650501563 11005
1649205746729 0.021392083920072764 11055
1649205771687 0.027691901752259582 11105
1649205796769 0.026351932934485376 11155
1649205821872 0.026662621709983795 11205
1649205846925 0.03056352700572461 11255
1649205872338 0.02889951201621443 11305
1649205897488 0.029183594514615833 11355
1649205922586 0.024082607014570385 11405
1649205947864 0.025029994242358952 11455
1649205972814 0.03588054952211678 11505
1649205997628 0.021325871553272008 11555
1649206022849 0.022108070298563688 11605
1649206047974 0.02165377188939601 11655
1649206073398 0.021492158457404 11705
1649206196180 0.03076117846183479 11756
1649206221380 0.02626898492919281 11806
1649206246796 0.017430621152743696 11856
1649206271936 0.030018638987094164 11906
1649206297271 0.022203542820643633 11956
1649206322254 0.023021271075122057 12006
1649206347319 0.018825707144569607 12056
1649206372664 0.022376922020921484 12106
1649206397669 0.020011410317383706 12156
1649206422934 0.020371941921766848 12206
1649206448265 0.025198840904049575 12256
1649206473097 0.02434620956191793 12306
1649206498117 0.027476135756005535 12356
1649206523264 0.020675981017993762 12406
1649206548703 0.02054802362807095 12456
1649206573742 0.028633632524870337 12506
1649206598894 0.024917145578656347 12556
1649206624598 0.02817824755096808 12606
1649206650569 0.028564233535435052 12656
1649206675496 0.01584431321476586 12706
1649206700645 0.023904736801050604 12756
1649206725672 0.02491812895750627 12806
1649206750942 0.017662191886920482 12856
1649206776345 0.023569431283976882 12906
1649206801722 0.028273985160049052 12956
1649206826860 0.02206497103907168 13006
1649206852407 0.030041611529886724 13056
1649206877284 0.03069403050467372 13106
1649206902325 0.0250612476374954 13156
1649206927648 0.023969172269571574 13206
1649206953221 0.02709889654070139 13256
1649206978553 0.03230341909453273 13306
1649207004122 0.03399266596417874 13356
1649207029333 0.029001261026132853 13406
1649207054408 0.02379687102511525 13456
1649207079896 0.022599319666624068 13506
1649207105334 0.030370136727578937 13556
1649207130191 0.03469198514241725 13606
1649207155309 0.023977881961036472 13656
1649207277823 0.023585521925706416 13707
1649207302924 0.024592329531442372 13757
1649207328019 0.02439875659183599 13807
1649207352994 0.031711279035080225 13857
1649207377737 0.03176820612396113 13907
1649207403138 0.02458474298240617 13957
1649207428533 0.02640164172742516 14007
1649207454260 0.022710325128864495 14057
1649207479316 0.024980596103705465 14107
1649207504975 0.024448474892415105 14157
1649207530465 0.02274779548170045 14207
1649207555605 0.018571906979195772 14257
1649207580740 0.024270952341612428 14307
1649207606221 0.018598629615735263 14357
1649207631680 0.024899493858683855 14407
1649207657252 0.017744340053759515 14457
1649207682621 0.02131699037505314 14507
1649207708326 0.02083769364049658 14557
1649207733736 0.027616254147142173 14607
1649207758906 0.02915268407901749 14657
1649207784397 0.023281213983427734 14707
1649207810154 0.02281300606788136 14757
1649207835640 0.02137066824361682 14807
1649207860819 0.023386254373472182 14857
1649207886040 0.021312168014701455 14907
1649207910944 0.023851584491785614 14957
1649207936071 0.026421380195533858 15007
1649207961216 0.026717440467327835 15057
1649207986424 0.027111236471682787 15107
1649208011773 0.02172445920528844 15157
1649208036647 0.026295808074064553 15207
1649208061606 0.02176477701868862 15257
1649208086779 0.0282063757465221 15307
1649208111782 0.031333128823898736 15357
1649208136699 0.020365405685734004 15407
1649208161911 0.033261467427946625 15457
1649208186897 0.022721525428351014 15507
1649208212217 0.024735562922433018 15557
1649208237286 0.026976179492194205 15607
1649208360852 0.024831142898183316 15658
1649208385891 0.03055183359887451 15708
1649208410932 0.029340432714670895 15758
1649208435895 0.03131664864020422 15808
1649208460802 0.024990893120411785 15858
1649208486386 0.02694619633257389 15908
1649208511861 0.017197144518140705 15958
1649208537310 0.020533165253000335 16008
1649208562205 0.017549463629256933 16058
1649208587272 0.02254298738669604 16108
1649208612366 0.023557519977912306 16158
1649208637420 0.012604639543569647 16208
1649208662810 0.020542624450754374 16258
1649208687872 0.019787167385220527 16308
1649208712849 0.015211126260110177 16358
1649208737983 0.0259928278112784 16408
1649208763424 0.023668630837928504 16458
1649208788535 0.02416982571478002 16508
1649208813429 0.016647120490670204 16558
1649208838496 0.02332191016059369 16608
1649208863921 0.0146918135357555 16658
1649208889077 0.01754975736956112 16708
1649208914177 0.022826723936013878 16758
1649208939385 0.01655486203962937 16808
1649208964523 0.021864331476390362 16858
1649208989309 0.01832582106930204 16908
1649209015554 0.022513693067012355 16958
1649209041203 0.016961223501712083 17008
1649209066437 0.015647942246869207 17058
1649209091827 0.021576361416373403 17108
1649209117518 0.01695825669215992 17158
1649209143220 0.016868520178832114 17208
1649209168871 0.020938457646407185 17258
1649209194054 0.01830871380865574 17308
1649209219334 0.019788207641104238 17358
1649209244416 0.02485074432916008 17408
1649209269620 0.017273840890266002 17458
1649209294744 0.018033436508849265 17508
1649209319831 0.020521181722870097 17558
1649209441657 0.02031928739743307 17609
1649209466983 0.0186578127508983 17659
1649209492252 0.022437584612052888 17709
1649209517273 0.013716598319588229 17759
1649209542199 0.023119866424240174 17809
1649209567589 0.016687359887873753 17859
1649209592300 0.0154825839062687 17909
1649209617573 0.018705729169305414 17959
1649209643017 0.018367347781313582 18009
1649209667971 0.02027930903364904 18059
1649209693307 0.020475789287593214 18109
1649209718564 0.015444258770439773 18159
1649209744220 0.014147879908559844 18209
1649209769727 0.01988257557153702 18259
1649209794805 0.02092564639169723 18309
1649209819903 0.017885615745326502 18359
1649209845353 0.024693376078503207 18409
1649209870837 0.01906289309845306 18459
1649209895810 0.023717248586472124 18509
1649209920691 0.022868851027451457 18559
1649209945604 0.02315520142088644 18609
1649209970784 0.0215434400155209 18659
1649209995914 0.032000555554404855 18709
1649210020584 0.015706630123313515 18759
1649210045846 0.020643402016721667 18809
1649210070864 0.023456198971252888 18859
1649210095924 0.02228287483099848 18909
1649210120934 0.0137193500821013 18959
1649210145971 0.024546327316202224 19009
1649210170924 0.02055484673473984 19059
1649210195755 0.024651581435464323 19109
1649210221126 0.01841140938922763 19159
1649210246313 0.022837534294230865 19209
1649210271304 0.023812829818343744 19259
1649210296670 0.018436121814884247 19309
1649210321793 0.013865315685980022 19359
1649210346911 0.01589949196204543 19409
1649210372120 0.018062856877222658 19459
1649210396886 0.019030552809126675 19509
1649210518378 0.018411798670422287 19560
1649210543331 0.023056763587519527 19610
1649210568502 0.017341863200999796 19660
1649210593530 0.02691256214398891 19710
1649210618582 0.022698178134160116 19760
1649210643276 0.01747368199401535 19810
1649210668629 0.01695206735050306 19860
1649210693763 0.019802531364839525 19910
1649210719055 0.020026482397224755 19960
1649210744006 0.027217032513581218 20010
1649210769464 0.022731013621669263 20060
1649210794954 0.0231029629916884 20110
1649210819777 0.02084474177332595 20160
1649210844552 0.016405880958773197 20210
1649210870242 0.02118888598983176 20260
1649210895481 0.022411965361097828 20310
1649210920572 0.0159416821366176 20360
1649210945545 0.013212484421092085 20410
1649210970849 0.017252878048457206 20460
1649210995984 0.02104083397425711 20510
1649211020830 0.01693384796148166 20560
1649211045799 0.018971014415146783 20610
1649211070838 0.023711095344042407 20660
1649211095772 0.022085493587655946 20710
1649211120868 0.01943309391150251 20760
1649211145548 0.019156020735390484 20810
1649211170709 0.01896673136856407 20860
1649211195920 0.01665639974293299 20910
1649211221037 0.01820070600020699 20960
1649211246417 0.019156634917017072 21010
1649211271795 0.022230140527244657 21060
1649211297002 0.018984994255006313 21110
1649211322488 0.01553706191596575 21160
1649211347558 0.018588131456635893 21210
1649211373310 0.01640486783348024 21260
1649211398521 0.01740724490955472 21310
1649211423459 0.01944684562506154 21360
1649211448156 0.015268803063081577 21410
1649211473324 0.01957622271729633 21460
1649211594299 0.020224642551038414 21511
1649211619372 0.021714778322493657 21561
1649211644820 0.01615542604587972 21611
1649211670041 0.0183943686040584 21661
1649211695377 0.017872991799376906 21711
1649211720991 0.017762634365353733 21761
1649211746328 0.016630699584493414 21811
1649211771403 0.014840940913418308 21861
1649211797215 0.01941800063592382 21911
1649211822273 0.01197218478191644 21961
1649211847373 0.019232929063728078 22011
1649211872891 0.0204881898406893 22061
1649211898691 0.016639558381866662 22111
1649211924224 0.021492255229968577 22161
1649211948905 0.017018895844230428 22211
1649211974332 0.014456703010946512 22261
1649212000176 0.015661164089106023 22311
1649212025303 0.02562239068793133 22361
1649212050423 0.026516122828470542 22411
1649212075797 0.013734266294632107 22461
1649212101252 0.021301719532348214 22511
1649212127007 0.012847010290715843 22561
1649212152261 0.01715521919133607 22611
1649212177167 0.026123928812448866 22661
1649212202149 0.01776663079392165 22711
1649212227389 0.019952290871879087 22761
1649212252466 0.01989787066122517 22811
1649212277713 0.01889814092312008 22861
1649212302479 0.017605425766669215 22911
1649212327304 0.02305497307796031 22961
1649212352408 0.02322695349692367 23011
1649212377293 0.01819310956634581 23061
1649212401955 0.020824852260993794 23111
1649212427277 0.017040727330604567 23161
1649212452527 0.011778051400906406 23211
1649212477417 0.017371787787415088 23261
1649212502877 0.017513102126540617 23311
1649212527844 0.015584250901592895 23361
1649212553394 0.025184689856832847 23411
