1648776706199 9.890199999999994e-06 50
1648776712943 1.9880199999999993e-05 100
1648776719755 2.9870200000000004e-05 150
1648776727028 3.98602e-05 200
1648776734138 4.98502e-05 250
1648776740793 5.9840200000000003e-05 300
1648776747360 6.98302e-05 350
1648776754005 7.98202e-05 400
1648776760630 8.981020000000001e-05 450
1648776767427 9.98002e-05 500
1648776774190 0.0001 550
1648776781053 0.0001 600
1648776787764 0.0001 650
1648776795474 0.0001 700
1648776802141 0.0001 750
1648776808874 0.0001 800
1648776816254 0.0001 850
1648776823260 0.0001 900
1648776830006 0.0001 950
1648776836620 0.0001 1000
1648776843231 0.0001 1050
1648776849932 0.0001 1100
1648776856556 0.0001 1150
1648776863202 0.0001 1200
1648776870572 0.0001 1250
1648776878085 0.0001 1300
1648776884785 0.0001 1350
1648776891429 0.0001 1400
1648776898226 0.0001 1450
1648776905055 0.0001 1500
1648776911826 0.0001 1550
1648776918759 0.0001 1600
1648776925871 0.0001 1650
1648776932607 0.0001 1700
1648776939688 0.0001 1750
1648776946702 0.0001 1800
1648776954105 0.0001 1850
1648776961518 0.0001 1900
1648776968930 0.0001 1950
1648777008147 0.0001 1958
1648777017355 0.0001 2007
1648777024269 0.0001 2057
1648777030967 0.0001 2107
1648777038036 0.0001 2157
1648777044740 0.0001 2207
1648777051554 0.0001 2257
1648777058279 0.0001 2307
1648777065154 0.0001 2357
1648777071879 0.0001 2407
1648777078996 0.0001 2457
1648777085701 0.0001 2507
1648777092406 0.0001 2557
1648777099093 0.0001 2607
1648777106026 0.0001 2657
1648777112931 0.0001 2707
1648777119736 0.0001 2757
1648777126534 0.0001 2807
1648777133467 0.0001 2857
1648777140348 0.0001 2907
1648777147231 0.0001 2957
1648777154026 0.0001 3007
1648777160877 0.0001 3057
1648777167732 0.0001 3107
1648777174612 0.0001 3157
1648777181733 0.0001 3207
1648777188548 0.0001 3257
1648777195329 0.0001 3307
1648777202021 0.0001 3357
1648777208877 0.0001 3407
1648777215691 0.0001 3457
1648777222336 0.0001 3507
1648777229017 0.0001 3557
1648777235619 0.0001 3607
1648777242278 0.0001 3657
1648777249097 0.0001 3707
1648777256736 0.0001 3757
1648777263558 0.0001 3807
1648777270232 0.0001 3857
1648777277151 0.0001 3907
1648777316105 0.0001 3915
1648777325378 0.0001 3964
1648777332147 0.0001 4014
1648777339281 0.0001 4064
1648777345949 0.0001 4114
1648777352970 0.0001 4164
1648777359934 0.0001 4214
1648777367460 0.0001 4264
1648777374264 0.0001 4314
1648777381202 0.0001 4364
1648777387969 0.0001 4414
1648777394512 0.0001 4464
1648777401234 0.0001 4514
1648777407989 0.0001 4564
1648777414858 0.0001 4614
1648777422839 0.0001 4664
1648777430185 0.0001 4714
1648777436936 0.0001 4764
1648777444095 0.0001 4814
1648777451222 0.0001 4864
1648777458238 0.0001 4914
1648777465559 0.0001 4964
1648777472200 0.0001 5014
1648777479090 0.0001 5064
1648777485824 0.0001 5114
1648777492542 0.0001 5164
1648777499502 0.0001 5214
1648777506460 0.0001 5264
1648777513241 0.0001 5314
1648777520055 0.0001 5364
1648777526866 0.0001 5414
1648777534405 0.0001 5464
1648777541480 0.0001 5514
1648777548570 0.0001 5564
1648777555326 0.0001 5614
1648777562062 0.0001 5664
1648777568802 0.0001 5714
1648777575520 0.0001 5764
1648777582397 0.0001 5814
1648777589146 0.0001 5864
1648777627820 0.0001 5872
1648777637094 0.0001 5921
1648777644362 0.0001 5971
1648777651465 0.0001 6021
1648777658584 0.0001 6071
1648777665290 0.0001 6121
1648777672686 0.0001 6171
1648777679383 0.0001 6221
1648777686118 0.0001 6271
1648777692949 0.0001 6321
1648777699864 0.0001 6371
1648777706599 0.0001 6421
1648777713418 0.0001 6471
1648777720715 0.0001 6521
1648777727424 0.0001 6571
1648777734774 0.0001 6621
1648777743214 0.0001 6671
1648777749998 0.0001 6721
1648777756633 0.0001 6771
1648777763619 0.0001 6821
1648777770794 0.0001 6871
1648777777594 0.0001 6921
1648777784365 0.0001 6971
1648777791521 0.0001 7021
1648777798245 0.0001 7071
1648777804929 0.0001 7121
1648777811731 0.0001 7171
1648777818502 0.0001 7221
1648777825291 0.0001 7271
1648777832061 0.0001 7321
1648777839006 0.0001 7371
1648777845706 0.0001 7421
1648777852409 0.0001 7471
1648777859451 0.0001 7521
1648777866732 0.0001 7571
1648777873608 0.0001 7621
1648777880373 0.0001 7671
1648777887138 0.0001 7721
1648777894217 0.0001 7771
1648777901108 0.0001 7821
1648777940208 0.0001 7829
1648777949117 0.0001 7878
1648777956019 0.0001 7928
1648777964152 0.0001 7978
1648777970955 0.0001 8028
1648777977659 0.0001 8078
1648777984364 0.0001 8128
1648777991143 0.0001 8178
1648777997896 0.0001 8228
1648778004718 0.0001 8278
1648778011417 0.0001 8328
1648778018147 0.0001 8378
1648778024861 0.0001 8428
1648778031611 0.0001 8478
1648778038695 0.0001 8528
1648778045431 0.0001 8578
1648778052066 0.0001 8628
1648778058998 0.0001 8678
1648778065962 0.0001 8728
1648778072851 0.0001 8778
1648778079629 0.0001 8828
1648778086838 0.0001 8878
1648778093522 0.0001 8928
1648778100491 0.0001 8978
1648778107213 0.0001 9028
1648778114009 0.0001 9078
1648778120895 0.0001 9128
1648778127813 0.0001 9178
1648778134600 0.0001 9228
1648778141414 0.0001 9278
1648778148430 0.0001 9328
1648778155692 0.0001 9378
1648778163620 0.0001 9428
1648778170410 0.0001 9478
1648778177477 0.0001 9528
1648778184768 0.0001 9578
1648778191619 0.0001 9628
1648778198443 0.0001 9678
1648778205336 0.0001 9728
1648778212270 0.0001 9778
1648778253962 0.0001 9786
1648778263058 0.0001 9835
1648778270494 0.0001 9885
1648778277338 0.0001 9935
1648778284073 0.0001 9985
1648778290837 0.0001 10035
1648778297530 0.0001 10085
1648778304383 0.0001 10135
1648778311177 0.0001 10185
1648778318020 0.0001 10235
1648778324824 0.0001 10285
1648778331565 0.0001 10335
1648778338249 0.0001 10385
1648778344950 0.0001 10435
1648778351746 0.0001 10485
1648778358869 0.0001 10535
1648778366439 0.0001 10585
1648778373667 0.0001 10635
1648778380277 0.0001 10685
1648778386949 0.0001 10735
1648778393758 0.0001 10785
1648778400584 0.0001 10835
1648778407413 0.0001 10885
1648778414245 0.0001 10935
1648778421005 0.0001 10985
1648778427984 0.0001 11035
1648778434938 0.0001 11085
1648778441755 0.0001 11135
1648778448486 0.0001 11185
1648778455271 0.0001 11235
1648778462448 0.0001 11285
1648778469207 0.0001 11335
1648778475972 0.0001 11385
1648778482713 0.0001 11435
1648778489463 0.0001 11485
1648778496310 0.0001 11535
1648778503029 0.0001 11585
1648778509731 0.0001 11635
1648778516650 0.0001 11685
1648778523931 0.0001 11735
1648778562705 0.0001 11743
1648778571628 0.0001 11792
1648778578424 0.0001 11842
1648778585104 0.0001 11892
1648778591888 0.0001 11942
1648778598634 0.0001 11992
1648778605454 0.0001 12042
1648778612189 0.0001 12092
1648778618953 0.0001 12142
1648778625714 0.0001 12192
1648778632444 0.0001 12242
1648778639126 0.0001 12292
1648778645908 0.0001 12342
1648778652614 0.0001 12392
1648778659511 0.0001 12442
1648778666595 0.0001 12492
1648778673995 0.0001 12542
1648778680731 0.0001 12592
1648778687530 0.0001 12642
1648778694503 0.0001 12692
1648778701327 0.0001 12742
1648778708594 0.0001 12792
1648778715592 0.0001 12842
1648778722920 0.0001 12892
1648778729687 0.0001 12942
1648778736453 0.0001 12992
1648778743231 0.0001 13042
1648778750107 0.0001 13092
1648778757511 0.0001 13142
1648778764152 0.0001 13192
1648778770843 0.0001 13242
1648778777513 0.0001 13292
1648778784207 0.0001 13342
1648778791171 0.0001 13392
1648778797847 0.0001 13442
1648778804827 0.0001 13492
1648778811862 0.0001 13542
1648778818605 0.0001 13592
1648778825354 0.0001 13642
1648778832178 0.0001 13692
1648778874396 0.0001 13700
1648778883367 0.0001 13749
1648778890098 0.0001 13799
1648778896754 0.0001 13849
1648778903437 0.0001 13899
1648778910101 0.0001 13949
1648778916855 0.0001 13999
1648778923720 0.0001 14049
1648778930530 0.0001 14099
1648778937380 0.0001 14149
1648778944352 0.0001 14199
1648778951144 0.0001 14249
1648778958035 0.0001 14299
1648778964827 0.0001 14349
1648778971900 0.0001 14399
1648778978977 0.0001 14449
1648778985743 0.0001 14499
1648778992499 0.0001 14549
1648778999244 0.0001 14599
1648779007002 0.0001 14649
1648779014437 0.0001 14699
1648779021428 0.0001 14749
1648779028304 0.0001 14799
1648779035082 0.0001 14849
1648779041731 0.0001 14899
1648779048541 0.0001 14949
1648779055437 0.0001 14999
1648779062199 0.0001 15049
1648779069275 0.0001 15099
1648779076751 0.0001 15149
1648779083499 0.0001 15199
1648779090222 0.0001 15249
1648779097075 0.0001 15299
1648779103780 0.0001 15349
1648779110515 0.0001 15399
1648779117449 0.0001 15449
1648779124480 0.0001 15499
1648779131239 0.0001 15549
1648779137983 0.0001 15599
1648779144849 0.0001 15649
1648779185128 0.0001 15657
1648779194050 1e-05 15706
1648779200739 1e-05 15756
1648779207495 1e-05 15806
1648779214268 1e-05 15856
1648779221038 1e-05 15906
1648779228085 1e-05 15956
1648779235248 1e-05 16006
1648779242035 1e-05 16056
1648779248796 1e-05 16106
1648779255546 1e-05 16156
1648779262287 1e-05 16206
1648779269097 1e-05 16256
1648779276094 1e-05 16306
1648779283627 1e-05 16356
1648779290465 1e-05 16406
1648779297462 1e-05 16456
1648779304180 1e-05 16506
1648779311047 1e-05 16556
1648779317812 1e-05 16606
1648779325400 1e-05 16656
1648779332191 1e-05 16706
1648779339007 1e-05 16756
1648779345894 1e-05 16806
1648779352659 1e-05 16856
1648779359450 1e-05 16906
1648779366183 1e-05 16956
1648779373070 1e-05 17006
1648779379772 1e-05 17056
1648779387155 1e-05 17106
1648779393923 1e-05 17156
1648779400631 1e-05 17206
1648779407363 1e-05 17256
1648779414237 1e-05 17306
1648779420979 1e-05 17356
1648779427727 1e-05 17406
1648779434814 1e-05 17456
1648779442425 1e-05 17506
1648779450239 1e-05 17556
1648779456940 1e-05 17606
1648779494944 1e-05 17614
1648779504143 1e-05 17663
1648779510910 1e-05 17713
1648779517634 1e-05 17763
1648779524307 1e-05 17813
1648779530986 1e-05 17863
1648779537754 1e-05 17913
1648779544446 1e-05 17963
1648779551110 1e-05 18013
1648779557921 1e-05 18063
1648779564661 1e-05 18113
1648779571389 1e-05 18163
1648779578113 1e-05 18213
1648779584826 1e-05 18263
1648779591651 1e-05 18313
1648779598442 1e-05 18363
1648779605424 1e-05 18413
1648779612196 1e-05 18463
1648779619447 1e-05 18513
1648779626454 1e-05 18563
1648779633299 1e-05 18613
1648779640150 1e-05 18663
1648779647022 1e-05 18713
1648779654194 1e-05 18763
1648779661171 1e-05 18813
1648779668404 1e-05 18863
1648779675360 1e-05 18913
1648779682111 1e-05 18963
1648779689142 1e-05 19013
1648779696458 1e-05 19063
1648779703202 1e-05 19113
1648779710040 1e-05 19163
1648779716811 1e-05 19213
1648779724130 1e-05 19263
1648779731063 1e-05 19313
1648779738026 1e-05 19363
1648779744839 1e-05 19413
1648779751803 1e-05 19463
1648779758712 1e-05 19513
1648779766006 1e-05 19563
1648779803311 1e-05 19571
1648779812425 1e-05 19620
1648779819239 1e-05 19670
1648779826260 1e-05 19720
1648779832985 1e-05 19770
1648779839683 1e-05 19820
1648779846463 1e-05 19870
1648779853427 1e-05 19920
1648779860190 1e-05 19970
1648779866882 1e-05 20020
1648779873632 1e-05 20070
1648779880416 1e-05 20120
1648779887208 1e-05 20170
1648779893977 1e-05 20220
1648779900670 1e-05 20270
1648779907521 1e-05 20320
1648779914254 1e-05 20370
1648779921061 1e-05 20420
1648779927810 1e-05 20470
1648779934644 1e-05 20520
1648779941680 1e-05 20570
1648779948624 1e-05 20620
1648779955455 1e-05 20670
1648779962282 1e-05 20720
1648779969108 1e-05 20770
1648779975864 1e-05 20820
1648779982654 1e-05 20870
1648779989393 1e-05 20920
1648779996450 1e-05 20970
1648780004043 1e-05 21020
1648780011754 1e-05 21070
1648780019328 1e-05 21120
1648780026139 1e-05 21170
1648780032909 1e-05 21220
1648780040125 1e-05 21270
1648780046887 1e-05 21320
1648780054158 1e-05 21370
1648780060926 1e-05 21420
1648780067687 1e-05 21470
1648780074431 1e-05 21520
1648780112677 1e-05 21528
1648780121803 1.0000000000000002e-06 21577
1648780128518 1.0000000000000002e-06 21627
1648780135286 1.0000000000000002e-06 21677
1648780143038 1.0000000000000002e-06 21727
1648780149883 1.0000000000000002e-06 21777
1648780156700 1.0000000000000002e-06 21827
1648780164116 1.0000000000000002e-06 21877
1648780170984 1.0000000000000002e-06 21927
1648780177818 1.0000000000000002e-06 21977
1648780184624 1.0000000000000002e-06 22027
1648780191467 1.0000000000000002e-06 22077
1648780198450 1.0000000000000002e-06 22127
1648780205173 1.0000000000000002e-06 22177
1648780212857 1.0000000000000002e-06 22227
1648780221496 1.0000000000000002e-06 22277
1648780228236 1.0000000000000002e-06 22327
1648780235052 1.0000000000000002e-06 22377
1648780241775 1.0000000000000002e-06 22427
1648780248970 1.0000000000000002e-06 22477
1648780255796 1.0000000000000002e-06 22527
1648780262812 1.0000000000000002e-06 22577
1648780269889 1.0000000000000002e-06 22627
1648780276667 1.0000000000000002e-06 22677
1648780283415 1.0000000000000002e-06 22727
1648780290184 1.0000000000000002e-06 22777
1648780296947 1.0000000000000002e-06 22827
1648780304115 1.0000000000000002e-06 22877
1648780310947 1.0000000000000002e-06 22927
1648780317740 1.0000000000000002e-06 22977
1648780324539 1.0000000000000002e-06 23027
1648780331270 1.0000000000000002e-06 23077
1648780338031 1.0000000000000002e-06 23127
1648780344811 1.0000000000000002e-06 23177
1648780351676 1.0000000000000002e-06 23227
1648780358459 1.0000000000000002e-06 23277
1648780365154 1.0000000000000002e-06 23327
1648780372126 1.0000000000000002e-06 23377
1648780379195 1.0000000000000002e-06 23427
1648780385895 1.0000000000000002e-06 23477
1648780424163 1.0000000000000002e-06 23485
