1648776706199 0.9 50
1648776712943 0.9 100
1648776719755 0.9 150
1648776727028 0.9 200
1648776734138 0.9 250
1648776740793 0.9 300
1648776747360 0.9 350
1648776754005 0.9 400
1648776760630 0.9 450
1648776767427 0.9 500
1648776774190 0.9 550
1648776781053 0.9 600
1648776787764 0.9 650
1648776795474 0.9 700
1648776802141 0.9 750
1648776808874 0.9 800
1648776816254 0.9 850
1648776823260 0.9 900
1648776830006 0.9 950
1648776836620 0.9 1000
1648776843231 0.9 1050
1648776849932 0.9 1100
1648776856556 0.9 1150
1648776863202 0.9 1200
1648776870572 0.9 1250
1648776878085 0.9 1300
1648776884785 0.9 1350
1648776891429 0.9 1400
1648776898226 0.9 1450
1648776905055 0.9 1500
1648776911826 0.9 1550
1648776918759 0.9 1600
1648776925871 0.9 1650
1648776932607 0.9 1700
1648776939688 0.9 1750
1648776946702 0.9 1800
1648776954105 0.9 1850
1648776961518 0.9 1900
1648776968930 0.9 1950
1648777008147 0.9 1958
1648777017355 0.9 2007
1648777024269 0.9 2057
1648777030967 0.9 2107
1648777038036 0.9 2157
1648777044740 0.9 2207
1648777051554 0.9 2257
1648777058279 0.9 2307
1648777065154 0.9 2357
1648777071879 0.9 2407
1648777078996 0.9 2457
1648777085701 0.9 2507
1648777092406 0.9 2557
1648777099093 0.9 2607
1648777106026 0.9 2657
1648777112931 0.9 2707
1648777119736 0.9 2757
1648777126534 0.9 2807
1648777133467 0.9 2857
1648777140348 0.9 2907
1648777147231 0.9 2957
1648777154026 0.9 3007
1648777160877 0.9 3057
1648777167732 0.9 3107
1648777174612 0.9 3157
1648777181733 0.9 3207
1648777188548 0.9 3257
1648777195329 0.9 3307
1648777202021 0.9 3357
1648777208877 0.9 3407
1648777215691 0.9 3457
1648777222336 0.9 3507
1648777229017 0.9 3557
1648777235619 0.9 3607
1648777242278 0.9 3657
1648777249097 0.9 3707
1648777256736 0.9 3757
1648777263558 0.9 3807
1648777270232 0.9 3857
1648777277151 0.9 3907
1648777316105 0.9 3915
1648777325378 0.9 3964
1648777332147 0.9 4014
1648777339281 0.9 4064
1648777345949 0.9 4114
1648777352970 0.9 4164
1648777359934 0.9 4214
1648777367460 0.9 4264
1648777374264 0.9 4314
1648777381202 0.9 4364
1648777387969 0.9 4414
1648777394512 0.9 4464
1648777401234 0.9 4514
1648777407989 0.9 4564
1648777414858 0.9 4614
1648777422839 0.9 4664
1648777430185 0.9 4714
1648777436936 0.9 4764
1648777444095 0.9 4814
1648777451222 0.9 4864
1648777458238 0.9 4914
1648777465559 0.9 4964
1648777472200 0.9 5014
1648777479090 0.9 5064
1648777485824 0.9 5114
1648777492542 0.9 5164
1648777499502 0.9 5214
1648777506460 0.9 5264
1648777513241 0.9 5314
1648777520055 0.9 5364
1648777526866 0.9 5414
1648777534405 0.9 5464
1648777541480 0.9 5514
1648777548570 0.9 5564
1648777555326 0.9 5614
1648777562062 0.9 5664
1648777568802 0.9 5714
1648777575520 0.9 5764
1648777582397 0.9 5814
1648777589146 0.9 5864
1648777627820 0.9 5872
1648777637094 0.9 5921
1648777644362 0.9 5971
1648777651465 0.9 6021
1648777658584 0.9 6071
1648777665290 0.9 6121
1648777672686 0.9 6171
1648777679383 0.9 6221
1648777686118 0.9 6271
1648777692949 0.9 6321
1648777699864 0.9 6371
1648777706599 0.9 6421
1648777713418 0.9 6471
1648777720715 0.9 6521
1648777727424 0.9 6571
1648777734774 0.9 6621
1648777743214 0.9 6671
1648777749998 0.9 6721
1648777756633 0.9 6771
1648777763619 0.9 6821
1648777770794 0.9 6871
1648777777594 0.9 6921
1648777784365 0.9 6971
1648777791521 0.9 7021
1648777798245 0.9 7071
1648777804929 0.9 7121
1648777811731 0.9 7171
1648777818502 0.9 7221
1648777825291 0.9 7271
1648777832061 0.9 7321
1648777839006 0.9 7371
1648777845706 0.9 7421
1648777852409 0.9 7471
1648777859451 0.9 7521
1648777866732 0.9 7571
1648777873608 0.9 7621
1648777880373 0.9 7671
1648777887138 0.9 7721
1648777894217 0.9 7771
1648777901108 0.9 7821
1648777940208 0.9 7829
1648777949117 0.9 7878
1648777956019 0.9 7928
1648777964152 0.9 7978
1648777970955 0.9 8028
1648777977659 0.9 8078
1648777984364 0.9 8128
1648777991143 0.9 8178
1648777997896 0.9 8228
1648778004718 0.9 8278
1648778011417 0.9 8328
1648778018147 0.9 8378
1648778024861 0.9 8428
1648778031611 0.9 8478
1648778038695 0.9 8528
1648778045431 0.9 8578
1648778052066 0.9 8628
1648778058998 0.9 8678
1648778065962 0.9 8728
1648778072851 0.9 8778
1648778079629 0.9 8828
1648778086838 0.9 8878
1648778093522 0.9 8928
1648778100491 0.9 8978
1648778107213 0.9 9028
1648778114009 0.9 9078
1648778120895 0.9 9128
1648778127813 0.9 9178
1648778134600 0.9 9228
1648778141414 0.9 9278
1648778148430 0.9 9328
1648778155692 0.9 9378
1648778163620 0.9 9428
1648778170410 0.9 9478
1648778177477 0.9 9528
1648778184768 0.9 9578
1648778191619 0.9 9628
1648778198443 0.9 9678
1648778205336 0.9 9728
1648778212270 0.9 9778
1648778253962 0.9 9786
1648778263058 0.9 9835
1648778270494 0.9 9885
1648778277338 0.9 9935
1648778284073 0.9 9985
1648778290837 0.9 10035
1648778297530 0.9 10085
1648778304383 0.9 10135
1648778311177 0.9 10185
1648778318020 0.9 10235
1648778324824 0.9 10285
1648778331565 0.9 10335
1648778338249 0.9 10385
1648778344950 0.9 10435
1648778351746 0.9 10485
1648778358869 0.9 10535
1648778366439 0.9 10585
1648778373667 0.9 10635
1648778380277 0.9 10685
1648778386949 0.9 10735
1648778393758 0.9 10785
1648778400584 0.9 10835
1648778407413 0.9 10885
1648778414245 0.9 10935
1648778421005 0.9 10985
1648778427984 0.9 11035
1648778434938 0.9 11085
1648778441755 0.9 11135
1648778448486 0.9 11185
1648778455271 0.9 11235
1648778462448 0.9 11285
1648778469207 0.9 11335
1648778475972 0.9 11385
1648778482713 0.9 11435
1648778489463 0.9 11485
1648778496310 0.9 11535
1648778503029 0.9 11585
1648778509731 0.9 11635
1648778516650 0.9 11685
1648778523931 0.9 11735
1648778562705 0.9 11743
1648778571628 0.9 11792
1648778578424 0.9 11842
1648778585104 0.9 11892
1648778591888 0.9 11942
1648778598634 0.9 11992
1648778605454 0.9 12042
1648778612189 0.9 12092
1648778618953 0.9 12142
1648778625714 0.9 12192
1648778632444 0.9 12242
1648778639126 0.9 12292
1648778645908 0.9 12342
1648778652614 0.9 12392
1648778659511 0.9 12442
1648778666595 0.9 12492
1648778673995 0.9 12542
1648778680731 0.9 12592
1648778687530 0.9 12642
1648778694503 0.9 12692
1648778701327 0.9 12742
1648778708594 0.9 12792
1648778715592 0.9 12842
1648778722920 0.9 12892
1648778729687 0.9 12942
1648778736453 0.9 12992
1648778743231 0.9 13042
1648778750107 0.9 13092
1648778757511 0.9 13142
1648778764152 0.9 13192
1648778770843 0.9 13242
1648778777513 0.9 13292
1648778784207 0.9 13342
1648778791171 0.9 13392
1648778797847 0.9 13442
1648778804827 0.9 13492
1648778811862 0.9 13542
1648778818605 0.9 13592
1648778825354 0.9 13642
1648778832178 0.9 13692
1648778874396 0.9 13700
1648778883367 0.9 13749
1648778890098 0.9 13799
1648778896754 0.9 13849
1648778903437 0.9 13899
1648778910101 0.9 13949
1648778916855 0.9 13999
1648778923720 0.9 14049
1648778930530 0.9 14099
1648778937380 0.9 14149
1648778944352 0.9 14199
1648778951144 0.9 14249
1648778958035 0.9 14299
1648778964827 0.9 14349
1648778971900 0.9 14399
1648778978977 0.9 14449
1648778985743 0.9 14499
1648778992499 0.9 14549
1648778999244 0.9 14599
1648779007002 0.9 14649
1648779014437 0.9 14699
1648779021428 0.9 14749
1648779028304 0.9 14799
1648779035082 0.9 14849
1648779041731 0.9 14899
1648779048541 0.9 14949
1648779055437 0.9 14999
1648779062199 0.9 15049
1648779069275 0.9 15099
1648779076751 0.9 15149
1648779083499 0.9 15199
1648779090222 0.9 15249
1648779097075 0.9 15299
1648779103780 0.9 15349
1648779110515 0.9 15399
1648779117449 0.9 15449
1648779124480 0.9 15499
1648779131239 0.9 15549
1648779137983 0.9 15599
1648779144849 0.9 15649
1648779185128 0.9 15657
1648779194050 0.9 15706
1648779200739 0.9 15756
1648779207495 0.9 15806
1648779214268 0.9 15856
1648779221038 0.9 15906
1648779228085 0.9 15956
1648779235248 0.9 16006
1648779242035 0.9 16056
1648779248796 0.9 16106
1648779255546 0.9 16156
1648779262287 0.9 16206
1648779269097 0.9 16256
1648779276094 0.9 16306
1648779283627 0.9 16356
1648779290465 0.9 16406
1648779297462 0.9 16456
1648779304180 0.9 16506
1648779311047 0.9 16556
1648779317812 0.9 16606
1648779325400 0.9 16656
1648779332191 0.9 16706
1648779339007 0.9 16756
1648779345894 0.9 16806
1648779352659 0.9 16856
1648779359450 0.9 16906
1648779366183 0.9 16956
1648779373070 0.9 17006
1648779379772 0.9 17056
1648779387155 0.9 17106
1648779393923 0.9 17156
1648779400631 0.9 17206
1648779407363 0.9 17256
1648779414237 0.9 17306
1648779420979 0.9 17356
1648779427727 0.9 17406
1648779434814 0.9 17456
1648779442425 0.9 17506
1648779450239 0.9 17556
1648779456940 0.9 17606
1648779494944 0.9 17614
1648779504143 0.9 17663
1648779510910 0.9 17713
1648779517634 0.9 17763
1648779524307 0.9 17813
1648779530986 0.9 17863
1648779537754 0.9 17913
1648779544446 0.9 17963
1648779551110 0.9 18013
1648779557921 0.9 18063
1648779564661 0.9 18113
1648779571389 0.9 18163
1648779578113 0.9 18213
1648779584826 0.9 18263
1648779591651 0.9 18313
1648779598442 0.9 18363
1648779605424 0.9 18413
1648779612196 0.9 18463
1648779619447 0.9 18513
1648779626454 0.9 18563
1648779633299 0.9 18613
1648779640150 0.9 18663
1648779647022 0.9 18713
1648779654194 0.9 18763
1648779661171 0.9 18813
1648779668404 0.9 18863
1648779675360 0.9 18913
1648779682111 0.9 18963
1648779689142 0.9 19013
1648779696458 0.9 19063
1648779703202 0.9 19113
1648779710040 0.9 19163
1648779716811 0.9 19213
1648779724130 0.9 19263
1648779731063 0.9 19313
1648779738026 0.9 19363
1648779744839 0.9 19413
1648779751803 0.9 19463
1648779758712 0.9 19513
1648779766006 0.9 19563
1648779803311 0.9 19571
1648779812425 0.9 19620
1648779819239 0.9 19670
1648779826260 0.9 19720
1648779832985 0.9 19770
1648779839683 0.9 19820
1648779846463 0.9 19870
1648779853427 0.9 19920
1648779860190 0.9 19970
1648779866882 0.9 20020
1648779873632 0.9 20070
1648779880416 0.9 20120
1648779887208 0.9 20170
1648779893977 0.9 20220
1648779900670 0.9 20270
1648779907521 0.9 20320
1648779914254 0.9 20370
1648779921061 0.9 20420
1648779927810 0.9 20470
1648779934644 0.9 20520
1648779941680 0.9 20570
1648779948624 0.9 20620
1648779955455 0.9 20670
1648779962282 0.9 20720
1648779969108 0.9 20770
1648779975864 0.9 20820
1648779982654 0.9 20870
1648779989393 0.9 20920
1648779996450 0.9 20970
1648780004043 0.9 21020
1648780011754 0.9 21070
1648780019328 0.9 21120
1648780026139 0.9 21170
1648780032909 0.9 21220
1648780040125 0.9 21270
1648780046887 0.9 21320
1648780054158 0.9 21370
1648780060926 0.9 21420
1648780067687 0.9 21470
1648780074431 0.9 21520
1648780112677 0.9 21528
1648780121803 0.9 21577
1648780128518 0.9 21627
1648780135286 0.9 21677
1648780143038 0.9 21727
1648780149883 0.9 21777
1648780156700 0.9 21827
1648780164116 0.9 21877
1648780170984 0.9 21927
1648780177818 0.9 21977
1648780184624 0.9 22027
1648780191467 0.9 22077
1648780198450 0.9 22127
1648780205173 0.9 22177
1648780212857 0.9 22227
1648780221496 0.9 22277
1648780228236 0.9 22327
1648780235052 0.9 22377
1648780241775 0.9 22427
1648780248970 0.9 22477
1648780255796 0.9 22527
1648780262812 0.9 22577
1648780269889 0.9 22627
1648780276667 0.9 22677
1648780283415 0.9 22727
1648780290184 0.9 22777
1648780296947 0.9 22827
1648780304115 0.9 22877
1648780310947 0.9 22927
1648780317740 0.9 22977
1648780324539 0.9 23027
1648780331270 0.9 23077
1648780338031 0.9 23127
1648780344811 0.9 23177
1648780351676 0.9 23227
1648780358459 0.9 23277
1648780365154 0.9 23327
1648780372126 0.9 23377
1648780379195 0.9 23427
1648780385895 0.9 23477
1648780424163 0.9 23485
