1649243196405 11.235106496810912 50
1649243403589 15.899239025115968 100
1649243612640 14.05995189666748 150
1649243820812 13.401540927886963 200
1649244028410 13.882507581710815 250
1649244236260 13.202030067443848 300
1649244444269 12.7740553855896 350
1649244652433 13.387664966583252 400
1649244860666 13.503603782653808 450
1649245069263 12.209711723327636 500
1649245278094 11.497968606948852 550
1649245448762 10.426642217636108 600
1649246639271 10.801047830581664 661
1649246848941 11.021840295791627 711
1649247058542 10.480536670684815 761
1649247268074 9.318224544525146 811
1649247477983 9.157813339233398 861
1649247687683 8.404438486099243 911
1649247897652 8.773871650695801 961
1649248107497 8.861815357208252 1011
1649248317515 8.548328304290772 1061
1649248527698 8.358665800094604 1111
1649248737991 8.45011863708496 1161
1649248903293 7.734619102478027 1211
1649250103253 7.644918355941773 1272
1649250313543 7.9339098072052 1322
1649250523921 7.989376392364502 1372
1649250734503 8.343828420639039 1422
1649250945036 7.842335939407349 1472
1649251155796 7.779198417663574 1522
1649251366481 7.54456524848938 1572
1649251577311 8.171225728988647 1622
1649251788092 7.42425989151001 1672
1649251999191 7.459175682067871 1722
1649252210017 7.145316724777222 1772
1649252368813 7.847295970916748 1822
1649253573266 7.340288286209106 1883
1649253788123 7.72681999206543 1933
1649254003306 7.924953918457032 1983
1649254217933 7.728103675842285 2033
1649254432687 7.399836301803589 2083
1649254647717 7.948210544586182 2133
1649254862742 7.711656551361084 2183
1649255077516 7.776994409561158 2233
1649255293032 7.852851324081421 2283
1649255508674 8.295637493133546 2333
1649255723471 7.805665426254272 2383
1649255881820 7.757833700180054 2433
1649257073295 7.498545331954956 2494
1649257285207 8.105876722335815 2544
1649257497119 7.608339824676514 2594
1649257709004 8.162041473388673 2644
1649257920707 8.25496479034424 2694
1649258132552 7.906937599182129 2744
1649258344191 8.445998039245605 2794
1649258556034 8.262405157089233 2844
1649258767832 7.897960376739502 2894
1649258979859 7.744117422103882 2944
1649259190534 7.998295707702637 2994
1649259349614 8.414422941207885 3044
1649260545965 7.432301359176636 3105
1649260761433 8.337247047424317 3155
1649260977517 8.371989030838012 3205
1649261193285 7.636886787414551 3255
1649261408915 7.690401830673218 3305
1649261624271 8.710063581466676 3355
1649261840532 8.555996046066284 3405
1649262056301 7.730464382171631 3455
1649262272345 7.947780752182007 3505
1649262488084 8.401089811325074 3555
1649262704160 8.643547410964965 3605
1649262864648 7.9357406044006344 3655
1649264060426 7.826381540298462 3716
1649264276322 8.082970132827759 3766
1649264492517 8.65333065032959 3816
1649264708605 8.414896774291993 3866
1649264925184 8.76650203704834 3916
1649265141410 8.04421787261963 3966
1649265357448 8.35280698776245 4016
1649265573630 8.487435998916625 4066
1649265789367 8.234346160888672 4116
1649266005339 8.533744697570802 4166
1649266220000 8.052746658325196 4216
1649266380661 8.010721702575683 4266
1649267579093 8.579820318222046 4327
1649267795485 8.52962148666382 4377
1649268011289 8.012058544158936 4427
1649268227465 8.338807535171508 4477
1649268443645 7.946453561782837 4527
1649268659616 8.217818508148193 4577
1649268872897 8.794423522949218 4627
1649269085400 8.76155680656433 4677
1649269298575 8.587237644195557 4727
1649269511469 8.503443422317504 4777
1649269723729 7.701940212249756 4827
1649269884566 9.061225757598876 4877
1649271078590 7.966984825134277 4938
1649271292219 8.054814786911011 4988
1649271505868 8.059493465423584 5038
1649271719492 8.452390604019165 5088
1649271932580 8.521873950958252 5138
1649272146663 8.518217649459839 5188
1649272360718 8.822474098205566 5238
1649272574661 8.732708444595337 5288
1649272788442 8.590178050994872 5338
1649273001511 8.064073324203491 5388
1649273211222 8.158750448226929 5438
1649273370661 8.126741180419922 5488
1649274547929 8.148404874801635 5549
1649274759944 8.744119777679444 5599
1649274971449 8.214380140304565 5649
1649275183657 8.641222372055054 5699
1649275395087 8.759172353744507 5749
1649275607335 8.386212844848632 5799
1649275819131 8.197684230804443 5849
1649276030950 8.145467500686646 5899
1649276243097 8.999325046539306 5949
1649276454533 9.173910055160523 5999
1649276666474 9.059914093017579 6049
1649276825715 8.578390760421753 6099
1649277998245 8.239898118972778 6160
1649278209691 8.254311532974244 6210
1649278421266 8.394693059921265 6260
1649278632879 8.445600910186768 6310
1649278844734 9.394262504577636 6360
1649279056317 9.538199739456177 6410
1649279267948 8.9122003364563 6460
1649279479863 8.792116594314574 6510
1649279691390 8.064335556030274 6560
1649279902955 8.423849840164184 6610
1649280114456 9.131854457855225 6660
1649280274657 8.79216651916504 6710
1649281447546 7.941129302978515 6771
1649281661864 8.12070387840271 6821
1649281876375 8.486283912658692 6871
1649282091068 8.864054899215699 6921
1649282305451 8.665690307617188 6971
1649282519967 8.480185346603394 7021
1649282734660 8.390922327041626 7071
1649282949299 8.814217739105224 7121
1649283164145 9.290206451416015 7171
1649283378679 9.174120311737061 7221
1649283593446 8.783282918930054 7271
1649283758052 8.972913827896118 7321
1649284936139 8.33037470817566 7382
1649285148033 8.175262174606324 7432
1649285359602 9.851354217529297 7482
1649285571214 9.18052092552185 7532
1649285783817 8.44217565536499 7582
1649285996196 9.096910514831542 7632
1649286208723 9.227105073928833 7682
1649286420856 9.145166873931885 7732
1649286632833 8.620558443069458 7782
1649286845232 8.001456308364869 7832
1649287057571 8.271892538070679 7882
1649287223099 8.769162483215332 7932
1649288399219 8.42050926208496 7993
1649288613811 7.901830015182495 8043
1649288828723 9.140949916839599 8093
1649289043559 9.070965309143066 8143
1649289258617 8.3087562084198 8193
1649289473647 8.707624578475953 8243
1649289688540 8.551174211502076 8293
1649289903248 7.825367479324341 8343
1649290117985 8.0759481716156 8393
1649290332554 9.053226413726806 8443
1649290547449 9.475809574127197 8493
1649290714820 8.601462059020996 8543
1649291882404 8.47923978805542 8604
1649292095396 8.711381273269653 8654
1649292308041 8.704109964370728 8704
1649292521232 8.535233039855957 8754
1649292733916 8.771356630325318 8804
1649292947189 8.468676271438598 8854
1649293160643 8.116856355667114 8904
1649293374083 8.764406795501708 8954
1649293587317 8.23529622077942 9004
1649293777244 8.27192915916443 9054
1649293879715 9.222307538986206 9104
1649293981791 9.065571880340576 9154
1649294941021 8.153639888763427 9215
1649295043034 8.922946166992187 9265
1649295145049 8.199402723312378 9315
1649295247253 7.773245706558227 9365
1649295349161 8.70321394920349 9415
1649295451346 8.431373653411866 9465
1649295553262 8.686966152191163 9515
1649295655255 8.452716379165649 9565
1649295757198 8.71914436340332 9615
1649295859152 8.7199365234375 9665
1649295961211 8.236116790771485 9715
1649296063146 9.23051022529602 9765
1649297013528 8.047957229614259 9826
1649297115356 7.215023307800293 9876
1649297217348 7.540483303070069 9926
1649297319380 7.01132947921753 9976
1649297421512 7.576302514076233 10026
1649297523467 7.253454732894897 10076
1649297625352 6.697646598815918 10126
1649297727349 7.03140739440918 10176
1649297829272 6.866529321670532 10226
1649297931258 6.841477975845337 10276
1649298033276 6.8653342914581295 10326
1649298135300 7.119853248596192 10376
1649299086324 6.524158153533936 10437
1649299188025 6.539133043289184 10487
1649299289910 6.668641929626465 10537
1649299392056 6.689478406906128 10587
1649299494279 6.312675881385803 10637
1649299596307 6.601057252883911 10687
1649299698368 7.298907904624939 10737
1649299800473 6.568204131126404 10787
1649299902465 6.325783920288086 10837
1649300004739 6.689439649581909 10887
1649300106791 6.752411060333252 10937
1649300208996 6.800419931411743 10987
1649301148580 6.588726568222046 11048
1649301250393 6.5303342199325565 11098
1649301352285 6.370156764984131 11148
1649301454461 6.317098264694214 11198
1649301556573 6.66555778503418 11248
1649301658696 6.09839102268219 11298
1649301760920 6.666525030136109 11348
1649301863068 6.20139144897461 11398
1649301965206 6.564337959289551 11448
1649302067130 6.869855885505676 11498
1649302169180 6.631118593215942 11548
1649302271564 6.459164199829101 11598
1649303214443 6.195488681793213 11659
1649303316254 6.004584045410156 11709
1649303417997 6.207348575592041 11759
1649303519716 6.029401254653931 11809
1649303621554 5.917533941268921 11859
1649303723450 6.379628677368164 11909
1649303825326 5.992344298362732 11959
1649303927208 6.401212635040284 12009
1649304029179 6.171946077346802 12059
1649304131289 6.313597769737243 12109
1649304233763 6.025310068130493 12159
1649304335498 6.149315271377564 12209
