1649243196405 0.21443113192915916 50
1649243403589 0.4488178130984306 100
1649243612640 0.44577462792396544 150
1649243820812 0.47495592713356016 200
1649244028410 0.4986019265651703 250
1649244236260 0.5070002108812333 300
1649244444269 0.5200788277387619 350
1649244652433 0.5386094653606415 400
1649244860666 0.5795207566022873 450
1649245069263 0.6000120234489441 500
1649245278094 0.6234469896554947 550
1649245448762 0.6116358029842377 600
1649246639271 0.6141069489717483 661
1649246848941 0.6419756597280503 711
1649247058542 0.6179248571395874 761
1649247268074 0.5869622665643692 811
1649247477983 0.6101399493217469 861
1649247687683 0.6254412907361985 911
1649247897652 0.6108515602350235 961
1649248107497 0.6450071680545807 1011
1649248317515 0.6155962753295898 1061
1649248527698 0.6533352673053742 1111
1649248737991 0.6272224611043931 1161
1649248903293 0.6030607575178146 1211
1649250103253 0.5854663372039794 1272
1649250313543 0.5817757356166839 1322
1649250523921 0.5917715293169021 1372
1649250734503 0.6238165229558945 1422
1649250945036 0.6027416473627091 1472
1649251155796 0.581519541144371 1522
1649251366481 0.5548373609781265 1572
1649251577311 0.5881687432527543 1622
1649251788092 0.5862971448898315 1672
1649251999191 0.5832452529668808 1722
1649252210017 0.5503666013479233 1772
1649252368813 0.5957803064584732 1822
1649253573266 0.5415088838338852 1883
1649253788123 0.5591002100706101 1933
1649254003306 0.5483282148838043 1983
1649254217933 0.5808390486240387 2033
1649254432687 0.5431481218338012 2083
1649254647717 0.5571344232559204 2133
1649254862742 0.5348349332809448 2183
1649255077516 0.5354749941825867 2233
1649255293032 0.5216580098867416 2283
1649255508674 0.5845325255393982 2333
1649255723471 0.5480248367786408 2383
1649255881820 0.541495571732521 2433
1649257073295 0.5037651062011719 2494
1649257285207 0.5098287379741668 2544
1649257497119 0.5143530255556107 2594
1649257709004 0.5205463016033173 2644
1649257920707 0.5142095005512237 2694
1649258132552 0.5031464719772338 2744
1649258344191 0.5213185405731201 2794
1649258556034 0.5240233343839645 2844
1649258767832 0.49898591101169587 2894
1649258979859 0.5166021221876145 2944
1649259190534 0.5006111937761307 2994
1649259349614 0.5443418264389038 3044
1649260545965 0.46986040234565735 3105
1649260761433 0.5118257713317871 3155
1649260977517 0.4742783957719803 3205
1649261193285 0.47750458657741546 3255
1649261408915 0.4650936645269394 3305
1649261624271 0.472573424577713 3355
1649261840532 0.492469031214714 3405
1649262056301 0.4930899578332901 3455
1649262272345 0.4839674162864685 3505
1649262488084 0.46297286987304687 3555
1649262704160 0.4646786230802536 3605
1649262864648 0.48582745909690855 3655
1649264060426 0.4462352180480957 3716
1649264276322 0.4487118697166443 3766
1649264492517 0.437877636551857 3816
1649264708605 0.43669456243515015 3866
1649264925184 0.46010221898555753 3916
1649265141410 0.45065155923366546 3966
1649265357448 0.44179370284080505 4016
1649265573630 0.47074025332927705 4066
1649265789367 0.4421534287929535 4116
1649266005339 0.48180226385593417 4166
1649266220000 0.4449342966079712 4216
1649266380661 0.46199629187583924 4266
1649267579093 0.4536977231502533 4327
1649267795485 0.4384774672985077 4377
1649268011289 0.4326883327960968 4427
1649268227465 0.43193372011184694 4477
1649268443645 0.41124672174453736 4527
1649268659616 0.42066512644290927 4577
1649268872897 0.42198262155056 4627
1649269085400 0.4428921160101891 4677
1649269298575 0.41578281998634337 4727
1649269511469 0.41820971488952635 4777
1649269723729 0.40208414614200594 4827
1649269884566 0.44264257192611695 4877
1649271078590 0.39335419088602064 4938
1649271292219 0.39049591958522795 4988
1649271505868 0.39855448216199874 5038
1649271719492 0.3997762316465378 5088
1649271932580 0.41723740607500076 5138
1649272146663 0.40654024720191956 5188
1649272360718 0.42895480275154113 5238
1649272574661 0.40585659831762316 5288
1649272788442 0.42131509363651276 5338
1649273001511 0.3892877197265625 5388
1649273211222 0.3934734654426575 5438
1649273370661 0.37713561922311784 5488
1649274547929 0.3956595653295517 5549
1649274759944 0.38086395025253295 5599
1649274971449 0.3788190221786499 5649
1649275183657 0.365415660738945 5699
1649275395087 0.38211848378181457 5749
1649275607335 0.3762545627355576 5799
1649275819131 0.3623839643597603 5849
1649276030950 0.3652948108315468 5899
1649276243097 0.3898366796970367 5949
1649276454533 0.39279341340065005 5999
1649276666474 0.3672478750348091 6049
1649276825715 0.37742567449808123 6099
1649277998245 0.3413662967085838 6160
1649278209691 0.34967796176671984 6210
1649278421266 0.3426321706175804 6260
1649278632879 0.3380114755034447 6310
1649278844734 0.3594406917691231 6360
1649279056317 0.3720434480905533 6410
1649279267948 0.38395287096500397 6460
1649279479863 0.36070921510457993 6510
1649279691390 0.3631803885102272 6560
1649279902955 0.35090764850378037 6610
1649280114456 0.3671133503317833 6660
1649280274657 0.3668491566181183 6710
1649281447546 0.330902224779129 6771
1649281661864 0.32096762746572494 6821
1649281876375 0.32667021214962005 6871
1649282091068 0.32533000260591505 6921
1649282305451 0.33792044818401334 6971
1649282519967 0.33691120743751524 7021
1649282734660 0.3194918581843376 7071
1649282949299 0.3468374419212341 7121
1649283164145 0.36503219306468965 7171
1649283378679 0.35436767429113386 7221
1649283593446 0.3460478243231773 7271
1649283758052 0.37170850157737734 7321
1649284936139 0.312415876686573 7382
1649285148033 0.3080211499333382 7432
1649285359602 0.3376137366890907 7482
1649285571214 0.3694396337866783 7532
1649285783817 0.3275053691864014 7582
1649285996196 0.32528980016708375 7632
1649286208723 0.34944262355566025 7682
1649286420856 0.33967912405729295 7732
1649286632833 0.33162398368120194 7782
1649286845232 0.32724383324384687 7832
1649287057571 0.323178414106369 7882
1649287223099 0.3353942409157753 7932
1649288399219 0.28658086687326434 7993
1649288613811 0.27416409432888034 8043
1649288828723 0.28765503972768786 8093
1649289043559 0.31063329458236694 8143
1649289258617 0.3067147496342659 8193
1649289473647 0.30094324856996535 8243
1649289688540 0.3020026883482933 8293
1649289903248 0.2985787776112556 8343
1649290117985 0.30513872146606447 8393
1649290332554 0.32213002145290376 8443
1649290547449 0.33120760828256607 8493
1649290714820 0.3149814864993095 8543
1649291882404 0.2805209481716156 8604
1649292095396 0.29844372540712355 8654
1649292308041 0.2729958254098892 8704
1649292521232 0.2984287080168724 8754
1649292733916 0.30392751067876816 8804
1649292947189 0.2852426618337631 8854
1649293160643 0.27329535484313966 8904
1649293374083 0.28115688294172286 8954
1649293587317 0.29660172045230865 9004
1649293777244 0.2821706315875053 9054
1649293879715 0.2874299645423889 9104
1649293981791 0.30205018252134325 9154
1649294941021 0.2574755573272705 9215
1649295043034 0.272147099673748 9265
1649295145049 0.2673946200311184 9315
1649295247253 0.25374493300914763 9365
1649295349161 0.2728597569465637 9415
1649295451346 0.2645344695448875 9465
1649295553262 0.2657630288600922 9515
1649295655255 0.2749805024266243 9565
1649295757198 0.27857784360647203 9615
1649295859152 0.28588921427726743 9665
1649295961211 0.2839763131737709 9715
1649296063146 0.2724331730604172 9765
1649297013528 0.26299688547849653 9826
1649297115356 0.2209638723731041 9876
1649297217348 0.21797743156552316 9926
1649297319380 0.21766235932707786 9976
1649297421512 0.21991126403212546 10026
1649297523467 0.20614808812737465 10076
1649297625352 0.20138659790158273 10126
1649297727349 0.20169789597392082 10176
1649297829272 0.20918246671557428 10226
1649297931258 0.2058081291615963 10276
1649298033276 0.22068538665771484 10326
1649298135300 0.2126075130701065 10376
1649299086324 0.19354930832982065 10437
1649299188025 0.20754214614629746 10487
1649299289910 0.19798283249139786 10537
1649299392056 0.18759950503706932 10587
1649299494279 0.18284688428044318 10637
1649299596307 0.18849996894598006 10687
1649299698368 0.19936085969209671 10737
1649299800473 0.19882612839341163 10787
1649299902465 0.20070874735713004 10837
1649300004739 0.17458597883582117 10887
1649300106791 0.18823758408427238 10937
1649300208996 0.18511369079351425 10987
1649301148580 0.1867218054831028 11048
1649301250393 0.18583677038550378 11098
1649301352285 0.16845603227615358 11148
1649301454461 0.18496810168027877 11198
1649301556573 0.1724810330569744 11248
1649301658696 0.17987422302365302 11298
1649301760920 0.18257994279265405 11348
1649301863068 0.18291426301002503 11398
1649301965206 0.18273462280631064 11448
1649302067130 0.18011499121785163 11498
1649302169180 0.18152485504746438 11548
1649302271564 0.17595006316900252 11598
1649303214443 0.17458638846874236 11659
1649303316254 0.17704488918185235 11709
1649303417997 0.17668435350060463 11759
1649303519716 0.1725175103545189 11809
1649303621554 0.1558710415661335 11859
1649303723450 0.1799420791864395 11909
1649303825326 0.17397311702370644 11959
1649303927208 0.16240890443325043 12009
1649304029179 0.1784583479166031 12059
1649304131289 0.16579742059111596 12109
1649304233763 0.1647523231804371 12159
1649304335498 0.16481387719511986 12209
