1649243196405 1.4071785354614257 50
1649243403589 1.0388974618911744 100
1649243612640 0.981232432126999 150
1649243820812 0.9740777492523194 200
1649244028410 0.9568141674995423 250
1649244236260 0.920938777923584 300
1649244444269 0.8741389977931976 350
1649244652433 0.8374366331100463 400
1649244860666 0.7787384927272797 450
1649245069263 0.7195966398715973 500
1649245278094 0.6481564760208129 550
1649245448762 0.6135166472196579 600
1649246639271 0.573848689198494 661
1649246848941 0.5584853488206863 711
1649247058542 0.5096893286705018 761
1649247268074 0.5124797302484513 811
1649247477983 0.5368045097589493 861
1649247687683 0.49998411536216736 911
1649247897652 0.5005179059505462 961
1649248107497 0.464758015871048 1011
1649248317515 0.47025863885879515 1061
1649248527698 0.4828523176908493 1111
1649248737991 0.43614230751991273 1161
1649248903293 0.45108897119760516 1211
1649250103253 0.41610980808734893 1272
1649250313543 0.39609509587287905 1322
1649250523921 0.3927894216775894 1372
1649250734503 0.4055740538239479 1422
1649250945036 0.43072996854782103 1472
1649251155796 0.40452486276626587 1522
1649251366481 0.4290346699953079 1572
1649251577311 0.38313358813524245 1622
1649251788092 0.39725675523281095 1672
1649251999191 0.391488696038723 1722
1649252210017 0.4186569792032242 1772
1649252368813 0.38185392677783964 1822
1649253573266 0.36735660791397096 1883
1649253788123 0.36170385509729386 1933
1649254003306 0.3539497873187065 1983
1649254217933 0.3646856734156609 2033
1649254432687 0.372343188226223 2083
1649254647717 0.3533449783921242 2133
1649254862742 0.361433122754097 2183
1649255077516 0.37943626135587694 2233
1649255293032 0.3516128173470497 2283
1649255508674 0.3447435799241066 2333
1649255723471 0.36196343004703524 2383
1649255881820 0.3657245546579361 2433
1649257073295 0.3361590787768364 2494
1649257285207 0.30893394082784653 2544
1649257497119 0.33680964916944506 2594
1649257709004 0.3210123413801193 2644
1649257920707 0.3128038713335991 2694
1649258132552 0.3531458243727684 2744
1649258344191 0.32656740576028825 2794
1649258556034 0.3315421539545059 2844
1649258767832 0.320956794321537 2894
1649258979859 0.33343068867921827 2944
1649259190534 0.3359759271144867 2994
1649259349614 0.32229490876197814 3044
1649260545965 0.3217426148056984 3105
1649260761433 0.3045283907651901 3155
1649260977517 0.3243257224559784 3205
1649261193285 0.3088650903105736 3255
1649261408915 0.3134967973828316 3305
1649261624271 0.3028659155964851 3355
1649261840532 0.31976293891668317 3405
1649262056301 0.31921527683734896 3455
1649262272345 0.2942975291609764 3505
1649262488084 0.31376290917396543 3555
1649262704160 0.28952429741621016 3605
1649262864648 0.31756633281707763 3655
1649264060426 0.3069003151357174 3716
1649264276322 0.290682732462883 3766
1649264492517 0.2884237992763519 3816
1649264708605 0.28365682989358904 3866
1649264925184 0.2901777768135071 3916
1649265141410 0.2873994415998459 3966
1649265357448 0.2977548933029175 4016
1649265573630 0.28965322524309156 4066
1649265789367 0.29142660945653914 4116
1649266005339 0.3041526225209236 4166
1649266220000 0.27703139171004293 4216
1649266380661 0.3005598211288452 4266
1649267579093 0.28017619520425796 4327
1649267795485 0.277302143573761 4377
1649268011289 0.2832710142433643 4427
1649268227465 0.27465284198522566 4477
1649268443645 0.28485932320356366 4527
1649268659616 0.27435808032751086 4577
1649268872897 0.24995857506990432 4627
1649269085400 0.272090312987566 4677
1649269298575 0.26833552449941633 4727
1649269511469 0.2715153467655182 4777
1649269723729 0.28961766958236695 4827
1649269884566 0.2645831334590912 4877
1649271078590 0.26265500485897064 4938
1649271292219 0.2532812798023224 4988
1649271505868 0.29153678953647616 5038
1649271719492 0.2576069822907448 5088
1649271932580 0.25940681040287017 5138
1649272146663 0.2636898559331894 5188
1649272360718 0.27587889820337297 5238
1649272574661 0.2561319813132286 5288
1649272788442 0.266065269112587 5338
1649273001511 0.26719602167606354 5388
1649273211222 0.24740273833274842 5438
1649273370661 0.2501064276695251 5488
1649274547929 0.25647064954042437 5549
1649274759944 0.23772450149059296 5599
1649274971449 0.2477721881866455 5649
1649275183657 0.2555825036764145 5699
1649275395087 0.24292490363121033 5749
1649275607335 0.2604956775903702 5799
1649275819131 0.2615291704237461 5849
1649276030950 0.2607491062581539 5899
1649276243097 0.24936148881912232 5949
1649276454533 0.24839729219675064 5999
1649276666474 0.24499383211135864 6049
1649276825715 0.2534805443882942 6099
1649277998245 0.23988285720348357 6160
1649278209691 0.25522551089525225 6210
1649278421266 0.24772365063428878 6260
1649278632879 0.23899578511714936 6310
1649278844734 0.2572189599275589 6360
1649279056317 0.22665537595748902 6410
1649279267948 0.24253210112452506 6460
1649279479863 0.2522981154918671 6510
1649279691390 0.2572684952616692 6560
1649279902955 0.25615135952830315 6610
1649280114456 0.23492678195238115 6660
1649280274657 0.25666346251964567 6710
1649281447546 0.2321387991309166 6771
1649281661864 0.2335087263584137 6821
1649281876375 0.2282265242934227 6871
1649282091068 0.22832359805703162 6921
1649282305451 0.23942970871925354 6971
1649282519967 0.23866359800100326 7021
1649282734660 0.22454655975103377 7071
1649282949299 0.25612132251262665 7121
1649283164145 0.23971195876598358 7171
1649283378679 0.24168662443757058 7221
1649283593446 0.23677734017372132 7271
1649283758052 0.23966504335403443 7321
1649284936139 0.22649581402540206 7382
1649285148033 0.23362416446208953 7432
1649285359602 0.21463070034980775 7482
1649285571214 0.23191738814115526 7532
1649285783817 0.23651339158415793 7582
1649285996196 0.2271400982141495 7632
1649286208723 0.23962811022996902 7682
1649286420856 0.22667894497513771 7732
1649286632833 0.22854071542620658 7782
1649286845232 0.23750989973545075 7832
1649287057571 0.2274888986349106 7882
1649287223099 0.2380170091986656 7932
1649288399219 0.2219982025027275 7993
1649288613811 0.2101512223482132 8043
1649288828723 0.21843484804034233 8093
1649289043559 0.21641804665327072 8143
1649289258617 0.22300693318247794 8193
1649289473647 0.21247614905238152 8243
1649289688540 0.22056089714169502 8293
1649289903248 0.2413061621785164 8343
1649290117985 0.22787812530994414 8393
1649290332554 0.23013539418578147 8443
1649290547449 0.2109661054611206 8493
1649290714820 0.21422317370772362 8543
1649291882404 0.21751534134149553 8604
1649292095396 0.22463352710008622 8654
1649292308041 0.19474183693528174 8704
1649292521232 0.21630458742380143 8754
1649292733916 0.22707203313708305 8804
1649292947189 0.22242126986384392 8854
1649293160643 0.2159666757285595 8904
1649293374083 0.2082802511751652 8954
1649293587317 0.22610239803791046 9004
1649293777244 0.22048244938254358 9054
1649293879715 0.2084979520738125 9104
1649293981791 0.21152715235948563 9154
1649294941021 0.19744199499487877 9215
1649295043034 0.20157809063792229 9265
1649295145049 0.21430798768997192 9315
1649295247253 0.20106648057699203 9365
1649295349161 0.21383086681365968 9415
1649295451346 0.20611773699522018 9465
1649295553262 0.2176665410399437 9515
1649295655255 0.21833006769418717 9565
1649295757198 0.21626322612166404 9615
1649295859152 0.21748478919267655 9665
1649295961211 0.2186507001519203 9715
1649296063146 0.20915684163570403 9765
1649297013528 0.1901727218925953 9826
1649297115356 0.18572367280721663 9876
1649297217348 0.18221113249659537 9926
1649297319380 0.19996712505817413 9976
1649297421512 0.17803293630480765 10026
1649297523467 0.17256787300109863 10076
1649297625352 0.17647747799754143 10126
1649297727349 0.18323741614818573 10176
1649297829272 0.1796843284368515 10226
1649297931258 0.18784915581345557 10276
1649298033276 0.18824030324816704 10326
1649298135300 0.19255949705839157 10376
1649299086324 0.1836354099214077 10437
1649299188025 0.18832349464297293 10487
1649299289910 0.18200679779052734 10537
1649299392056 0.1705051638185978 10587
1649299494279 0.1673848496377468 10637
1649299596307 0.17520283728837968 10687
1649299698368 0.17464298218488694 10737
1649299800473 0.18131759375333786 10787
1649299902465 0.17644467160105706 10837
1649300004739 0.16561776399612427 10887
1649300106791 0.17457827627658845 10937
1649300208996 0.1785537013411522 10987
1649301148580 0.17117459431290627 11048
1649301250393 0.17693433672189712 11098
1649301352285 0.16602409198880197 11148
1649301454461 0.17307955652475357 11198
1649301556573 0.16511842161417006 11248
1649301658696 0.16815817341208458 11298
1649301760920 0.17472078040242195 11348
1649301863068 0.1779191154241562 11398
1649301965206 0.17790453553199767 11448
1649302067130 0.1753932684659958 11498
1649302169180 0.1731855194270611 11548
1649302271564 0.16449562042951585 11598
1649303214443 0.17817941665649414 11659
1649303316254 0.17309703975915908 11709
1649303417997 0.16606586873531343 11759
1649303519716 0.1800336304306984 11809
1649303621554 0.15098000079393387 11859
1649303723450 0.17338318809866904 11909
1649303825326 0.1672609469294548 11959
1649303927208 0.1669925245642662 12009
1649304029179 0.16919442087411882 12059
1649304131289 0.16124649435281754 12109
1649304233763 0.16801456212997437 12159
1649304335498 0.16065165862441064 12209
