1649243196405 0.7050925815105438 50
1649243403589 0.5584244114160538 100
1649243612640 0.5078701651096345 150
1649243820812 0.5024200803041459 200
1649244028410 0.49462836265563964 250
1649244236260 0.48700959026813506 300
1649244444269 0.4698126626014709 350
1649244652433 0.4568433266878128 400
1649244860666 0.4351992827653885 450
1649245069263 0.4113327777385712 500
1649245278094 0.384986886382103 550
1649245448762 0.3662927341461182 600
1649246639271 0.35241774618625643 661
1649246848941 0.342393713593483 711
1649247058542 0.32467684388160706 761
1649247268074 0.3229884535074234 811
1649247477983 0.3319459730386734 861
1649247687683 0.31588904350996017 911
1649247897652 0.31346047967672347 961
1649248107497 0.30209500521421434 1011
1649248317515 0.30347634822130204 1061
1649248527698 0.30933275192975995 1111
1649248737991 0.28638201266527175 1161
1649248903293 0.29336477726697924 1211
1649250103253 0.27801356196403504 1272
1649250313543 0.26911144226789474 1322
1649250523921 0.27027265369892123 1372
1649250734503 0.2729210650920868 1422
1649250945036 0.28418773859739305 1472
1649251155796 0.27232595801353454 1522
1649251366481 0.2810754984617233 1572
1649251577311 0.2625960791110992 1622
1649251788092 0.26909288704395296 1672
1649251999191 0.26657270312309267 1722
1649252210017 0.27733013927936556 1772
1649252368813 0.2616721150279045 1822
1649253573266 0.2565628454089165 1883
1649253788123 0.2521076595783234 1933
1649254003306 0.2503000643849373 1983
1649254217933 0.2556179895997047 2033
1649254432687 0.25806737422943116 2083
1649254647717 0.249428588449955 2133
1649254862742 0.25304680347442626 2183
1649255077516 0.26050544321537017 2233
1649255293032 0.2480040594935417 2283
1649255508674 0.2471492314338684 2333
1649255723471 0.2527798146009445 2383
1649255881820 0.2562676003575325 2433
1649257073295 0.2439850813150406 2494
1649257285207 0.23099457442760468 2544
1649257497119 0.24171569108963012 2594
1649257709004 0.23359798818826674 2644
1649257920707 0.23262167394161223 2694
1649258132552 0.24889600902795792 2744
1649258344191 0.2406552478671074 2794
1649258556034 0.24123548924922944 2844
1649258767832 0.23398451626300812 2894
1649258979859 0.23934090673923492 2944
1649259190534 0.24350411981344222 2994
1649259349614 0.2379462417960167 3044
1649260545965 0.2340617299079895 3105
1649260761433 0.23078206777572632 3155
1649260977517 0.2328229448199272 3205
1649261193285 0.23132892489433288 3255
1649261408915 0.2321181344985962 3305
1649261624271 0.2266498813033104 3355
1649261840532 0.2356593856215477 3405
1649262056301 0.23364503890275956 3455
1649262272345 0.22552852869033813 3505
1649262488084 0.23304030299186707 3555
1649262704160 0.22297420740127563 3605
1649262864648 0.23462803661823273 3655
1649264060426 0.22873399049043655 3716
1649264276322 0.22435943603515626 3766
1649264492517 0.2212156319618225 3816
1649264708605 0.21871179223060608 3866
1649264925184 0.22151644438505172 3916
1649265141410 0.2217889055609703 3966
1649265357448 0.2252546492218971 4016
1649265573630 0.2225343629717827 4066
1649265789367 0.22344843953847884 4116
1649266005339 0.22660962849855423 4166
1649266220000 0.21583395153284074 4216
1649266380661 0.22576421707868577 4266
1649267579093 0.21741736859083174 4327
1649267795485 0.21592588543891908 4377
1649268011289 0.2182529428601265 4427
1649268227465 0.21398110538721085 4477
1649268443645 0.22018253028392792 4527
1649268659616 0.21603555291891097 4577
1649268872897 0.20754409700632095 4627
1649269085400 0.21290478110313416 4677
1649269298575 0.21515143156051636 4727
1649269511469 0.21438867330551148 4777
1649269723729 0.22233938604593276 4827
1649269884566 0.20941088497638702 4877
1649271078590 0.21012666910886765 4938
1649271292219 0.20487879663705827 4988
1649271505868 0.2211074510216713 5038
1649271719492 0.2087309330701828 5088
1649271932580 0.21013174176216126 5138
1649272146663 0.20975594133138656 5188
1649272360718 0.21496766805648804 5238
1649272574661 0.2100632244348526 5288
1649272788442 0.21106255739927293 5338
1649273001511 0.2116723996400833 5388
1649273211222 0.20238798797130586 5438
1649273370661 0.20563183963298798 5488
1649274547929 0.20877621471881866 5549
1649274759944 0.2006744399666786 5599
1649274971449 0.2007801616191864 5649
1649275183657 0.20674912601709367 5699
1649275395087 0.20152418792247773 5749
1649275607335 0.20965371876955033 5799
1649275819131 0.2095133239030838 5849
1649276030950 0.2086988317966461 5899
1649276243097 0.20533475935459136 5949
1649276454533 0.20523858547210694 5999
1649276666474 0.20211004644632338 6049
1649276825715 0.20667885720729828 6099
1649277998245 0.19987374573945998 6160
1649278209691 0.205295629799366 6210
1649278421266 0.20558763027191163 6260
1649278632879 0.1995679545402527 6310
1649278844734 0.20669189870357513 6360
1649279056317 0.19385821104049683 6410
1649279267948 0.20165252119302748 6460
1649279479863 0.2053562018275261 6510
1649279691390 0.2076470896601677 6560
1649279902955 0.2071233096718788 6610
1649280114456 0.1987437951564789 6660
1649280274657 0.20658376753330232 6710
1649281447546 0.19624857276678084 6771
1649281661864 0.19604429215192795 6821
1649281876375 0.1948915261030197 6871
1649282091068 0.19489975690841674 6921
1649282305451 0.20031866043806076 6971
1649282519967 0.20106090515851974 7021
1649282734660 0.19420288294553756 7071
1649282949299 0.2059474292397499 7121
1649283164145 0.20212697386741638 7171
1649283378679 0.19795060634613038 7221
1649283593446 0.19944360673427583 7271
1649283758052 0.19977429777383804 7321
1649284936139 0.19416896909475326 7382
1649285148033 0.19843771010637284 7432
1649285359602 0.18851939409971238 7482
1649285571214 0.19590486973524093 7532
1649285783817 0.19869048297405242 7582
1649285996196 0.19603434920310975 7632
1649286208723 0.199413061439991 7682
1649286420856 0.19483602315187454 7732
1649286632833 0.19635398775339127 7782
1649286845232 0.20028740406036377 7832
1649287057571 0.19718196362257004 7882
1649287223099 0.19772757083177567 7932
1649288399219 0.1908835858106613 7993
1649288613811 0.18843129575252532 8043
1649288828723 0.1906326848268509 8093
1649289043559 0.1910781294107437 8143
1649289258617 0.1930979546904564 8193
1649289473647 0.18895321518182753 8243
1649289688540 0.1926331976056099 8293
1649289903248 0.19960962116718292 8343
1649290117985 0.19420831441879272 8393
1649290332554 0.19416219472885132 8443
1649290547449 0.18801362067461014 8493
1649290714820 0.1910774490237236 8543
1649291882404 0.19135551273822785 8604
1649292095396 0.19429242730140686 8654
1649292308041 0.17997471392154693 8704
1649292521232 0.18966544419527054 8754
1649292733916 0.19504048079252242 8804
1649292947189 0.19255474478006362 8854
1649293160643 0.1885518702864647 8904
1649293374083 0.18634164303541184 8954
1649293587317 0.19435049533843995 9004
1649293777244 0.19080550938844681 9054
1649293879715 0.18696379244327546 9104
1649293981791 0.18715158015489577 9154
1649294941021 0.18133228421211242 9215
1649295043034 0.18360888481140136 9265
1649295145049 0.18668508887290955 9315
1649295247253 0.18489587932825088 9365
1649295349161 0.18947617053985596 9415
1649295451346 0.18310512751340866 9465
1649295553262 0.18918196946382523 9515
1649295655255 0.191273772418499 9565
1649295757198 0.18977014899253844 9615
1649295859152 0.19196238368749619 9665
1649295961211 0.19219944536685943 9715
1649296063146 0.1863270330429077 9765
1649297013528 0.1788990715146065 9826
1649297115356 0.17780798226594924 9876
1649297217348 0.17634655952453612 9926
1649297319380 0.1838196638226509 9976
1649297421512 0.17627520263195037 10026
1649297523467 0.1735721305012703 10076
1649297625352 0.17515668630599976 10126
1649297727349 0.17694155961275101 10176
1649297829272 0.1766138580441475 10226
1649297931258 0.17869236141443254 10276
1649298033276 0.1810317036509514 10326
1649298135300 0.18132139980793 10376
1649299086324 0.17750418215990066 10437
1649299188025 0.18086477279663085 10487
1649299289910 0.1769988062977791 10537
1649299392056 0.17375106543302535 10587
1649299494279 0.17246517688035964 10637
1649299596307 0.17371195524930955 10687
1649299698368 0.17350370854139327 10737
1649299800473 0.1761240178346634 10787
1649299902465 0.17591153979301452 10837
1649300004739 0.17102215349674224 10887
1649300106791 0.1735150009393692 10937
1649300208996 0.17603957772254944 10987
1649301148580 0.17382948264479636 11048
1649301250393 0.17725366562604905 11098
1649301352285 0.1720113632082939 11148
1649301454461 0.17322632402181626 11198
1649301556573 0.1710207200050354 11248
1649301658696 0.17000679671764374 11298
1649301760920 0.17482280999422073 11348
1649301863068 0.1756319984793663 11398
1649301965206 0.1759953847527504 11448
1649302067130 0.1733413642644882 11498
1649302169180 0.17235539138317107 11548
1649302271564 0.16908749908208848 11598
1649303214443 0.17430492967367173 11659
1649303316254 0.17442082583904267 11709
1649303417997 0.17013303995132445 11759
1649303519716 0.17714805275201798 11809
1649303621554 0.16574291229248048 11859
1649303723450 0.17447611153125764 11909
1649303825326 0.17136814415454865 11959
1649303927208 0.17248839288949966 12009
1649304029179 0.1717912596464157 12059
1649304131289 0.16901556491851807 12109
1649304233763 0.17120058506727218 12159
1649304335498 0.17039038628339767 12209
