1649243196405 2.3267022562026978 50
1649243403589 2.0461396837234496 100
1649243612640 1.93487722158432 150
1649243820812 1.9514537405967713 200
1649244028410 1.9500444364547729 250
1649244236260 1.9149485659599303 300
1649244444269 1.8640304899215698 350
1649244652433 1.8328894305229186 400
1649244860666 1.7934585285186768 450
1649245069263 1.730941436290741 500
1649245278094 1.6565903520584107 550
1649245448762 1.5914451813697814 600
1649246639271 1.5403733897209166 661
1649246848941 1.542854723930359 711
1649247058542 1.4522910356521606 761
1649247268074 1.4224304485321044 811
1649247477983 1.478890426158905 861
1649247687683 1.4413144564628602 911
1649247897652 1.4248299479484559 961
1649248107497 1.411860191822052 1011
1649248317515 1.3893312621116638 1061
1649248527698 1.4455203437805175 1111
1649248737991 1.3497467851638794 1161
1649248903293 1.3475145125389099 1211
1649250103253 1.2795897126197815 1272
1649250313543 1.246982263326645 1322
1649250523921 1.2548335981369019 1372
1649250734503 1.3023116326332091 1422
1649250945036 1.3176593565940857 1472
1649251155796 1.2583703637123107 1522
1649251366481 1.2649475288391114 1572
1649251577311 1.2338984060287475 1622
1649251788092 1.2526467967033386 1672
1649251999191 1.2413066446781158 1722
1649252210017 1.2463537192344665 1772
1649252368813 1.2393063402175903 1822
1649253573266 1.1654283344745635 1883
1649253788123 1.1729117286205293 1933
1649254003306 1.1525780713558198 1983
1649254217933 1.2011427104473114 2033
1649254432687 1.1735586833953857 2083
1649254647717 1.1599079835414887 2133
1649254862742 1.1493148481845856 2183
1649255077516 1.175416705608368 2233
1649255293032 1.1212748873233795 2283
1649255508674 1.1764253354072571 2333
1649255723471 1.1627680802345275 2383
1649255881820 1.1634877240657806 2433
1649257073295 1.0839092588424684 2494
1649257285207 1.0497572445869445 2544
1649257497119 1.0928783690929413 2594
1649257709004 1.075156626701355 2644
1649257920707 1.0596350347995758 2694
1649258132552 1.1051883018016815 2744
1649258344191 1.0885411953926087 2794
1649258556034 1.0968009781837464 2844
1649258767832 1.0539272129535675 2894
1649258979859 1.0893737256526947 2944
1649259190534 1.0800912415981292 2994
1649259349614 1.1045829689502715 3044
1649260545965 1.025664746761322 3105
1649260761433 1.0471362268924713 3155
1649260977517 1.0314270555973053 3205
1649261193285 1.0176985955238342 3255
1649261408915 1.010708590745926 3305
1649261624271 1.0020892226696014 3355
1649261840532 1.0478913545608521 3405
1649262056301 1.0459502673149108 3455
1649262272345 1.0037934684753418 3505
1649262488084 1.0097760736942292 3555
1649262704160 0.9771771252155304 3605
1649262864648 1.038021832704544 3655
1649264060426 0.9818695282936096 3716
1649264276322 0.9637540245056152 3766
1649264492517 0.9475170719623566 3816
1649264708605 0.9390631794929505 3866
1649264925184 0.9717964375019074 3916
1649265141410 0.9598399019241333 3966
1649265357448 0.964803239107132 4016
1649265573630 0.9829278385639191 4066
1649265789367 0.9570284748077392 4116
1649266005339 1.0125645101070404 4166
1649266220000 0.9377996480464935 4216
1649266380661 0.9883203303813934 4266
1649267579093 0.951291286945343 4327
1649267795485 0.9317054951190948 4377
1649268011289 0.9342122995853424 4427
1649268227465 0.9205676662921906 4477
1649268443645 0.9162885761260986 4527
1649268659616 0.9110587704181671 4577
1649268872897 0.8794852912425994 4627
1649269085400 0.9278872120380401 4677
1649269298575 0.8992697858810424 4727
1649269511469 0.9041137373447419 4777
1649269723729 0.9140412151813507 4827
1649269884566 0.9166365957260132 4877
1649271078590 0.8661358630657197 4938
1649271292219 0.8486559963226319 4988
1649271505868 0.9111987257003784 5038
1649271719492 0.8661141479015351 5088
1649271932580 0.8867759561538696 5138
1649272146663 0.8799860489368438 5188
1649272360718 0.919801379442215 5238
1649272574661 0.8720518064498901 5288
1649272788442 0.8984429216384888 5338
1649273001511 0.8681561458110809 5388
1649273211222 0.8432641923427582 5438
1649273370661 0.8328738796710968 5488
1649274547929 0.8609064304828644 5549
1649274759944 0.819262889623642 5599
1649274971449 0.8273713648319244 5649
1649275183657 0.8277472841739655 5699
1649275395087 0.8265675735473633 5749
1649275607335 0.8464039659500122 5799
1649275819131 0.8334264600276947 5849
1649276030950 0.8347427445650101 5899
1649276243097 0.8445329248905182 5949
1649276454533 0.8464292895793915 5999
1649276666474 0.814351750612259 6049
1649276825715 0.8375850701332093 6099
1649277998245 0.7811228990554809 6160
1649278209691 0.8101990979909897 6210
1649278421266 0.7959434521198273 6260
1649278632879 0.776575208902359 6310
1649278844734 0.8233515477180481 6360
1649279056317 0.7925570368766784 6410
1649279267948 0.8281375014781952 6460
1649279479863 0.8183635258674622 6510
1649279691390 0.8280959701538086 6560
1649279902955 0.8141823214292526 6610
1649280114456 0.8007839298248292 6660
1649280274657 0.8300963830947876 6710
1649281447546 0.7592895960807801 6771
1649281661864 0.7505206441879273 6821
1649281876375 0.7497882676124573 6871
1649282091068 0.7485533607006073 6921
1649282305451 0.7776688182353974 6971
1649282519967 0.7766357058286667 7021
1649282734660 0.7382413071393966 7071
1649282949299 0.8089061939716339 7121
1649283164145 0.8068711245059967 7171
1649283378679 0.794004898071289 7221
1649283593446 0.7822687709331513 7271
1649283758052 0.8111478412151336 7321
1649284936139 0.7330806612968445 7382
1649285148033 0.7400830280780792 7432
1649285359602 0.7407638281583786 7482
1649285571214 0.7972618913650513 7532
1649285783817 0.7627092427015305 7582
1649285996196 0.7484642499685288 7632
1649286208723 0.788483806848526 7682
1649286420856 0.761194087266922 7732
1649286632833 0.7565186846256257 7782
1649286845232 0.7650411319732666 7832
1649287057571 0.7478492796421051 7882
1649287223099 0.7711388260126114 7932
1649288399219 0.6994626539945602 7993
1649288613811 0.672746611237526 8043
1649288828723 0.6967225682735443 8093
1649289043559 0.7181294745206833 8143
1649289258617 0.7228196382522583 8193
1649289473647 0.7023726052045822 8243
1649289688540 0.7151967895030975 8293
1649289903248 0.7394945633411407 8343
1649290117985 0.7272251653671264 8393
1649290332554 0.7464276081323624 8443
1649290547449 0.7301873278617859 8493
1649290714820 0.7202821099758148 8543
1649291882404 0.6893918013572693 8604
1649292095396 0.7173696780204772 8654
1649292308041 0.6477123802900314 8704
1649292521232 0.7043987381458282 8754
1649292733916 0.7260400235652924 8804
1649292947189 0.7002186769247055 8854
1649293160643 0.6778138971328735 8904
1649293374083 0.6757787728309631 8954
1649293587317 0.7170546132326127 9004
1649293777244 0.693458594083786 9054
1649293879715 0.6828917080163955 9104
1649293981791 0.7007289201021194 9154
1649294941021 0.636249834895134 9215
1649295043034 0.657334069609642 9265
1649295145049 0.6683876919746399 9315
1649295247253 0.6397072923183441 9365
1649295349161 0.6761667937040329 9415
1649295451346 0.6537573325634003 9465
1649295553262 0.6726115429401398 9515
1649295655255 0.6845843434333801 9565
1649295757198 0.6846112114191055 9615
1649295859152 0.6953363823890686 9665
1649295961211 0.6948264580965042 9715
1649296063146 0.6679170471429825 9765
1649297013528 0.6320686733722687 9826
1649297115356 0.5844955241680145 9876
1649297217348 0.5765351247787476 9926
1649297319380 0.6014491432905197 9976
1649297421512 0.5742194014787674 10026
1649297523467 0.5522880893945694 10076
1649297625352 0.553020761013031 10126
1649297727349 0.5618768721818924 10176
1649297829272 0.5654806518554687 10226
1649297931258 0.5723496514558792 10276
1649298033276 0.5899573993682862 10326
1649298135300 0.5864884108304977 10376
1649299086324 0.5546888953447342 10437
1649299188025 0.5767304164171219 10487
1649299289910 0.5569884377717972 10537
1649299392056 0.5318557345867156 10587
1649299494279 0.5226969105005265 10637
1649299596307 0.5374147605895996 10687
1649299698368 0.5475075477361679 10737
1649299800473 0.5562677419185639 10787
1649299902465 0.5530649590492248 10837
1649300004739 0.5112258964776992 10887
1649300106791 0.5363308656215667 10937
1649300208996 0.53970696747303 10987
1649301148580 0.5317258822917938 11048
1649301250393 0.5400247746706008 11098
1649301352285 0.5064914900064469 11148
1649301454461 0.5312739866971969 11198
1649301556573 0.5086201757192612 11248
1649301658696 0.5180391955375672 11298
1649301760920 0.53212353348732 11348
1649301863068 0.5364653784036636 11398
1649301965206 0.5366345477104187 11448
1649302067130 0.5288496261835098 11498
1649302169180 0.5270657676458359 11548
1649302271564 0.5095331817865372 11598
1649303214443 0.5270707327127456 11659
1649303316254 0.5245627593994141 11709
1649303417997 0.5128832644224167 11759
1649303519716 0.5296991956233978 11809
1649303621554 0.472593954205513 11859
1649303723450 0.5278013753890991 11909
1649303825326 0.512602208852768 11959
1649303927208 0.5018898183107376 12009
1649304029179 0.519444027543068 12059
1649304131289 0.4960594791173935 12109
1649304233763 0.5039674711227417 12159
1649304335498 0.49585592091083525 12209
