1649170911550 2.9557276594638826 50
1649170981282 1.0252757894992828 100
1649171051478 1.0129517263174057 150
1649171121230 0.7501230308413506 200
1649171192047 0.7171872505545616 250
1649171262425 0.9061867097020149 300
1649171331930 0.704237715601921 350
1649171402561 0.9120852291584015 400
1649171473010 0.945157191157341 450
1649171543668 0.8433597731590271 500
1649171614376 0.7688277000188828 550
1649171684617 0.8429289948940277 600
1649171754626 0.8677036482095718 650
1649171824982 0.9024929225444793 700
1649171895128 0.9041162535548211 750
1649171965671 1.000775448679924 800
1649172035731 0.7288608631491661 850
1649172105867 0.701431750357151 900
1649172175553 0.9468675372004509 950
1649172245541 0.9306296461820602 1000
1649172315997 0.9981990361213684 1050
1649172386350 0.9973710942268371 1100
1649172456597 0.9143930077552795 1150
1649172526943 0.9378723245859146 1200
1649172597364 0.8273080718517304 1250
1649172667538 0.878921440243721 1300
1649172737411 0.8277086859941483 1350
1649172807706 0.934346677660942 1400
1649172877469 0.9089426732063294 1450
1649172947293 0.8927270230650902 1500
1649173018332 0.8835030999779702 1550
1649173088952 0.7616216972470283 1600
1649173159080 0.8790325984358788 1650
1649173229228 0.8170845732092857 1700
1649173299530 0.8689831030368805 1750
1649173370250 0.902407655119896 1800
1649173440584 0.9733958202600479 1850
1649173510547 0.8795619547367096 1900
1649173581504 0.9880293577909469 1950
1649173888826 0.955566266477108 2001
1649173958631 0.8975497487187386 2051
1649174028849 0.7763383141160012 2101
1649174098526 0.8842401385307312 2151
1649174169083 0.922397688627243 2201
1649174239023 0.8734451371431351 2251
1649174309737 0.8710315543413162 2301
1649174379608 0.8711019663512707 2351
1649174449324 0.7919930627942086 2401
1649174519162 0.8386542257666588 2451
1649174589199 0.8357841223478317 2501
1649174659849 0.7053615954518319 2551
1649174730068 0.7620894539356232 2601
1649174800297 0.7156550979614258 2651
1649174871080 0.89985475897789 2701
1649174941436 0.7815443485975265 2751
1649175011861 0.8478977450728417 2801
1649175082214 0.7877082416415214 2851
1649175152358 0.8073687177896499 2901
1649175221870 0.7689240978658199 2951
1649175292255 0.8275514039397239 3001
1649175362242 0.853736838400364 3051
1649175432730 0.7261433094739914 3101
1649175503510 0.8274562919139862 3151
1649175573734 0.7675481539964676 3201
1649175644045 0.6889391057193279 3251
1649175714482 0.8132449901103973 3301
1649175785459 0.8788229835033416 3351
1649175855548 0.8803107288479805 3401
1649175925796 0.8033838096261025 3451
1649175996108 0.7553847488760949 3501
1649176066683 0.8817356237769127 3551
1649176136835 0.7445303952693939 3601
1649176207225 0.8637088906764984 3651
1649176277123 0.7691804766654968 3701
1649176347042 0.8883096319437027 3751
1649176417467 0.7522440475225448 3801
1649176487668 0.9275144660472869 3851
1649176558116 0.8163920396566391 3901
1649176873568 0.6631251442432403 3952
1649176943904 0.7227170497179032 4002
1649177014704 0.7555874054133892 4052
1649177084700 0.7954714332520961 4102
1649177154812 0.7539186382293701 4152
1649177225085 0.7919519028067589 4202
1649177295209 0.7607324650883674 4252
1649177365419 0.7991754701733589 4302
1649177435862 0.7236879968643188 4352
1649177506325 0.7539598858356475 4402
1649177577166 0.7460422444343567 4452
1649177647609 0.701045389175415 4502
1649177717639 0.7065361765027046 4552
1649177787516 0.7480156546831132 4602
1649177857708 0.7310726380348206 4652
1649177928007 0.7057803405821323 4702
1649177998982 0.7492998483777046 4752
1649178068811 0.7628003567457199 4802
1649178139199 0.7633666725456715 4852
1649178209268 0.8349183742702008 4902
1649178278882 0.8381382757425309 4952
1649178349300 0.7045225104689599 5002
1649178419156 0.7168686188757419 5052
1649178489148 0.7024445421993732 5102
1649178558556 0.8455424182116985 5152
1649178628923 0.6704759193956852 5202
1649178699459 0.7512802240252495 5252
1649178769411 0.7631210005283355 5302
1649178839619 0.6438994051516056 5352
1649178909982 0.7282486246526241 5402
1649178979682 0.7766708195209503 5452
1649179049835 0.6857015247642994 5502
1649179119846 0.7322148841619491 5552
1649179189901 0.6404039281606674 5602
1649179260232 0.6357754629850387 5652
1649179330710 0.8019585515558719 5702
1649179400648 0.7655738225579262 5752
1649179471069 0.6551869077980519 5802
1649179541050 0.7338031488656998 5852
1649179848737 0.6223819670081139 5903
