1649170911550 0.664691641330719 50
1649170981282 0.43943510234355926 100
1649171051478 0.21859003856778145 150
1649171121230 0.12483780786395073 200
1649171192047 0.08884821727871894 250
1649171262425 0.09732585271820426 300
1649171331930 0.06905559793114663 350
1649171402561 0.08295100653544069 400
1649171473010 0.07035607439465821 450
1649171543668 0.05150807417929173 500
1649171614376 0.047510587982833384 550
1649171684617 0.04477073039859533 600
1649171754626 0.05698497590608895 650
1649171824982 0.060397208016365764 700
1649171895128 0.05149085387121886 750
1649171965671 0.04864507582969964 800
1649172035731 0.03791204557754099 850
1649172105867 0.03361761284060776 900
1649172175553 0.0576784460246563 950
1649172245541 0.05892717972397804 1000
1649172315997 0.06026668128557503 1050
1649172386350 0.07525221693329513 1100
1649172456597 0.055122005781158806 1150
1649172526943 0.05899338566698134 1200
1649172597364 0.041961560039781035 1250
1649172667538 0.055533871594816445 1300
1649172737411 0.04993974000215531 1350
1649172807706 0.05080774934962392 1400
1649172877469 0.06402349545620382 1450
1649172947293 0.05098818491213024 1500
1649173018332 0.04589242428774014 1550
1649173088952 0.04447788407560438 1600
1649173159080 0.04387029262259603 1650
1649173229228 0.03428904470521957 1700
1649173299530 0.03857433304423466 1750
1649173370250 0.05794087590649724 1800
1649173440584 0.06153240878600627 1850
1649173510547 0.05691986382938921 1900
1649173581504 0.054542818749323485 1950
1649173888826 0.03865050388965756 2001
1649173958631 0.0434955128422007 2051
1649174028849 0.028387926636496558 2101
1649174098526 0.04029332387261093 2151
1649174169083 0.036477984075900166 2201
1649174239023 0.044724551597610115 2251
1649174309737 0.04777125818189234 2301
1649174379608 0.05160737663740292 2351
1649174449324 0.036217423229827544 2401
1649174519162 0.03749723662622273 2451
1649174589199 0.035462314372416585 2501
1649174659849 0.0292838357295841 2551
1649174730068 0.032436239612288774 2601
1649174800297 0.03059991339687258 2651
1649174871080 0.04119182679336518 2701
1649174941436 0.03307997493073344 2751
1649175011861 0.04484017849201336 2801
1649175082214 0.03058104475494474 2851
1649175152358 0.06780443069990724 2901
1649175221870 0.0366527565382421 2951
1649175292255 0.03035536560229957 3001
1649175362242 0.044127400205470624 3051
1649175432730 0.03182649659924209 3101
1649175503510 0.03596548941452056 3151
1649175573734 0.03456693441374228 3201
1649175644045 0.0255523389717564 3251
1649175714482 0.02418860196135938 3301
1649175785459 0.046368871880695224 3351
1649175855548 0.049487476092763244 3401
1649175925796 0.04311793934553862 3451
1649175996108 0.037422513980418445 3501
1649176066683 0.06358187411446124 3551
1649176136835 0.029153610984794794 3601
1649176207225 0.03395897683105432 3651
1649176277123 0.033720351681113245 3701
1649176347042 0.03920980227412656 3751
1649176417467 0.028989770417683757 3801
1649176487668 0.039674549342598765 3851
1649176558116 0.03227381933829747 3901
1649176873568 0.02485870578675531 3952
1649176943904 0.03122941612964496 4002
1649177014704 0.030326460059732198 4052
1649177084700 0.025521387443877757 4102
1649177154812 0.028696436930913477 4152
1649177225085 0.030961619031149894 4202
1649177295209 0.0268941925400577 4252
1649177365419 0.03023474067915231 4302
1649177435862 0.02805532144382596 4352
1649177506325 0.024549211531411857 4402
1649177577166 0.030317234368994833 4452
1649177647609 0.02760413895128295 4502
1649177717639 0.03004030109848827 4552
1649177787516 0.02919263406773098 4602
1649177857708 0.026990153488586657 4652
1649177928007 0.025566079234704376 4702
1649177998982 0.025819260843854865 4752
1649178068811 0.02366904533118941 4802
1649178139199 0.03709218141390011 4852
1649178209268 0.042435211722040546 4902
1649178278882 0.042284403273370116 4952
1649178349300 0.027875263947062193 5002
1649178419156 0.026614443124271928 5052
1649178489148 0.02422347666346468 5102
1649178558556 0.03232488317240495 5152
1649178628923 0.026750445439247414 5202
1649178699459 0.030850668019847944 5252
1649178769411 0.026823713166522795 5302
1649178839619 0.026904581434791908 5352
1649178909982 0.027638985914527438 5402
1649178979682 0.02728273521468509 5452
1649179049835 0.027461806298233568 5502
1649179119846 0.0314277728414163 5552
1649179189901 0.03097237592970487 5602
1649179260232 0.027516393268015235 5652
1649179330710 0.025037189869908615 5702
1649179400648 0.028918226757086815 5752
1649179471069 0.01969772398006171 5802
1649179541050 0.03181246438296512 5852
1649179848737 0.023716958723962307 5903
