1649170911550 0.0806481520831585 50
1649170981282 0.039427919513545934 100
1649171051478 0.05993384604342282 150
1649171121230 0.046188366934657096 200
1649171192047 0.047374804904684424 250
1649171262425 0.060403421437367794 300
1649171331930 0.047301375543465835 350
1649171402561 0.06492381115444004 400
1649171473010 0.06568956166505814 450
1649171543668 0.03851170830894261 500
1649171614376 0.043780844807624814 550
1649171684617 0.039000302413478495 600
1649171754626 0.052937369127757844 650
1649171824982 0.04048029094003141 700
1649171895128 0.04447544835973531 750
1649171965671 0.03710264058317989 800
1649172035731 0.029057857804000376 850
1649172105867 0.02651675234083086 900
1649172175553 0.038193324806634336 950
1649172245541 0.0385400750185363 1000
1649172315997 0.05357085468247533 1050
1649172386350 0.04611372874584049 1100
1649172456597 0.03876521847676486 1150
1649172526943 0.04317293529864401 1200
1649172597364 0.03147625512909144 1250
1649172667538 0.03803699040785432 1300
1649172737411 0.033988882852718234 1350
1649172807706 0.04836742457468063 1400
1649172877469 0.03354971450287849 1450
1649172947293 0.035619736090302466 1500
1649173018332 0.03839719483163208 1550
1649173088952 0.03604428865946829 1600
1649173159080 0.03144043233944103 1650
1649173229228 0.0266713041998446 1700
1649173299530 0.04208141142502427 1750
1649173370250 0.03867912999354303 1800
1649173440584 0.047321879914961756 1850
1649173510547 0.03438960245810449 1900
1649173581504 0.04747646277537569 1950
1649173888826 0.03197591504082084 2001
1649173958631 0.041423162091523406 2051
1649174028849 0.030726819378323854 2101
1649174098526 0.03387665689457208 2151
1649174169083 0.03479842517292127 2201
1649174239023 0.045814027725718916 2251
1649174309737 0.035319187401328236 2301
1649174379608 0.04319994089193642 2351
1649174449324 0.03644261164823547 2401
1649174519162 0.02933333962690085 2451
1649174589199 0.02923062560148537 2501
1649174659849 0.03180545375915244 2551
1649174730068 0.03396616905112751 2601
1649174800297 0.02850475615821779 2651
1649174871080 0.03608421416953206 2701
1649174941436 0.029587850118987263 2751
1649175011861 0.03658016971778125 2801
1649175082214 0.024710783567279578 2851
1649175152358 0.03599221099633723 2901
1649175221870 0.02853576354449615 2951
1649175292255 0.032603193973191086 3001
1649175362242 0.03463116414379328 3051
1649175432730 0.03123077326454222 3101
1649175503510 0.03719836381729692 3151
1649175573734 0.02998641980579123 3201
1649175644045 0.02215837561991066 3251
1649175714482 0.02847214399371296 3301
1649175785459 0.036168448731768874 3351
1649175855548 0.041224509780295196 3401
1649175925796 0.032691930648870764 3451
1649175996108 0.02969311295077205 3501
1649176066683 0.043373429686762395 3551
1649176136835 0.027335108804982154 3601
1649176207225 0.03048740011639893 3651
1649176277123 0.03155574001837522 3701
1649176347042 0.034468870661221444 3751
1649176417467 0.02479379646247253 3801
1649176487668 0.028507896522060035 3851
1649176558116 0.02668315909104422 3901
1649176873568 0.02289847832173109 3952
1649176943904 0.02797508574090898 4002
1649177014704 0.03209611439844593 4052
1649177084700 0.029251804887317122 4102
1649177154812 0.03395189871895127 4152
1649177225085 0.028510920819826424 4202
1649177295209 0.03711534746456891 4252
1649177365419 0.03366708132904023 4302
1649177435862 0.02962891282979399 4352
1649177506325 0.02709794183727354 4402
1649177577166 0.025644432886037974 4452
1649177647609 0.025305222453316675 4502
1649177717639 0.029959878860972823 4552
1649177787516 0.030186945153400303 4602
1649177857708 0.02871187645709142 4652
1649177928007 0.028146254887105898 4702
1649177998982 0.02549732034560293 4752
1649178068811 0.02697968625696376 4802
1649178139199 0.035680943615734574 4852
1649178209268 0.032444017122033986 4902
1649178278882 0.0430762481468264 4952
1649178349300 0.03242823314387351 5002
1649178419156 0.032575214991811666 5052
1649178489148 0.02026470844866708 5102
1649178558556 0.03675597504712641 5152
1649178628923 0.02566878406563774 5202
1649178699459 0.03165581067558378 5252
1649178769411 0.029688458314631135 5302
1649178839619 0.022561895824037493 5352
1649178909982 0.03045719674322754 5402
1649178979682 0.028796365812886505 5452
1649179049835 0.022014791774563492 5502
1649179119846 0.022962945058825426 5552
1649179189901 0.027263398772338406 5602
1649179260232 0.02457147411070764 5652
1649179330710 0.029123069357592613 5702
1649179400648 0.02901137274224311 5752
1649179471069 0.01969900930067524 5802
1649179541050 0.02940199537202716 5852
1649179848737 0.021336852703243495 5903
