1648780934098 82.23828125 50
1648780945766 97.951171875 100
1648780957449 97.71949981689453 150
1648780967944 97.7247703552246 200
1648780978317 97.75259063720704 250
1648780988164 97.33305297851562 300
1648780998612 97.44666076660157 350
1648781008665 97.50345199584962 400
1648781018029 96.59166397094727 450
1648781028846 97.0151203918457 500
1648781038752 97.14111984252929 550
1648781048146 97.09723495483398 600
1648781057977 97.55332458496093 650
1648781069203 96.51948226928711 700
1648781080044 96.60453414916992 750
1648781090326 97.37381423950195 800
1648781100239 97.81723876953124 850
1648781111037 97.17148834228516 900
1648781121807 97.05185394287109 950
1648781131961 97.07357055664062 1000
1648781138838 97.1304995727539 1050
1648781145960 96.36806884765625 1100
1648781152643 96.91071807861329 1150
1648781159343 97.63002090454101 1200
1648781166045 97.14894638061523 1250
1648781172926 96.44950164794922 1300
1648781180146 97.36178466796875 1350
1648781186960 97.22222732543945 1400
1648781193727 97.26040084838867 1450
1648781200382 96.64609405517578 1500
1648781207171 97.2984538269043 1550
1648781213898 97.17316329956054 1600
1648781220795 97.00805999755859 1650
1648781227613 97.07518310546875 1700
1648781234241 97.25242904663087 1750
1648781241427 97.1027474975586 1800
1648781248219 97.05873123168945 1850
1648781254939 97.26505752563476 1900
1648781261731 96.75047714233398 1950
1648781311110 97.427099609375 2003
1648781318034 97.6435154724121 2053
1648781325172 97.16855712890624 2103
1648781331915 97.40515518188477 2153
1648781338690 97.38493789672852 2203
1648781345447 96.78453308105469 2253
1648781352347 96.92057373046875 2303
1648781359066 97.41349472045898 2353
1648781366280 96.95591827392577 2403
1648781373372 97.41882980346679 2453
1648781380412 97.54352172851563 2503
1648781387519 96.99146255493164 2553
1648781394295 97.10569076538086 2603
1648781401098 97.38268081665039 2653
1648781408291 97.0496159362793 2703
1648781415082 96.32339370727539 2753
1648781422642 96.84890533447266 2803
1648781430276 97.49190536499023 2853
1648781437263 96.98359985351563 2903
1648781443763 96.78764343261719 2953
1648781450259 96.9025895690918 3003
1648781456990 96.88475662231446 3053
1648781465428 97.00336181640625 3103
1648781472700 96.99699874877929 3153
1648781479478 96.43551559448242 3203
1648781486307 96.69638488769532 3253
1648781493011 97.82843063354493 3303
1648781499724 96.47660369873047 3353
1648781506420 96.95981414794922 3403
1648781513116 96.4011994934082 3453
1648781520316 96.72462295532226 3503
1648781526988 96.71365982055664 3553
1648781533665 96.58986175537109 3603
1648781540413 97.28823425292968 3653
1648781547049 97.59869888305664 3703
1648781553617 96.87142135620117 3753
1648781560546 96.10453796386719 3803
1648781567261 97.51756301879882 3853
1648781573856 96.23732986450196 3903
1648781620629 96.83199478149415 3956
1648781627258 97.53725662231446 4006
1648781633845 97.61995132446289 4056
1648781640476 96.46559799194335 4106
1648781647038 96.61156661987305 4156
1648781653653 96.9013607788086 4206
1648781660287 97.53739044189453 4256
1648781667055 96.78148651123047 4306
1648781673811 97.23117858886718 4356
1648781680969 96.73179412841797 4406
1648781688020 96.84170593261719 4456
1648781694683 97.12415390014648 4506
1648781701462 96.1136538696289 4556
1648781708209 97.2370994567871 4606
1648781715302 97.33652664184571 4656
1648781722380 96.98735000610351 4706
1648781729302 96.84541854858398 4756
1648781736893 97.02854354858398 4806
1648781744491 96.97555633544921 4856
1648781751442 96.77026779174804 4906
1648781758378 97.16757064819336 4956
1648781765129 96.63423065185548 5006
1648781772044 96.66749206542968 5056
1648781778681 97.12750869750977 5106
1648781785620 97.13552688598632 5156
1648781792338 96.99679763793945 5206
1648781799566 97.50566223144531 5256
1648781806315 96.57389541625976 5306
1648781813066 97.2472737121582 5356
1648781819821 97.1592074584961 5406
1648781826538 96.88002838134766 5456
1648781833268 97.38327026367188 5506
1648781839970 96.90713256835937 5556
1648781846714 97.21419662475586 5606
1648781853535 96.94838104248046 5656
1648781861049 97.141044921875 5706
1648781868511 96.83967178344727 5756
1648781875237 97.58199798583985 5806
1648781881964 96.80726165771485 5856
1648781932675 96.53139053344727 5909
1648781939408 97.3300813293457 5959
1648781946478 96.85285415649415 6009
1648781953137 96.75851440429688 6059
1648781959898 96.52143737792969 6109
1648781966598 96.680751953125 6159
1648781973339 96.9889436340332 6209
1648781980013 96.57039199829102 6259
1648781986666 97.42751419067383 6309
1648781993313 97.46683731079102 6359
1648781999975 96.9042707824707 6409
1648782006658 97.66677307128906 6459
1648782013514 96.92422149658204 6509
1648782020368 97.16344680786133 6559
1648782027170 96.69552749633789 6609
1648782033947 97.655859375 6659
1648782040781 96.75693786621093 6709
1648782047528 97.70728897094726 6759
1648782054407 97.46041275024415 6809
1648782061672 97.48320281982421 6859
1648782068444 96.96147232055664 6909
1648782075254 97.23079956054687 6959
1648782081975 97.57755889892579 7009
1648782088786 97.82738067626953 7059
1648782095558 97.03498321533203 7109
1648782102377 96.61902084350587 7159
1648782109195 97.73059997558593 7209
1648782116019 96.89739212036133 7259
1648782122825 97.4934506225586 7309
1648782129879 96.80554229736327 7359
1648782136647 97.05679504394531 7409
1648782143416 96.92632598876953 7459
1648782150153 96.4010417175293 7509
1648782156945 96.70932739257813 7559
1648782163698 97.12849685668945 7609
1648782170374 97.28971710205079 7659
1648782177086 97.08785049438477 7709
1648782183810 97.19427017211915 7759
1648782190526 96.97017059326171 7809
1648782239514 96.8924952697754 7862
1648782246388 96.91743133544922 7912
1648782253632 97.11693572998047 7962
1648782260380 96.91959152221679 8012
1648782268111 97.09267471313477 8062
1648782274854 97.79065399169922 8112
1648782281478 97.11770156860352 8162
1648782288189 96.94287719726563 8212
1648782295057 97.32247924804688 8262
1648782301752 96.82337203979492 8312
1648782308371 96.36483108520508 8362
1648782315355 97.5601528930664 8412
1648782322709 97.10259231567383 8462
1648782329430 97.31172348022461 8512
1648782336311 97.06144348144531 8562
1648782343161 96.86492340087891 8612
1648782349922 96.43956649780273 8662
1648782356688 97.19636169433593 8712
1648782363456 97.42354141235352 8762
1648782370304 97.67516998291016 8812
1648782377170 96.78369400024414 8862
1648782383908 96.79670593261719 8912
1648782390594 97.4010383605957 8962
1648782397602 96.74945388793945 9012
1648782404308 97.42500076293945 9062
1648782411066 97.34781677246093 9112
1648782417850 97.5397526550293 9162
1648782424746 97.57151290893555 9212
1648782431452 97.6811848449707 9262
1648782438623 97.46332870483398 9312
1648782445655 97.14384521484375 9362
1648782452914 96.61444519042969 9412
1648782459676 96.9898439025879 9462
1648782466446 96.96038360595703 9512
1648782473142 97.23435592651367 9562
1648782479997 97.20329071044922 9612
1648782487807 96.77724578857422 9662
1648782495052 96.73437042236328 9712
1648782501865 97.34556365966797 9762
1648782553129 97.00793640136719 9815
1648782559914 97.31247344970703 9865
1648782566709 97.02366592407226 9915
1648782573653 97.273466796875 9965
1648782580572 97.50009887695313 10015
1648782587412 96.8850161743164 10065
1648782594304 97.14929290771484 10115
1648782601440 97.08980880737305 10165
1648782608505 96.99358718872071 10215
1648782615426 97.03909454345703 10265
1648782622206 96.29781356811523 10315
1648782628998 97.34148696899415 10365
1648782635751 97.19829818725586 10415
1648782642458 97.49337493896485 10465
1648782649250 97.37887817382813 10515
1648782655916 97.91536834716797 10565
1648782662551 96.84112243652343 10615
1648782669223 96.6820198059082 10665
1648782675926 97.65869125366211 10715
1648782682649 97.46108764648437 10765
1648782689320 97.68530654907227 10815
1648782695947 97.38427551269531 10865
1648782702762 97.46402938842773 10915
1648782709591 96.92190460205079 10965
1648782716276 97.42743118286133 11015
1648782723264 97.54056121826171 11065
1648782729975 97.02132110595703 11115
1648782736573 97.34733596801757 11165
1648782743408 97.47719680786133 11215
1648782750452 97.04702117919922 11265
1648782757446 97.10149017333984 11315
1648782764233 97.0630810546875 11365
1648782771007 96.86348876953124 11415
1648782777689 97.19110168457031 11465
1648782784376 97.03474029541016 11515
1648782791085 97.10694137573242 11565
1648782798052 97.25911743164062 11615
1648782805143 96.69102920532227 11665
1648782812171 96.36353225708008 11715
1648782862288 97.64338409423829 11768
1648782868971 97.1739926147461 11818
1648782875677 97.5204133605957 11868
1648782882389 97.09988906860352 11918
1648782889152 97.0676431274414 11968
1648782895834 96.60215560913086 12018
1648782902810 97.1401870727539 12068
1648782909865 96.55146591186524 12118
1648782916634 96.90018707275391 12168
1648782923664 97.30402740478516 12218
1648782930429 97.41604415893555 12268
1648782937195 97.5689389038086 12318
1648782943994 96.93973495483398 12368
1648782950852 97.34804748535156 12418
1648782957638 97.59089614868164 12468
1648782964500 97.2411312866211 12518
1648782971759 97.22940612792969 12568
1648782978889 97.38902603149414 12618
1648782985987 97.718662109375 12668
1648782992768 97.3511344909668 12718
1648782999548 96.47463424682617 12768
1648783006447 97.56709838867188 12818
1648783013218 97.57634796142578 12868
1648783020054 97.27692947387695 12918
1648783027660 97.27064208984375 12968
1648783035202 97.25888412475587 13018
1648783042388 97.31551895141601 13068
1648783049090 97.09273941040038 13118
1648783055915 96.30219772338867 13168
1648783062644 97.3511720275879 13218
1648783069360 97.76168823242188 13268
1648783076628 97.28116119384765 13318
1648783083348 97.10825744628906 13368
1648783090138 96.9766778564453 13418
1648783096898 97.0750146484375 13468
1648783103592 97.28891525268554 13518
1648783110803 97.30278671264648 13568
1648783117654 97.59755752563477 13618
1648783124454 97.20402374267579 13668
1648783175499 97.28046707153321 13721
1648783182371 97.21642013549804 13771
1648783189127 96.58468048095703 13821
1648783195915 97.45640762329101 13871
1648783202514 97.6503074645996 13921
1648783209107 97.01657211303711 13971
1648783215830 97.41364120483398 14021
1648783222562 97.00860580444336 14071
1648783229740 97.30393600463867 14121
1648783236483 97.95923919677735 14171
1648783243852 97.40412429809571 14221
1648783250971 97.04793701171874 14271
1648783257792 97.14811492919922 14321
1648783264619 97.51900665283203 14371
1648783271415 97.54001937866211 14421
1648783278191 96.70117752075195 14471
1648783284948 97.60809127807617 14521
1648783292106 96.86381530761719 14571
1648783298909 97.72508987426758 14621
1648783305876 97.5564047241211 14671
1648783313155 96.67168655395508 14721
1648783320262 97.21636627197266 14771
1648783327010 96.98028274536132 14821
1648783333800 97.42202987670899 14871
1648783340492 97.42615142822265 14921
1648783347243 97.4555160522461 14971
1648783354317 97.47595458984375 15021
1648783361484 97.44692626953125 15071
1648783369056 97.55263000488281 15121
1648783376661 97.32311599731446 15171
1648783384432 96.60253540039062 15221
1648783391236 97.5003562927246 15271
1648783398450 97.59326248168945 15321
1648783405526 97.25776107788086 15371
1648783412223 97.06232376098633 15421
1648783418892 96.49551803588867 15471
1648783425524 96.65669235229493 15521
1648783432168 97.63856353759766 15571
1648783438966 96.98319839477539 15621
1648783488990 97.86037979125976 15674
1648783496602 97.06273895263672 15724
1648783503434 97.58193649291992 15774
1648783510232 97.85313919067383 15824
1648783517006 97.41398849487305 15874
1648783523839 97.14391845703125 15924
1648783530835 97.38549224853516 15974
1648783537704 97.43701538085938 16024
1648783544735 96.99049072265625 16074
1648783551663 97.67380783081055 16124
1648783558410 97.63245910644531 16174
1648783565187 97.21981811523438 16224
1648783572324 96.93814849853516 16274
1648783579220 97.03234237670898 16324
1648783586065 97.52375701904298 16374
1648783593003 97.80840698242187 16424
1648783599864 97.93542373657226 16474
1648783606679 98.00926162719726 16524
1648783613451 97.33703598022461 16574
1648783620422 97.33952133178711 16624
1648783628000 97.90843017578125 16674
1648783635809 97.35811599731446 16724
1648783642941 97.57553588867188 16774
1648783649622 97.2737760925293 16824
1648783656703 97.6821336364746 16874
1648783663452 97.45364685058594 16924
1648783670579 97.59293594360352 16974
1648783677328 97.62993103027344 17024
1648783684279 97.6814614868164 17074
1648783691340 97.27093795776368 17124
1648783698086 97.2519758605957 17174
1648783704783 97.38251327514648 17224
1648783711455 97.61192794799804 17274
1648783718254 96.85842544555663 17324
1648783724961 97.78538055419922 17374
1648783731682 97.87615417480468 17424
1648783738467 97.34315353393555 17474
1648783745271 97.54519409179687 17524
1648783752002 97.50982894897462 17574
1648783802280 97.23758193969726 17627
1648783809078 97.82233978271485 17677
1648783815850 97.80546539306641 17727
1648783822667 97.19518966674805 17777
1648783829427 97.61006072998048 17827
1648783836209 97.82801940917969 17877
1648783843410 97.65709945678711 17927
1648783850732 97.95611053466797 17977
1648783857498 97.66149383544922 18027
1648783864741 97.60105255126953 18077
1648783872075 97.12348098754883 18127
1648783878843 97.14605255126953 18177
1648783885635 97.74603698730469 18227
1648783892568 97.24936096191406 18277
1648783899360 97.63633346557617 18327
1648783906166 96.78646514892579 18377
1648783913124 97.51760009765626 18427
1648783919913 97.58216369628906 18477
1648783926674 97.89728424072266 18527
1648783933736 97.79333236694336 18577
1648783940657 97.89165206909179 18627
1648783947458 97.72757125854493 18677
1648783954305 97.06681350708008 18727
1648783961072 97.61214660644531 18777
1648783967782 97.82462677001953 18827
1648783975084 97.52423461914063 18877
1648783982538 97.42900588989258 18927
1648783989755 97.5262548828125 18977
1648783997281 97.69082962036133 19027
1648784004129 98.47451370239258 19077
1648784011002 97.40971160888672 19127
1648784017927 97.29160736083985 19177
1648784024790 97.47860000610352 19227
1648784031670 97.68986099243165 19277
1648784038362 97.98843963623047 19327
1648784045183 97.68792633056641 19377
1648784051986 97.6820036315918 19427
1648784058710 97.47702926635742 19477
1648784065438 97.58752807617188 19527
1648784114545 97.76220672607423 19580
1648784121243 97.91935256958008 19630
1648784127975 96.87447647094727 19680
1648784134907 97.43909774780273 19730
1648784141905 97.44424774169921 19780
1648784148776 97.38010925292969 19830
1648784155533 97.5840592956543 19880
1648784162220 97.42805603027344 19930
1648784168982 97.9274446105957 19980
1648784176501 97.88913970947266 20030
1648784183244 97.69271759033204 20080
1648784190140 97.69934600830078 20130
1648784197181 97.57149124145508 20180
1648784203922 97.81038848876953 20230
1648784210761 97.6774934387207 20280
1648784217555 97.81376602172851 20330
1648784224280 97.94654891967774 20380
1648784231090 97.49374755859375 20430
1648784237738 97.52608840942383 20480
1648784244451 97.78042572021485 20530
1648784251154 97.79838348388672 20580
1648784257886 97.70110321044922 20630
1648784264496 97.57990142822266 20680
1648784271207 98.21075714111328 20730
1648784277922 97.85331314086915 20780
1648784284608 97.50034423828124 20830
1648784291322 97.73332290649414 20880
1648784298294 97.50536849975586 20930
1648784305264 98.01236923217773 20980
1648784312080 97.43550582885742 21030
1648784318838 97.40512573242188 21080
1648784325831 97.6535758972168 21130
1648784332847 98.05165252685546 21180
1648784339565 97.82426162719726 21230
1648784346276 97.64446258544922 21280
1648784353050 97.32920486450195 21330
1648784360110 97.26426132202148 21380
1648784366866 97.4429574584961 21430
1648784373669 97.21194686889649 21480
1648784424039 97.52885818481445 21533
1648784433092 97.75302124023438 21583
1648784445027 97.84324447631836 21633
1648784459379 97.75145355224609 21683
1648784474095 98.08090301513671 21733
1648784488558 97.83752365112305 21783
1648784503720 97.62718994140624 21833
1648784518201 97.75531326293945 21883
1648784532344 97.47538635253906 21933
1648784545825 96.87245193481445 21983
1648784560111 97.8073469543457 22033
1648784573161 97.77137313842773 22083
1648784587057 97.57475128173829 22133
1648784601789 97.89215728759766 22183
1648784614449 97.76745376586913 22233
1648784629149 97.29709869384766 22283
1648784643205 97.51363388061523 22333
1648784657211 98.08010528564454 22383
1648784671713 97.91579345703126 22433
1648784686448 97.5178579711914 22483
1648784700386 97.84510543823242 22533
1648784715025 97.65531768798829 22583
1648784729069 97.34682723999023 22633
1648784743334 97.70404205322265 22683
1648784757161 97.32574249267579 22733
1648784771732 97.42832458496093 22783
1648784785421 97.04649475097656 22833
1648784799703 97.78558761596679 22883
1648784812849 97.66368286132813 22933
1648784827206 97.85441528320312 22983
1648784841783 97.81710159301758 23033
1648784856556 97.81428741455078 23083
1648784869180 97.91764572143555 23133
1648784883062 97.50832489013672 23183
1648784897131 97.49389099121093 23233
1648784911850 97.5565983581543 23283
1648784923654 98.15818984985351 23333
1648784937987 98.0772898864746 23383
1648784951306 98.23255935668945 23433
