1648780934098 0.18821674317121506 50
1648780945766 0.18505933217704296 100
1648780957449 0.17550172209739684 150
1648780967944 0.18085836216807366 200
1648780978317 0.1720912827923894 250
1648780988164 0.16764956824481486 300
1648780998612 0.1539677569270134 350
1648781008665 0.16298496656119824 400
1648781018029 0.16429749600589275 450
1648781028846 0.17124447509646415 500
1648781038752 0.15536676783114672 550
1648781048146 0.15387951664626598 600
1648781057977 0.13084483794867993 650
1648781069203 0.17173948906362058 700
1648781080044 0.16060092933475972 750
1648781090326 0.13540270444005728 800
1648781100239 0.11381194695830345 850
1648781111037 0.1433401421085 900
1648781121807 0.1272906431183219 950
1648781131961 0.12333594307303429 1000
1648781138838 0.14363821163773538 1050
1648781145960 0.1526195676624775 1100
1648781152643 0.1339916789904237 1150
1648781159343 0.12201382275670766 1200
1648781166045 0.1271033773943782 1250
1648781172926 0.15322342082858087 1300
1648781180146 0.12579043537378312 1350
1648781186960 0.1268733060732484 1400
1648781193727 0.12868492271751164 1450
1648781200382 0.13969003207981587 1500
1648781207171 0.12219905722886323 1550
1648781213898 0.12118979308754206 1600
1648781220795 0.11198955446481705 1650
1648781227613 0.11557021051645279 1700
1648781234241 0.10743946250528097 1750
1648781241427 0.11223158698529005 1800
1648781248219 0.12498919479548931 1850
1648781254939 0.11838910453021527 1900
1648781261731 0.13108702339231967 1950
1648781311110 0.11293519508093595 2003
1648781318034 0.1056380121037364 2053
1648781325172 0.12106456391513348 2103
1648781331915 0.10724600289016963 2153
1648781338690 0.10441205017268658 2203
1648781345447 0.1295491000637412 2253
1648781352347 0.12241143096238374 2303
1648781359066 0.11190694380551576 2353
1648781366280 0.10855202056467533 2403
1648781373372 0.11748793929815292 2453
1648781380412 0.10921780828386546 2503
1648781387519 0.11599407844245434 2553
1648781394295 0.11480335339903831 2603
1648781401098 0.11098507806658744 2653
1648781408291 0.1237651339918375 2703
1648781415082 0.13921046663075687 2753
1648781422642 0.1268507368862629 2803
1648781430276 0.11328539438545704 2853
1648781437263 0.12350800886750221 2903
1648781443763 0.12494453106075526 2953
1648781450259 0.11018779611214996 3003
1648781456990 0.10656286746263505 3053
1648781465428 0.11559271167963743 3103
1648781472700 0.10398628197610378 3153
1648781479478 0.1275573071092367 3203
1648781486307 0.11646520409733058 3253
1648781493011 0.10117918130010367 3303
1648781499724 0.1200520096719265 3353
1648781506420 0.11210664220154286 3403
1648781513116 0.10813997831195593 3453
1648781520316 0.1226412658020854 3503
1648781526988 0.12151005029678345 3553
1648781533665 0.10476324304938317 3603
1648781540413 0.09809119433164597 3653
1648781547049 0.09979309717193247 3703
1648781553617 0.11484940016642213 3753
1648781560546 0.1197639025002718 3803
1648781567261 0.09066486854106187 3853
1648781573856 0.1176255315542221 3903
1648781620629 0.1036796709895134 3956
1648781627258 0.09467109508812427 4006
1648781633845 0.09747231610119343 4056
1648781640476 0.10317231263965368 4106
1648781647038 0.11705870069563389 4156
1648781653653 0.11091319307684898 4206
1648781660287 0.09712475404143334 4256
1648781667055 0.10356314361095428 4306
1648781673811 0.11107464315369725 4356
1648781680969 0.11562826178967953 4406
1648781688020 0.10740745043382048 4456
1648781694683 0.10274812374264002 4506
1648781701462 0.11788481583818794 4556
1648781708209 0.10755092535167933 4606
1648781715302 0.10424390327185393 4656
1648781722380 0.11556701332330704 4706
1648781729302 0.11702241888269782 4756
1648781736893 0.10910286877304315 4806
1648781744491 0.11162605103105307 4856
1648781751442 0.12017198253422975 4906
1648781758378 0.09965068884193898 4956
1648781765129 0.10782325163483619 5006
1648781772044 0.11627041354775429 5056
1648781778681 0.09164654888212681 5106
1648781785620 0.1053979926276952 5156
1648781792338 0.09306502874940634 5206
1648781799566 0.10083921380341053 5256
1648781806315 0.11567178476601839 5306
1648781813066 0.10970580011606217 5356
1648781819821 0.10189281888306141 5406
1648781826538 0.10051046499982476 5456
1648781833268 0.09649355337023735 5506
1648781839970 0.09225895039737225 5556
1648781846714 0.10173366967588664 5606
1648781853535 0.10361187305301428 5656
1648781861049 0.10322092290967703 5706
1648781868511 0.11060157369822264 5756
1648781875237 0.08938719699159264 5806
1648781881964 0.11163753896951675 5856
1648781932675 0.11064829703420401 5909
1648781939408 0.09571541130542754 5959
1648781946478 0.10226077932864427 6009
1648781953137 0.10967672623693943 6059
1648781959898 0.11247653026133776 6109
1648781966598 0.10986951634287834 6159
1648781973339 0.11647102100774646 6209
1648781980013 0.10623868260532618 6259
1648781986666 0.08989594860002398 6309
1648781993313 0.09388963252305985 6359
1648781999975 0.10687211655080318 6409
1648782006658 0.09460526499897241 6459
1648782013514 0.10738070037215948 6509
1648782020368 0.09807997222989798 6559
1648782027170 0.1026760326139629 6609
1648782033947 0.07650321479886771 6659
1648782040781 0.11130888465791941 6709
1648782047528 0.0928806534782052 6759
1648782054407 0.09972162311896682 6809
1648782061672 0.1012910407409072 6859
1648782068444 0.09104776043444872 6909
1648782075254 0.09153419349342584 6959
1648782081975 0.09000278417021036 7009
1648782088786 0.08165603328496218 7059
1648782095558 0.10164374109357595 7109
1648782102377 0.1096263001859188 7159
1648782109195 0.08965960960835219 7209
1648782116019 0.10347085909917951 7259
1648782122825 0.09099654033780098 7309
1648782129879 0.10675515823066234 7359
1648782136647 0.09810967326164245 7409
1648782143416 0.09936460938304663 7459
1648782150153 0.10974357910454273 7509
1648782156945 0.09488654447719455 7559
1648782163698 0.10079717714339495 7609
1648782170374 0.0934673685580492 7659
1648782177086 0.09839652908965946 7709
1648782183810 0.09570882031694054 7759
1648782190526 0.0949832970649004 7809
1648782239514 0.09403419096022844 7862
1648782246388 0.10046806696802378 7912
1648782253632 0.09406487312167883 7962
1648782260380 0.09957592375576496 8012
1648782268111 0.09063938999548554 8062
1648782274854 0.08756709642708302 8112
1648782281478 0.09347414860501885 8162
1648782288189 0.09737187784165144 8212
1648782295057 0.08765302941203118 8262
1648782301752 0.09546393778175116 8312
1648782308371 0.10107855692505836 8362
1648782315355 0.08353881374001502 8412
1648782322709 0.09687688609585166 8462
1648782329430 0.103287399597466 8512
1648782336311 0.1030561749637127 8562
1648782343161 0.10306369949132205 8612
1648782349922 0.10549948442727328 8662
1648782356688 0.09735122494399548 8712
1648782363456 0.09284574449062348 8762
1648782370304 0.09662228953093291 8812
1648782377170 0.09591954190284013 8862
1648782383908 0.0951266660913825 8912
1648782390594 0.09873166333884001 8962
1648782397602 0.09650114661082626 9012
1648782404308 0.09164490215480328 9062
1648782411066 0.0998931442014873 9112
1648782417850 0.09470049940049648 9162
1648782424746 0.09180910937488079 9212
1648782431452 0.08281667292118072 9262
1648782438623 0.09274617735296488 9312
1648782445655 0.09860767923295498 9362
1648782452914 0.0980939482152462 9412
1648782459676 0.0913759751059115 9462
1648782466446 0.11464739194139838 9512
1648782473142 0.09872327759861946 9562
1648782479997 0.09061776544898749 9612
1648782487807 0.09920102212578058 9662
1648782495052 0.10229856202378869 9712
1648782501865 0.09084614552557468 9762
1648782553129 0.09550321970134973 9815
1648782559914 0.08966370921581984 9865
1648782566709 0.09257813822478056 9915
1648782573653 0.09837936889380217 9965
1648782580572 0.08777118593454361 10015
1648782587412 0.09274594256654382 10065
1648782594304 0.09097938232123852 10115
1648782601440 0.086871940754354 10165
1648782608505 0.096368249617517 10215
1648782615426 0.09723727522417903 10265
1648782622206 0.10642429191619157 10315
1648782628998 0.08882953424006701 10365
1648782635751 0.09631396735087037 10415
1648782642458 0.0869234086945653 10465
1648782649250 0.08069018436595797 10515
1648782655916 0.07471923395991326 10565
1648782662551 0.09745689641684294 10615
1648782669223 0.11321516988798976 10665
1648782675926 0.08676732525229454 10715
1648782682649 0.08788656741380692 10765
1648782689320 0.08288695484399795 10815
1648782695947 0.09416321935132146 10865
1648782702762 0.08680421898141504 10915
1648782709591 0.09653046421706676 10965
1648782716276 0.08581905277445913 11015
1648782723264 0.08525833949446678 11065
1648782729975 0.09241601541638374 11115
1648782736573 0.10309350084513426 11165
1648782743408 0.08671189203858376 11215
1648782750452 0.09425918228924274 11265
1648782757446 0.08530574450269342 11315
1648782764233 0.10226069543510675 11365
1648782771007 0.10129867829382419 11415
1648782777689 0.08432230005040765 11465
1648782784376 0.10045075595378876 11515
1648782791085 0.0980659294128418 11565
1648782798052 0.09495834019035101 11615
1648782805143 0.09970652855932713 11665
1648782812171 0.11744921293109656 11715
1648782862288 0.07243562571704387 11768
1648782868971 0.08226951245218515 11818
1648782875677 0.08015481438487768 11868
1648782882389 0.0828196045383811 11918
1648782889152 0.08208323696628213 11968
1648782895834 0.09442809410393238 12018
1648782902810 0.09508828228339553 12068
1648782909865 0.1043052476644516 12118
1648782916634 0.10226003436371683 12168
1648782923664 0.08483719747513532 12218
1648782930429 0.08161087453365326 12268
1648782937195 0.07886281449347735 12318
1648782943994 0.0847374876961112 12368
1648782950852 0.08264153445139527 12418
1648782957638 0.0821037870645523 12468
1648782964500 0.09311849191784859 12518
1648782971759 0.09249393407255412 12568
1648782978889 0.1018066663108766 12618
1648782985987 0.09250802673399448 12668
1648782992768 0.08819065874442458 12718
1648782999548 0.10151046494022012 12768
1648783006447 0.0844830639474094 12818
1648783013218 0.07593387863598763 12868
1648783020054 0.09338387154042721 12918
1648783027660 0.0859614210948348 12968
1648783035202 0.09461196154356002 13018
1648783042388 0.08851869355887175 13068
1648783049090 0.09382967956364155 13118
1648783055915 0.10350205380469561 13168
1648783062644 0.09986000496894121 13218
1648783069360 0.08768803022801876 13268
1648783076628 0.09230888852849603 13318
1648783083348 0.08658733362331987 13368
1648783090138 0.10178131468594075 13418
1648783096898 0.09634236536920071 13468
1648783103592 0.08828203547745943 13518
1648783110803 0.08657746754586697 13568
1648783117654 0.09000844091176986 13618
1648783124454 0.09378133893013 13668
1648783175499 0.08957197204232216 13721
1648783182371 0.09228639669716358 13771
1648783189127 0.09295943519100547 13821
1648783195915 0.08464869190007449 13871
1648783202514 0.08728054309263826 13921
1648783209107 0.09198191666975618 13971
1648783215830 0.08573804579675198 14021
1648783222562 0.09297267252579332 14071
1648783229740 0.08844063183292747 14121
1648783236483 0.0686062939465046 14171
1648783243852 0.07474634120240807 14221
1648783250971 0.09003923878073693 14271
1648783257792 0.09271318811923265 14321
1648783264619 0.09079543862491846 14371
1648783271415 0.08501579547300935 14421
1648783278191 0.10720505680888891 14471
1648783284948 0.07218936203047634 14521
1648783292106 0.09986656907945872 14571
1648783298909 0.08263570299372076 14621
1648783305876 0.07564281392842531 14671
1648783313155 0.1053136265464127 14721
1648783320262 0.08379906084388494 14771
1648783327010 0.09249246759340167 14821
1648783333800 0.08029761362820864 14871
1648783340492 0.08421824788674712 14921
1648783347243 0.07394831962883472 14971
1648783354317 0.08194969236850738 15021
1648783361484 0.08138806901872159 15071
1648783369056 0.08915078436955809 15121
1648783376661 0.08365604307502508 15171
1648783384432 0.08812739741057157 15221
1648783391236 0.09269372202455997 15271
1648783398450 0.08730585398152471 15321
1648783405526 0.08072768153622746 15371
1648783412223 0.09116979712620378 15421
1648783418892 0.10492380972951651 15471
1648783425524 0.09936702910810709 15521
1648783432168 0.07268504712730646 15571
1648783438966 0.09111195484176278 15621
1648783488990 0.07451591931283474 15674
1648783496602 0.09737394995987415 15724
1648783503434 0.0742481137625873 15774
1648783510232 0.06837081192992628 15824
1648783517006 0.07613289395347238 15874
1648783523839 0.08669751461595297 15924
1648783530835 0.0808985382411629 15974
1648783537704 0.07842688517645001 16024
1648783544735 0.08784821483306587 16074
1648783551663 0.06624945783987642 16124
1648783558410 0.07279731940478086 16174
1648783565187 0.07817766525782645 16224
1648783572324 0.07882596001029014 16274
1648783579220 0.08050902135670185 16324
1648783586065 0.07159263420850039 16374
1648783593003 0.07227941025979817 16424
1648783599864 0.06346901829354465 16474
1648783606679 0.06607227312400937 16524
1648783613451 0.07697542513720691 16574
1648783620422 0.0798822470381856 16624
1648783628000 0.06442342801019549 16674
1648783635809 0.0737371295876801 16724
1648783642941 0.0806477402150631 16774
1648783649622 0.06877762950025498 16824
1648783656703 0.07167837906628848 16874
1648783663452 0.0723353842459619 16924
1648783670579 0.06568670587614178 16974
1648783677328 0.07546909019351006 17024
1648783684279 0.06644499415531754 17074
1648783691340 0.08291149536147714 17124
1648783698086 0.0807060537301004 17174
1648783704783 0.0704495901055634 17224
1648783711455 0.07933284901082516 17274
1648783718254 0.07712305225431919 17324
1648783724961 0.06335240604355931 17374
1648783731682 0.07263780305162072 17424
1648783738467 0.07941733611747623 17474
1648783745271 0.07447429154068232 17524
1648783752002 0.07157321261242032 17574
1648783802280 0.07980603959411382 17627
1648783809078 0.06570049477741122 17677
1648783815850 0.06371447934769094 17727
1648783822667 0.0743480408936739 17777
1648783829427 0.06604603762738406 17827
1648783836209 0.06083906194195152 17877
1648783843410 0.06859331738203764 17927
1648783850732 0.06136246268637478 17977
1648783857498 0.06763829603791237 18027
1648783864741 0.06800065629184246 18077
1648783872075 0.08213686984963715 18127
1648783878843 0.07206294540315866 18177
1648783885635 0.067064273590222 18227
1648783892568 0.07790898187085986 18277
1648783899360 0.07233856929466129 18327
1648783906166 0.08621873391792179 18377
1648783913124 0.07539291360415518 18427
1648783919913 0.06631038689985871 18477
1648783926674 0.06587146705016494 18527
1648783933736 0.07333760388195515 18577
1648783940657 0.06693248907104135 18627
1648783947458 0.06750271417200565 18677
1648783954305 0.07978156892582774 18727
1648783961072 0.07620137054473161 18777
1648783967782 0.0709447337128222 18827
1648783975084 0.07925599804148079 18877
1648783982538 0.07219604567624628 18927
1648783989755 0.06672838692553341 18977
1648783997281 0.07763489115983248 19027
1648784004129 0.04594402394257486 19077
1648784011002 0.0771270512510091 19127
1648784017927 0.08062381284311414 19177
1648784024790 0.07574012022465468 19227
1648784031670 0.06120310060679913 19277
1648784038362 0.06326493255794048 19327
1648784045183 0.06822351524606347 19377
1648784051986 0.06468975504860282 19427
1648784058710 0.07229429995641112 19477
1648784065438 0.06947375457733869 19527
1648784114545 0.06242261752486229 19580
1648784121243 0.05828125013038516 19630
1648784127975 0.07751246083527803 19680
1648784134907 0.07160559391602873 19730
1648784141905 0.07080439668148757 19780
1648784148776 0.0743122681695968 19830
1648784155533 0.06947302498854696 19880
1648784162220 0.07668915232643485 19930
1648784168982 0.05909494569525123 19980
1648784176501 0.06257336113601923 20030
1648784183244 0.07318672508001328 20080
1648784190140 0.06460325315594673 20130
1648784197181 0.06756600082851946 20180
1648784203922 0.06351738587021828 20230
1648784210761 0.07213490275666118 20280
1648784217555 0.06429981141351164 20330
1648784224280 0.06344106855802238 20380
1648784231090 0.06979555275291205 20430
1648784237738 0.0696270602941513 20480
1648784244451 0.07480067932978272 20530
1648784251154 0.06673973493278026 20580
1648784257886 0.06959036491811275 20630
1648784264496 0.0712974201887846 20680
1648784271207 0.06052190683782101 20730
1648784277922 0.06530084509402513 20780
1648784284608 0.07238505402579903 20830
1648784291322 0.06224148348905146 20880
1648784298294 0.0784865060262382 20930
1648784305264 0.06079513743519783 20980
1648784312080 0.06748341410420836 21030
1648784318838 0.07340204983949661 21080
1648784325831 0.06636434951797128 21130
1648784332847 0.06498511221259833 21180
1648784339565 0.06182048821821809 21230
1648784346276 0.07865521639585495 21280
1648784353050 0.07818123318254948 21330
1648784360110 0.07695158489048481 21380
1648784366866 0.06743362880777568 21430
1648784373669 0.07740021435543895 21480
1648784424039 0.0686461467947811 21533
1648784433092 0.05953721751458943 21583
1648784445027 0.06357347199227661 21633
1648784459379 0.0617168069537729 21683
1648784474095 0.053981254757381976 21733
1648784488558 0.05929634886793792 21783
1648784503720 0.07453213946893811 21833
1648784518201 0.06222472865134478 21883
1648784532344 0.07285670254379512 21933
1648784545825 0.08243985145352781 21983
1648784560111 0.06095727373845875 22033
1648784573161 0.0663823776692152 22083
1648784587057 0.06459170933812856 22133
1648784601789 0.06374542467296124 22183
1648784614449 0.06488054312765598 22233
1648784629149 0.07144407275132834 22283
1648784643205 0.07145844273269177 22333
1648784657211 0.05622413939796388 22383
1648784671713 0.06258083790540696 22433
1648784686448 0.06653709255158902 22483
1648784700386 0.06362824996933342 22533
1648784715025 0.06494840546511113 22583
1648784729069 0.07280855568125844 22633
1648784743334 0.06325272426009178 22683
1648784757161 0.07782878304831684 22733
1648784771732 0.06822235448285938 22783
1648784785421 0.0797369141690433 22833
1648784799703 0.07439113065600395 22883
1648784812849 0.06763869152404368 22933
1648784827206 0.06679755304008722 22983
1648784841783 0.06722058483399451 23033
1648784856556 0.06206333491951227 23083
1648784869180 0.05844227969646454 23133
1648784883062 0.06899966360069812 23183
1648784897131 0.07679770803079009 23233
1648784911850 0.06646103647071869 23283
1648784923654 0.05311520505696535 23333
1648784937987 0.059421315463259815 23383
1648784951306 0.056981178447604176 23433
