1648780934098 0.04465793362818658 50
1648780945766 0.051488926806487145 100
1648780957449 0.060981245953589676 150
1648780967944 0.06265606777276844 200
1648780978317 0.06342655814252794 250
1648780988164 0.07360042493790388 300
1648780998612 0.07162307143211365 350
1648781008665 0.07045538809150458 400
1648781018029 0.09490033773705363 450
1648781028846 0.08696754775941372 500
1648781038752 0.08164637793786823 550
1648781048146 0.0806261151842773 600
1648781057977 0.07110328859649599 650
1648781069203 0.10097751744091511 700
1648781080044 0.08923014229163527 750
1648781090326 0.07174608822911978 800
1648781100239 0.05822050902992487 850
1648781111037 0.08147322775796056 900
1648781121807 0.0845772996917367 950
1648781131961 0.08178331037983298 1000
1648781138838 0.07946238800883293 1050
1648781145960 0.10431697791442275 1100
1648781152643 0.08322425050660968 1150
1648781159343 0.06737362375482916 1200
1648781166045 0.0809764226526022 1250
1648781172926 0.09483203565701842 1300
1648781180146 0.07324662428349256 1350
1648781186960 0.07813074402511119 1400
1648781193727 0.07602889992296696 1450
1648781200382 0.09349224425852298 1500
1648781207171 0.07490037031471729 1550
1648781213898 0.08031865432858468 1600
1648781220795 0.08171851206570864 1650
1648781227613 0.081573305465281 1700
1648781234241 0.07509090688079595 1750
1648781241427 0.07803616035729646 1800
1648781248219 0.0809590713120997 1850
1648781254939 0.07195300344377756 1900
1648781261731 0.08700588058680296 1950
1648781311110 0.06950010707601904 2003
1648781318034 0.06634550461545587 2053
1648781325172 0.07654292274266482 2103
1648781331915 0.0692425041180104 2153
1648781338690 0.07039061460644007 2203
1648781345447 0.08598234727978707 2253
1648781352347 0.08124600386247038 2303
1648781359066 0.07012833783403039 2353
1648781366280 0.08140739510767162 2403
1648781373372 0.06715816829353571 2453
1648781380412 0.06793321357108653 2503
1648781387519 0.08056692145764828 2553
1648781394295 0.07301069194450975 2603
1648781401098 0.0652579521201551 2653
1648781408291 0.07910747576504945 2703
1648781415082 0.09566364387981593 2753
1648781422642 0.08303567762486637 2803
1648781430276 0.06922309286892414 2853
1648781437263 0.07950864091515542 2903
1648781443763 0.08682844177819789 2953
1648781450259 0.0797172913979739 3003
1648781456990 0.0799710481800139 3053
1648781465428 0.07708663527853787 3103
1648781472700 0.0767130454722792 3153
1648781479478 0.091889030598104 3203
1648781486307 0.08432676447555423 3253
1648781493011 0.053489282056689264 3303
1648781499724 0.09375990798696876 3353
1648781506420 0.07757955990731716 3403
1648781513116 0.09186845778487623 3453
1648781520316 0.08663552720099688 3503
1648781526988 0.0855259108915925 3553
1648781533665 0.08368036479689181 3603
1648781540413 0.06876316980458796 3653
1648781547049 0.059579490199685094 3703
1648781553617 0.07775137908756732 3753
1648781560546 0.10261099873110652 3803
1648781567261 0.060930414563044905 3853
1648781573856 0.0964480754546821 3903
1648781620629 0.07583636494353413 3956
1648781627258 0.06317381162196398 4006
1648781633845 0.061538564395159485 4056
1648781640476 0.090685222633183 4106
1648781647038 0.08767677422612906 4156
1648781653653 0.07685082668438553 4206
1648781660287 0.06055841966532171 4256
1648781667055 0.07999487063381822 4306
1648781673811 0.07054940276779234 4356
1648781680969 0.08354339644312858 4406
1648781688020 0.08019147576764225 4456
1648781694683 0.0732051363773644 4506
1648781701462 0.09759925027377904 4556
1648781708209 0.06753450891003013 4606
1648781715302 0.06672209506854415 4656
1648781722380 0.07449914292432368 4706
1648781729302 0.08144921330735087 4756
1648781736893 0.074675735514611 4806
1648781744491 0.07840839674696326 4856
1648781751442 0.08442365197464824 4906
1648781758378 0.07010482894256712 4956
1648781765129 0.08416761619970202 5006
1648781772044 0.08615463880822062 5056
1648781778681 0.07000728893093765 5106
1648781785620 0.07260218630544842 5156
1648781792338 0.07407631216105073 5206
1648781799566 0.06183575855568051 5256
1648781806315 0.08598656484857202 5306
1648781813066 0.06751384244300425 5356
1648781819821 0.06684910690411926 5406
1648781826538 0.07714528511278332 5456
1648781833268 0.06279840965755284 5506
1648781839970 0.07299547570757568 5556
1648781846714 0.07096472704783081 5606
1648781853535 0.07695391951128841 5656
1648781861049 0.07020543567836285 5706
1648781868511 0.07741155553609133 5756
1648781875237 0.05917037349194288 5806
1648781881964 0.08442476614378393 5856
1648781932675 0.0825820570345968 5909
1648781939408 0.06584457525983453 5959
1648781946478 0.07711718015372754 6009
1648781953137 0.08040175341069698 6059
1648781959898 0.08861954603344202 6109
1648781966598 0.08265327431261539 6159
1648781973339 0.0757726459018886 6209
1648781980013 0.08297420028597116 6259
1648781986666 0.06465094530023635 6309
1648781993313 0.06159484115429223 6359
1648781999975 0.07913435158319772 6409
1648782006658 0.05720715597271919 6459
1648782013514 0.07657636221498251 6509
1648782020368 0.0695316916424781 6559
1648782027170 0.084956478998065 6609
1648782033947 0.05581254493445158 6659
1648782040781 0.07788846257142723 6709
1648782047528 0.05554334642365575 6759
1648782054407 0.06423723796382547 6809
1648782061672 0.06296019813977181 6859
1648782068444 0.0751433923933655 6909
1648782075254 0.06785618783906103 6959
1648782081975 0.060435765404254195 7009
1648782088786 0.05509094069711864 7059
1648782095558 0.07094495264813304 7109
1648782102377 0.08288078540936113 7159
1648782109195 0.0592926368676126 7209
1648782116019 0.0760735415481031 7259
1648782122825 0.0618216704018414 7309
1648782129879 0.08635586680844426 7359
1648782136647 0.0723473618319258 7409
1648782143416 0.07592012293636799 7459
1648782150153 0.08832327720709145 7509
1648782156945 0.08092843836173415 7559
1648782163698 0.07285284115932882 7609
1648782170374 0.06909620959311724 7659
1648782177086 0.07333371409680695 7709
1648782183810 0.07188863461837172 7759
1648782190526 0.0717466668970883 7809
1648782239514 0.07505360392853618 7862
1648782246388 0.07178048692643642 7912
1648782253632 0.07253809080459178 7962
1648782260380 0.07655520177446305 8012
1648782268111 0.07076480814255774 8062
1648782274854 0.055010714740492406 8112
1648782281478 0.07211141421459616 8162
1648782288189 0.07843927564099432 8212
1648782295057 0.06554720691405237 8262
1648782301752 0.08203612276352942 8312
1648782308371 0.08855679270811379 8362
1648782315355 0.05976496727205813 8412
1648782322709 0.06559592441655696 8462
1648782329430 0.06660879619419574 8512
1648782336311 0.07286217029206454 8562
1648782343161 0.07505666169337928 8612
1648782349922 0.08569855686277152 8662
1648782356688 0.07143112997990102 8712
1648782363456 0.06269749339669943 8762
1648782370304 0.05825833860784769 8812
1648782377170 0.07969041752628982 8862
1648782383908 0.07962270433083177 8912
1648782390594 0.06515520200133323 8962
1648782397602 0.07762180833145976 9012
1648782404308 0.060968613792210816 9062
1648782411066 0.06687246547080576 9112
1648782417850 0.0631579244416207 9162
1648782424746 0.05854254958219826 9212
1648782431452 0.05392263234592974 9262
1648782438623 0.06399761704728008 9312
1648782445655 0.07317480395548046 9362
1648782452914 0.0842902088817209 9412
1648782459676 0.06997643909417092 9462
1648782466446 0.07736250008456409 9512
1648782473142 0.0689256355073303 9562
1648782479997 0.06516917462926358 9612
1648782487807 0.07726203381083906 9662
1648782495052 0.08054429434239864 9712
1648782501865 0.06368829538114369 9762
1648782553129 0.07143038892187178 9815
1648782559914 0.0642807795945555 9865
1648782566709 0.0730253625009209 9915
1648782573653 0.07073554996401071 9965
1648782580572 0.06003406601492316 10015
1648782587412 0.0754754046536982 10065
1648782594304 0.06606452965177595 10115
1648782601440 0.07051054469309748 10165
1648782608505 0.0718640358839184 10215
1648782615426 0.06929490827023983 10265
1648782622206 0.08856421144679189 10315
1648782628998 0.06189735141117126 10365
1648782635751 0.06829932613298297 10415
1648782642458 0.06113178097177297 10465
1648782649250 0.06566899175755679 10515
1648782655916 0.050509332213550806 10565
1648782662551 0.07954617965500801 10615
1648782669223 0.08304104682989419 10665
1648782675926 0.056339236097410324 10715
1648782682649 0.06424367406405508 10765
1648782689320 0.05847295915707946 10815
1648782695947 0.06421767775900662 10865
1648782702762 0.05871179479174316 10915
1648782709591 0.07624874111264944 10965
1648782716276 0.06133140988647938 11015
1648782723264 0.057936986796557906 11065
1648782729975 0.07149757398292422 11115
1648782736573 0.06134670616127551 11165
1648782743408 0.06438086256384849 11215
1648782750452 0.0705950608663261 11265
1648782757446 0.07122213615104556 11315
1648782764233 0.0741420208569616 11365
1648782771007 0.07734948612749576 11415
1648782777689 0.06660619009286166 11465
1648782784376 0.07057349133305252 11515
1648782791085 0.0716059248521924 11565
1648782798052 0.06661484998650849 11615
1648782805143 0.08041496166959405 11665
1648782812171 0.09243488613516092 11715
1648782862288 0.05381091503426433 11768
1648782868971 0.06501065857708455 11818
1648782875677 0.06043801412917674 11868
1648782882389 0.07228731382638216 11918
1648782889152 0.06889003733173013 11968
1648782895834 0.08417761157266795 12018
1648782902810 0.07012305255047976 12068
1648782909865 0.08147976377978922 12118
1648782916634 0.07895316073205322 12168
1648782923664 0.06132032012566924 12218
1648782930429 0.056912980978377166 12268
1648782937195 0.05526714686304331 12318
1648782943994 0.07094129333272577 12368
1648782950852 0.06208423000760376 12418
1648782957638 0.05696248075924814 12468
1648782964500 0.06592560610733926 12518
1648782971759 0.06856460450217128 12568
1648782978889 0.06671661276370287 12618
1648782985987 0.05815943343564868 12668
1648782992768 0.06726334206759929 12718
1648782999548 0.08480085410177708 12768
1648783006447 0.05696307090576738 12818
1648783013218 0.056588503597304225 12868
1648783020054 0.06616489541716873 12918
1648783027660 0.0641447660792619 12968
1648783035202 0.06493919847533107 13018
1648783042388 0.06572740390896797 13068
1648783049090 0.07017758041620255 13118
1648783055915 0.08806945105083287 13168
1648783062644 0.06430302327498794 13218
1648783069360 0.05437476904131472 13268
1648783076628 0.06609887972474099 13318
1648783083348 0.06751880586147309 13368
1648783090138 0.07398204047232866 13418
1648783096898 0.07055649055168033 13468
1648783103592 0.06482301683165133 13518
1648783110803 0.06434386826120317 13568
1648783117654 0.055674217804335055 13618
1648783124454 0.06864035301841795 13668
1648783175499 0.06611254556104541 13721
1648783182371 0.06508741131052374 13771
1648783189127 0.07958735179156065 13821
1648783195915 0.05905459148809314 13871
1648783202514 0.05862054936587811 13921
1648783209107 0.07405805087648332 13971
1648783215830 0.05966705562546849 14021
1648783222562 0.07312570644542575 14071
1648783229740 0.06417566373944282 14121
1648783236483 0.04598833258729428 14171
1648783243852 0.06218346953392029 14221
1648783250971 0.06982428529299796 14271
1648783257792 0.06897712809965015 14321
1648783264619 0.061727691562846305 14371
1648783271415 0.05854818411171436 14421
1648783278191 0.07833847912028431 14471
1648783284948 0.05518220437690616 14521
1648783292106 0.07918128145858645 14571
1648783298909 0.05643402168527246 14621
1648783305876 0.059867051132023334 14671
1648783313155 0.08443456497043371 14721
1648783320262 0.06736173545010388 14771
1648783327010 0.07388328104279936 14821
1648783333800 0.060877369390800594 14871
1648783340492 0.06224931987933815 14921
1648783347243 0.059701021322980524 14971
1648783354317 0.05915219826623797 15021
1648783361484 0.06314668160863221 15071
1648783369056 0.056875316514633595 15121
1648783376661 0.06432682815939188 15171
1648783384432 0.07570660734549164 15221
1648783391236 0.060281557496637106 15271
1648783398450 0.05786872921511531 15321
1648783405526 0.06619418336078525 15371
1648783412223 0.066547541199252 15421
1648783418892 0.08740278771147132 15471
1648783425524 0.08117971347644926 15521
1648783432168 0.05169635405763984 15571
1648783438966 0.073517682896927 15621
1648783488990 0.04891296770889312 15674
1648783496602 0.07062137831002474 15724
1648783503434 0.06062018124386668 15774
1648783510232 0.05012104615569115 15824
1648783517006 0.06066058556549251 15874
1648783523839 0.07158971939235925 15924
1648783530835 0.06614877086132764 15974
1648783537704 0.061223400537855924 16024
1648783544735 0.07293557617580518 16074
1648783551663 0.058151080706156794 16124
1648783558410 0.057382292074617 16174
1648783565187 0.07155407337006181 16224
1648783572324 0.07225201447494328 16274
1648783579220 0.07405160713475198 16324
1648783586065 0.056988959359005095 16374
1648783593003 0.05064420528244227 16424
1648783599864 0.050006510065868495 16474
1648783606679 0.04412200772203505 16524
1648783613451 0.06578890798613429 16574
1648783620422 0.06731908227782696 16624
1648783628000 0.04631652725394815 16674
1648783635809 0.06161586673464626 16724
1648783642941 0.061008192924782635 16774
1648783649622 0.06281495083123445 16824
1648783656703 0.05763804054353386 16874
1648783663452 0.059575257590040565 16924
1648783670579 0.05760534924920648 16974
1648783677328 0.05516248976346105 17024
1648783684279 0.056375882178545 17074
1648783691340 0.06497742690844462 17124
1648783698086 0.0685510435886681 17174
1648783704783 0.05723785545676947 17224
1648783711455 0.05486115680076182 17274
1648783718254 0.0741921663749963 17324
1648783724961 0.051431830916553734 17374
1648783731682 0.052158296164125206 17424
1648783738467 0.06230408451519907 17474
1648783745271 0.054602847015485165 17524
1648783752002 0.05653993220301345 17574
1648783802280 0.07127455629175529 17627
1648783809078 0.04998200091067702 17677
1648783815850 0.05241832249797881 17727
1648783822667 0.06677822355180979 17777
1648783829427 0.05738167234696448 17827
1648783836209 0.04888155624270439 17877
1648783843410 0.05386864125728607 17927
1648783850732 0.04440599256660789 17977
1648783857498 0.054364617997780446 18027
1648783864741 0.055750738787464796 18077
1648783872075 0.06923961459891871 18127
1648783878843 0.0699397892365232 18177
1648783885635 0.05562624324113131 18227
1648783892568 0.06721470211166888 18277
1648783899360 0.05472051468677819 18327
1648783906166 0.0790483310353011 18377
1648783913124 0.06103473772294819 18427
1648783919913 0.061149678286165 18477
1648783926674 0.052094409614801405 18527
1648783933736 0.05406038433779031 18577
1648783940657 0.05140937067568302 18627
1648783947458 0.05046804049052298 18677
1648783954305 0.07256404630839824 18727
1648783961072 0.059708253669086844 18777
1648783967782 0.053045406257733706 18827
1648783975084 0.05945809722878039 18877
1648783982538 0.056190028386190534 18927
1648783989755 0.057055682325735685 18977
1648783997281 0.0551329651940614 19027
1648784004129 0.030849293579813093 19077
1648784011002 0.06016740975901484 19127
1648784017927 0.07047695007175207 19177
1648784024790 0.059648292902857065 19227
1648784031670 0.0507024505501613 19277
1648784038362 0.0430664937524125 19327
1648784045183 0.052810504455119374 19377
1648784051986 0.05368410082999617 19427
1648784058710 0.05656131875701249 19477
1648784065438 0.05431763052009046 19527
1648784114545 0.04841252272948623 19580
1648784121243 0.04197231410536915 19630
1648784127975 0.07868843123316765 19680
1648784134907 0.06081393661908805 19730
1648784141905 0.0611656908178702 19780
1648784148776 0.060860927789472045 19830
1648784155533 0.05845801194664091 19880
1648784162220 0.06183213663753122 19930
1648784168982 0.04744851076975465 19980
1648784176501 0.04963343411684036 20030
1648784183244 0.05629610354080796 20080
1648784190140 0.05249878412578255 20130
1648784197181 0.06108391774818301 20180
1648784203922 0.05153408052399754 20230
1648784210761 0.055390669927001 20280
1648784217555 0.051986988307908176 20330
1648784224280 0.048618153920397165 20380
1648784231090 0.058543751067481935 20430
1648784237738 0.06211095681879669 20480
1648784244451 0.05408086151815951 20530
1648784251154 0.05049102761782706 20580
1648784257886 0.0559208554122597 20630
1648784264496 0.056056473266799 20680
1648784271207 0.039993697018362584 20730
1648784277922 0.04979691836051643 20780
1648784284608 0.06121271776035428 20830
1648784291322 0.05427938390057534 20880
1648784298294 0.06136391784064472 20930
1648784305264 0.0472938618180342 20980
1648784312080 0.06132721185684204 21030
1648784318838 0.06421232201624662 21080
1648784325831 0.05781647247262299 21130
1648784332847 0.045388960214331746 21180
1648784339565 0.051006218064576385 21230
1648784346276 0.05767980394884944 21280
1648784353050 0.06332028866279871 21330
1648784360110 0.0665444740653038 21380
1648784366866 0.0609359972900711 21430
1648784373669 0.062468577637337146 21480
1648784424039 0.05945392586290836 21533
1648784433092 0.05074838448315859 21583
1648784445027 0.05025844977702945 21633
1648784459379 0.05367081405594945 21683
1648784474095 0.04416986760217696 21733
1648784488558 0.049468899494968355 21783
1648784503720 0.06084043476264924 21833
1648784518201 0.054759014663286504 21883
1648784532344 0.06120940960012376 21933
1648784545825 0.07495259023737162 21983
1648784560111 0.048483787756413224 22033
1648784573161 0.05144553295569494 22083
1648784587057 0.062371913632377984 22133
1648784601789 0.04717288136482239 22183
1648784614449 0.05756985551211983 22233
1648784629149 0.06429328262340278 22283
1648784643205 0.05630869450978935 22333
1648784657211 0.043839944074861706 22383
1648784671713 0.0472993399342522 22433
1648784686448 0.05750289588468149 22483
1648784700386 0.05106233733240515 22533
1648784715025 0.05042845091316849 22583
1648784729069 0.06682630776427687 22633
1648784743334 0.05650040997657925 22683
1648784757161 0.06696210704743862 22733
1648784771732 0.06414944038726389 22783
1648784785421 0.07475688447710127 22833
1648784799703 0.05502853896003217 22883
1648784812849 0.05401014825329185 22933
1648784827206 0.0494465664960444 22983
1648784841783 0.047868796195834874 23033
1648784856556 0.04812709429766983 23083
1648784869180 0.04357879087794572 23133
1648784883062 0.060974413064541294 23183
1648784897131 0.059724810123443606 23233
1648784911850 0.058402767456136644 23283
1648784923654 0.04160747516900301 23333
1648784937987 0.04510646562790498 23383
1648784951306 0.04323057758621871 23433
