1648780934098 0.6240095913410186 50
1648780945766 0.33697334691882136 100
1648780957449 0.2786649729311466 150
1648780967944 0.24240813925862312 200
1648780978317 0.23501754090189933 250
1648780988164 0.19680918768048286 300
1648780998612 0.18591355662792922 350
1648781008665 0.22656140893697738 400
1648781018029 0.19493630543351173 450
1648781028846 0.1969492331147194 500
1648781038752 0.1738424387574196 550
1648781048146 0.18990110754966735 600
1648781057977 0.14774469073861837 650
1648781069203 0.23343731097877027 700
1648781080044 0.19296004973351955 750
1648781090326 0.145464396327734 800
1648781100239 0.1308448190242052 850
1648781111037 0.1508587822690606 900
1648781121807 0.14233149625360966 950
1648781131961 0.11804206073284149 1000
1648781138838 0.16903334692120553 1050
1648781145960 0.1727694956213236 1100
1648781152643 0.1274921788647771 1150
1648781159343 0.14805674087256193 1200
1648781166045 0.11848808329552413 1250
1648781172926 0.16330476284027098 1300
1648781180146 0.14153654828667642 1350
1648781186960 0.14692914459854364 1400
1648781193727 0.15661356447264552 1450
1648781200382 0.1468131320923567 1500
1648781207171 0.12458334475755692 1550
1648781213898 0.09848906468600034 1600
1648781220795 0.1280735145136714 1650
1648781227613 0.1351685031503439 1700
1648781234241 0.10148328024893999 1750
1648781241427 0.11354106260463595 1800
1648781248219 0.11195936731994152 1850
1648781254939 0.1356641361489892 1900
1648781261731 0.13144476108253003 1950
1648781311110 0.11470327612012625 2003
1648781318034 0.07800769736990333 2053
1648781325172 0.13887091603130103 2103
1648781331915 0.11649712447077036 2153
1648781338690 0.0962143394909799 2203
1648781345447 0.10845824610441923 2253
1648781352347 0.12092043709009886 2303
1648781359066 0.10029078137129545 2353
1648781366280 0.11150699583813548 2403
1648781373372 0.09916244480758905 2453
1648781380412 0.10719391584396362 2503
1648781387519 0.09772429868578911 2553
1648781394295 0.1256440836749971 2603
1648781401098 0.13386315103620292 2653
1648781408291 0.12014293598011136 2703
1648781415082 0.12515317391604186 2753
1648781422642 0.10505180828273296 2803
1648781430276 0.10879524011164904 2853
1648781437263 0.11847339998930692 2903
1648781443763 0.12958613231778146 2953
1648781450259 0.1275566683895886 3003
1648781456990 0.1066003742441535 3053
1648781465428 0.10361405428498983 3103
1648781472700 0.10630984446033835 3153
1648781479478 0.11698314554989338 3203
1648781486307 0.11378031592816114 3253
1648781493011 0.1323845829628408 3303
1648781499724 0.09772255338728428 3353
1648781506420 0.10918709594756365 3403
1648781513116 0.11664284372702241 3453
1648781520316 0.13246578635647893 3503
1648781526988 0.11806685300543904 3553
1648781533665 0.10452120255678893 3603
1648781540413 0.08495458278805018 3653
1648781547049 0.09417189041152596 3703
1648781553617 0.10239887461066247 3753
1648781560546 0.12387345099821687 3803
1648781567261 0.08819403981789947 3853
1648781573856 0.09995994623750448 3903
1648781620629 0.09280247954651713 3956
1648781627258 0.08198874864727258 4006
1648781633845 0.08142703585326672 4056
1648781640476 0.08915149262174964 4106
1648781647038 0.12576820094138383 4156
1648781653653 0.09865744259208441 4206
1648781660287 0.08017413474619389 4256
1648781667055 0.09836768260225653 4306
1648781673811 0.0907317803427577 4356
1648781680969 0.09488042011857033 4406
1648781688020 0.08622102823108435 4456
1648781694683 0.08863362258300185 4506
1648781701462 0.10260718582198024 4556
1648781708209 0.10101807640865446 4606
1648781715302 0.08561719683930277 4656
1648781722380 0.10701565226539969 4706
1648781729302 0.09983160565607249 4756
1648781736893 0.11317156564444303 4806
1648781744491 0.09697373680770398 4856
1648781751442 0.102909688744694 4906
1648781758378 0.09408409585244953 4956
1648781765129 0.09584284776821733 5006
1648781772044 0.11165095387026668 5056
1648781778681 0.08074941502884031 5106
1648781785620 0.0876056143362075 5156
1648781792338 0.07765479383058846 5206
1648781799566 0.12467788398265839 5256
1648781806315 0.09661661414429545 5306
1648781813066 0.08793718731030822 5356
1648781819821 0.07526696957647801 5406
1648781826538 0.10328788442537189 5456
1648781833268 0.09486493665724993 5506
1648781839970 0.09337447423487902 5556
1648781846714 0.10082240102812648 5606
1648781853535 0.09924447765573859 5656
1648781861049 0.09906137067824602 5706
1648781868511 0.079153674216941 5756
1648781875237 0.0780958940461278 5806
1648781881964 0.09575894162990153 5856
1648781932675 0.08908442674204707 5909
1648781939408 0.09540483314543963 5959
1648781946478 0.08687231067568063 6009
1648781953137 0.10084533890709281 6059
1648781959898 0.0946869239769876 6109
1648781966598 0.07927312761545181 6159
1648781973339 0.08764225978404283 6209
1648781980013 0.09427257722243666 6259
1648781986666 0.07891250498592854 6309
1648781993313 0.07427839600481093 6359
1648781999975 0.09511936036869884 6409
1648782006658 0.09041368789505214 6459
1648782013514 0.07981753040105105 6509
1648782020368 0.08089447362348437 6559
1648782027170 0.0799787943251431 6609
1648782033947 0.0767598332837224 6659
1648782040781 0.08769992799498141 6709
1648782047528 0.06913897181861102 6759
1648782054407 0.06881396400276571 6809
1648782061672 0.07418814741075039 6859
1648782068444 0.06510781966149808 6909
1648782075254 0.08041063984856009 6959
1648782081975 0.07933927236124873 7009
1648782088786 0.055066330851987005 7059
1648782095558 0.0970205864496529 7109
1648782102377 0.10261620284989476 7159
1648782109195 0.07684605666436255 7209
1648782116019 0.08594281340017915 7259
1648782122825 0.08060431990772486 7309
1648782129879 0.07848289115354419 7359
1648782136647 0.08180996675044298 7409
1648782143416 0.08935790694318711 7459
1648782150153 0.09916894919238985 7509
1648782156945 0.07950565127655863 7559
1648782163698 0.0779216926265508 7609
1648782170374 0.06114333186298609 7659
1648782177086 0.07462773142382502 7709
1648782183810 0.09334212228655815 7759
1648782190526 0.09803839612752199 7809
1648782239514 0.06661184811964631 7862
1648782246388 0.08328786029946059 7912
1648782253632 0.05850761543028057 7962
1648782260380 0.07247454274445772 8012
1648782268111 0.06550017798319459 8062
1648782274854 0.06913447239436209 8112
1648782281478 0.07578200470656156 8162
1648782288189 0.07691737527027726 8212
1648782295057 0.05511478416621685 8262
1648782301752 0.08650090204551816 8312
1648782308371 0.07978466293774546 8362
1648782315355 0.06192690324038267 8412
1648782322709 0.09234182616695762 8462
1648782329430 0.0741663116030395 8512
1648782336311 0.08410342927090823 8562
1648782343161 0.09130366381257772 8612
1648782349922 0.08713339189998806 8662
1648782356688 0.07511479629203677 8712
1648782363456 0.07730019574984909 8762
1648782370304 0.08921090371906758 8812
1648782377170 0.0824185180477798 8862
1648782383908 0.08094055324792862 8912
1648782390594 0.07679701639339327 8962
1648782397602 0.07102244433015585 9012
1648782404308 0.06993982062675058 9062
1648782411066 0.07474774063564837 9112
1648782417850 0.06789918499067425 9162
1648782424746 0.06635988826863468 9212
1648782431452 0.07627062255516648 9262
1648782438623 0.06810470581054688 9312
1648782445655 0.07103093640878796 9362
1648782452914 0.07317584710195661 9412
1648782459676 0.07107915440574289 9462
1648782466446 0.08985949676483869 9512
1648782473142 0.07345696645788849 9562
1648782479997 0.08162144348025321 9612
1648782487807 0.06443377046845854 9662
1648782495052 0.09488807769492269 9712
1648782501865 0.07560751222074032 9762
1648782553129 0.07061544630676508 9815
1648782559914 0.05736646223813295 9865
1648782566709 0.07300375913269817 9915
1648782573653 0.06499440420418978 9965
1648782580572 0.05053638452664018 10015
1648782587412 0.07287756881676614 10065
1648782594304 0.07331298435106874 10115
1648782601440 0.08182640671730042 10165
1648782608505 0.06275792332366109 10215
1648782615426 0.07019180945120752 10265
1648782622206 0.08629637667909265 10315
1648782628998 0.06417025496251881 10365
1648782635751 0.07421358646824956 10415
1648782642458 0.06280132117681206 10465
1648782649250 0.0537968123331666 10515
1648782655916 0.042163926288485525 10565
1648782662551 0.07615481622517109 10615
1648782669223 0.07779804159887135 10665
1648782675926 0.06596408014185727 10715
1648782682649 0.05909494326449931 10765
1648782689320 0.05332323774229735 10815
1648782695947 0.06765826888382435 10865
1648782702762 0.07157513365149498 10915
1648782709591 0.07083887293003499 10965
1648782716276 0.0783850484713912 11015
1648782723264 0.05955955675803125 11065
1648782729975 0.07281920621171593 11115
1648782736573 0.08155345235951245 11165
1648782743408 0.061201800731942056 11215
1648782750452 0.0775468852929771 11265
1648782757446 0.052820921409875154 11315
1648782764233 0.08475521499291062 11365
1648782771007 0.07663643844425679 11415
1648782777689 0.06848987254314125 11465
1648782784376 0.07885894801467658 11515
1648782791085 0.08248436093330383 11565
1648782798052 0.07808389810845257 11615
1648782805143 0.07295570831745862 11665
1648782812171 0.07888748081400991 11715
1648782862288 0.041274063489399854 11768
1648782868971 0.05127019182778895 11818
1648782875677 0.05079690008424222 11868
1648782882389 0.059576220777817074 11918
1648782889152 0.05225820905063301 11968
1648782895834 0.06049969353713095 12018
1648782902810 0.06312720019370317 12068
1648782909865 0.06690694863907992 12118
1648782916634 0.05647229352965951 12168
1648782923664 0.053062939867377285 12218
1648782930429 0.04254313206300139 12268
1648782937195 0.053799885055050255 12318
1648782943994 0.06107622538227588 12368
1648782950852 0.06463996468577533 12418
1648782957638 0.04164825858082622 12468
1648782964500 0.06646127349697054 12518
1648782971759 0.06348509909585118 12568
1648782978889 0.06568974467925727 12618
1648782985987 0.06082077547907829 12668
1648782992768 0.06417029218748212 12718
1648782999548 0.06277772103436291 12768
1648783006447 0.05747327643213793 12818
1648783013218 0.06755652722902596 12868
1648783020054 0.0650832943059504 12918
1648783027660 0.06158354748506099 12968
1648783035202 0.06622254588175565 13018
1648783042388 0.05914692979422398 13068
1648783049090 0.06854239231906831 13118
1648783055915 0.07711720590479672 13168
1648783062644 0.06586918055545539 13218
1648783069360 0.05484999906271696 13268
1648783076628 0.06766459014266729 13318
1648783083348 0.06390766322147101 13368
1648783090138 0.08908306822180748 13418
1648783096898 0.06287667429074645 13468
1648783103592 0.06916546762455254 13518
1648783110803 0.06218725433573127 13568
1648783117654 0.060634204940870406 13618
1648783124454 0.05861206291243434 13668
1648783175499 0.054516182877123356 13721
1648783182371 0.059319279612973334 13771
1648783189127 0.05594421753194183 13821
1648783195915 0.05147573783062399 13871
1648783202514 0.05703995129093528 13921
1648783209107 0.049970202036201956 13971
1648783215830 0.05734721454791725 14021
1648783222562 0.0695355779118836 14071
1648783229740 0.04651222956366837 14121
1648783236483 0.03976420293562114 14171
1648783243852 0.05354162216419354 14221
1648783250971 0.056584786926396194 14271
1648783257792 0.05810046134516597 14321
1648783264619 0.05802550021559 14371
1648783271415 0.049544516503810886 14421
1648783278191 0.07393667921423912 14471
1648783284948 0.053070517256855965 14521
1648783292106 0.06936018495820463 14571
1648783298909 0.06072215843712911 14621
1648783305876 0.05929066282697022 14671
1648783313155 0.07108469770289957 14721
1648783320262 0.04991119083017111 14771
1648783327010 0.06786439576651901 14821
1648783333800 0.040363356936722994 14871
1648783340492 0.05150561171583831 14921
1648783347243 0.05739236865192652 14971
1648783354317 0.054797216625884174 15021
1648783361484 0.04888611590489745 15071
1648783369056 0.07743203994818032 15121
1648783376661 0.05898625705391169 15171
1648783384432 0.052516187047585844 15221
1648783391236 0.06068570965901017 15271
1648783398450 0.047723585297353564 15321
1648783405526 0.051570992702618244 15371
1648783412223 0.0619619382545352 15421
1648783418892 0.09661297975108027 15471
1648783425524 0.05930096866562962 15521
1648783432168 0.05588940726593137 15571
1648783438966 0.07453590740449727 15621
1648783488990 0.04730682678055018 15674
1648783496602 0.0551648832950741 15724
1648783503434 0.03875414237380028 15774
1648783510232 0.03291526530869305 15824
1648783517006 0.04488374551292509 15874
1648783523839 0.04354759115260094 15924
1648783530835 0.045419844891875984 15974
1648783537704 0.040132168168202045 16024
1648783544735 0.037638542889617384 16074
1648783551663 0.03535206784959882 16124
1648783558410 0.0327198671316728 16174
1648783565187 0.03623248353367672 16224
1648783572324 0.03624566062819213 16274
1648783579220 0.04111399393994361 16324
1648783586065 0.032427432951517406 16374
1648783593003 0.033599735302850604 16424
1648783599864 0.028990335962735116 16474
1648783606679 0.03660364709794521 16524
1648783613451 0.039188716341741384 16574
1648783620422 0.03904574280139059 16624
1648783628000 0.028006546046817675 16674
1648783635809 0.031934630207251756 16724
1648783642941 0.047656662133522334 16774
1648783649622 0.0317233317787759 16824
1648783656703 0.029131508681457488 16874
1648783663452 0.03998404818121344 16924
1648783670579 0.031033444770146162 16974
1648783677328 0.031306107386481014 17024
1648783684279 0.03131809141719714 17074
1648783691340 0.039436493678949774 17124
1648783698086 0.04158890390768647 17174
1648783704783 0.03863219977356493 17224
1648783711455 0.035708015135023745 17274
1648783718254 0.04059972875809763 17324
1648783724961 0.03049243814777583 17374
1648783731682 0.028306202853564173 17424
1648783738467 0.036120643387548626 17474
1648783745271 0.03088797115255147 17524
1648783752002 0.03436408506939188 17574
1648783802280 0.029135027253068983 17627
1648783809078 0.02990676207235083 17677
1648783815850 0.023493765050079673 17727
1648783822667 0.033062665943289174 17777
1648783829427 0.0292096289829351 17827
1648783836209 0.026005149930715562 17877
1648783843410 0.03232705519767478 17927
1648783850732 0.021873953758040444 17977
1648783857498 0.027414983401540666 18027
1648783864741 0.02693442676682025 18077
1648783872075 0.03504259009147063 18127
1648783878843 0.03469966254546307 18177
1648783885635 0.027313292045146226 18227
1648783892568 0.0360770805622451 18277
1648783899360 0.03345297694380861 18327
1648783906166 0.03733738100389019 18377
1648783913124 0.031222437499091028 18427
1648783919913 0.025283741168677806 18477
1648783926674 0.031011777580715716 18527
1648783933736 0.027568884752690793 18577
1648783940657 0.03116681845160201 18627
1648783947458 0.030754453712143005 18677
1648783954305 0.031188763158861547 18727
1648783961072 0.0294882951118052 18777
1648783967782 0.03216712633613497 18827
1648783975084 0.04267436107853428 18877
1648783982538 0.03175638417131268 18927
1648783989755 0.02776605913299136 18977
1648783997281 0.030347881130874155 19027
1648784004129 0.020404813911300154 19077
1648784011002 0.029802571693435313 19127
1648784017927 0.03609549491782673 19177
1648784024790 0.03759381709620357 19227
1648784031670 0.03577939720824361 19277
1648784038362 0.02595026172697544 19327
1648784045183 0.026288488273276015 19377
1648784051986 0.025417814058018847 19427
1648784058710 0.029755823756568135 19477
1648784065438 0.028239360933657736 19527
1648784114545 0.022829062591772527 19580
1648784121243 0.017024814628530293 19630
1648784127975 0.03250066636130214 19680
1648784134907 0.032133695199154315 19730
1648784141905 0.025832809748826548 19780
1648784148776 0.027763622333295643 19830
1648784155533 0.034947534484090284 19880
1648784162220 0.027979250877397135 19930
1648784168982 0.01958562021580292 19980
1648784176501 0.02542216988396831 20030
1648784183244 0.0240500367898494 20080
1648784190140 0.03129088090499863 20130
1648784197181 0.022261724456911908 20180
1648784203922 0.023238571329275145 20230
1648784210761 0.030169165001716465 20280
1648784217555 0.026151458544190972 20330
1648784224280 0.02512335515435552 20380
1648784231090 0.03150761919561774 20430
1648784237738 0.03575700553134084 20480
1648784244451 0.02394248519325629 20530
1648784251154 0.03251340763410553 20580
1648784257886 0.02576415826333687 20630
1648784264496 0.02608635222655721 20680
1648784271207 0.02653949364554137 20730
1648784277922 0.027385956114158033 20780
1648784284608 0.028535835194634273 20830
1648784291322 0.022546936312573963 20880
1648784298294 0.030112782609649003 20930
1648784305264 0.029088122179964558 20980
1648784312080 0.0285806866933126 21030
1648784318838 0.028794552767649292 21080
1648784325831 0.02475122646661475 21130
1648784332847 0.02689645687234588 21180
1648784339565 0.024336110834847203 21230
1648784346276 0.028155325835105032 21280
1648784353050 0.03219849382119719 21330
1648784360110 0.027941718960064463 21380
1648784366866 0.028505414729006587 21430
1648784373669 0.02623934830073267 21480
1648784424039 0.026722667686408387 21533
1648784433092 0.019726718310266733 21583
1648784445027 0.01920059279538691 21633
1648784459379 0.02286479409842286 21683
1648784474095 0.021441977271460928 21733
1648784488558 0.02319719848688692 21783
1648784503720 0.026949321618303657 21833
1648784518201 0.021856451156781986 21883
1648784532344 0.024909065359970554 21933
1648784545825 0.025212601446546613 21983
1648784560111 0.02721027512510773 22033
1648784573161 0.024376327583449892 22083
1648784587057 0.022126117998268455 22133
1648784601789 0.022218966137152164 22183
1648784614449 0.0212634344707476 22233
1648784629149 0.03100216090446338 22283
1648784643205 0.025316569244023413 22333
1648784657211 0.020138968279352413 22383
1648784671713 0.024873968927422538 22433
1648784686448 0.024657031757524237 22483
1648784700386 0.025499909564969128 22533
1648784715025 0.02445252953330055 22583
1648784729069 0.02778127450379543 22633
1648784743334 0.0220048733742442 22683
1648784757161 0.024851346877403556 22733
1648784771732 0.024782943604514003 22783
1648784785421 0.029793081714306027 22833
1648784799703 0.024981595345307143 22883
1648784812849 0.024479626381071283 22933
1648784827206 0.021832899689907207 22983
1648784841783 0.024829185288399457 23033
1648784856556 0.023903909251093865 23083
1648784869180 0.020850011237780564 23133
1648784883062 0.024613202495966106 23183
1648784897131 0.028374952668091282 23233
1648784911850 0.02413850090932101 23283
1648784923654 0.020437504255678505 23333
1648784937987 0.01999065281241201 23383
1648784951306 0.019471752329263837 23433
