1648780934098 1.929310210943222 50
1648780945766 0.7269746363162994 100
1648780957449 0.6600344729423523 150
1648780967944 0.6359097141027451 200
1648780978317 0.6090769165754318 250
1648780988164 0.5996353432536126 300
1648780998612 0.5570627924799919 350
1648781008665 0.6199170306324959 400
1648781018029 0.6477922424674034 450
1648781028846 0.6386530190706253 500
1648781038752 0.5762967146933079 550
1648781048146 0.5886077895760536 600
1648781057977 0.48161926209926603 650
1648781069203 0.6994855576753616 700
1648781080044 0.6206770573556423 750
1648781090326 0.4898237939178944 800
1648781100239 0.4225816923379898 850
1648781111037 0.5161959996819496 900
1648781121807 0.5008132810890674 950
1648781131961 0.47075447827577593 1000
1648781138838 0.546504412740469 1050
1648781145960 0.6097834250330925 1100
1648781152643 0.48851037591695784 1150
1648781159343 0.4521437731385231 1200
1648781166045 0.4693143902719021 1250
1648781172926 0.5921486285328865 1300
1648781180146 0.4733407446742058 1350
1648781186960 0.4932094909250736 1400
1648781193727 0.5114281842112541 1450
1648781200382 0.5452845467627049 1500
1648781207171 0.4488500243425369 1550
1648781213898 0.438507201820612 1600
1648781220795 0.4598303370177746 1650
1648781227613 0.47472977548837664 1700
1648781234241 0.41361246049404143 1750
1648781241427 0.43962491661310193 1800
1648781248219 0.4535028883814812 1850
1648781254939 0.4556895397603512 1900
1648781261731 0.5120565494894982 1950
1648781311110 0.41399531230330466 2003
1648781318034 0.35730913549661636 2053
1648781325172 0.4668360351026058 2103
1648781331915 0.410408486276865 2153
1648781338690 0.39438500851392744 2203
1648781345447 0.46968648076057434 2253
1648781352347 0.4668039286136627 2303
1648781359066 0.40856766179203985 2353
1648781366280 0.4420258083939552 2403
1648781373372 0.4063507790863514 2453
1648781380412 0.3935633394122124 2503
1648781387519 0.4286969695985317 2553
1648781394295 0.4455607932806015 2603
1648781401098 0.4398276486992836 2653
1648781408291 0.4587398089468479 2703
1648781415082 0.5345882710814476 2753
1648781422642 0.4514236143231392 2803
1648781430276 0.40699565947055816 2853
1648781437263 0.4575203154981136 2903
1648781443763 0.4975756871700287 2953
1648781450259 0.4638129682838917 3003
1648781456990 0.4443764144182205 3053
1648781465428 0.44221210420131685 3103
1648781472700 0.42009311079978945 3153
1648781479478 0.4962670367956161 3203
1648781486307 0.46638567313551904 3253
1648781493011 0.39116982206702233 3303
1648781499724 0.46807357132434846 3353
1648781506420 0.4321069349348545 3403
1648781513116 0.4668751734495163 3453
1648781520316 0.5037777526676654 3503
1648781526988 0.47518140718340873 3553
1648781533665 0.4572246405482292 3603
1648781540413 0.3707019032537937 3653
1648781547049 0.3679866322875023 3703
1648781553617 0.4473163497447967 3753
1648781560546 0.5224399037659169 3803
1648781567261 0.35136681228876115 3853
1648781573856 0.47416073843836787 3903
1648781620629 0.40571925953030585 3956
1648781627258 0.34785370513796804 4006
1648781633845 0.3506644658744335 4056
1648781640476 0.43639797329902646 4106
1648781647038 0.48716778203845024 4156
1648781653653 0.43849886327981946 4206
1648781660287 0.3407474260032177 4256
1648781667055 0.42156233251094816 4306
1648781673811 0.39245972499251364 4356
1648781680969 0.435586301535368 4406
1648781688020 0.4110832633078098 4456
1648781694683 0.3981184661388397 4506
1648781701462 0.49497656494379044 4556
1648781708209 0.40004776120185853 4606
1648781715302 0.3753601576387882 4656
1648781722380 0.4337768825888634 4706
1648781729302 0.43560767561197283 4756
1648781736893 0.42983508452773095 4806
1648781744491 0.4220343375205994 4856
1648781751442 0.44661606252193453 4906
1648781758378 0.38872880190610887 4956
1648781765129 0.4254471664130688 5006
1648781772044 0.46572348520159723 5056
1648781778681 0.365401423573494 5106
1648781785620 0.3896926099061966 5156
1648781792338 0.3748870414495468 5206
1648781799566 0.4000775061547756 5256
1648781806315 0.4457694354653359 5306
1648781813066 0.3878827373683453 5356
1648781819821 0.3622729243338108 5406
1648781826538 0.4183945106714964 5456
1648781833268 0.37668240889906884 5506
1648781839970 0.39302716493606565 5556
1648781846714 0.3972738674283028 5606
1648781853535 0.4196591431647539 5656
1648781861049 0.4019017101824284 5706
1648781868511 0.40174505464732646 5756
1648781875237 0.3351673486828804 5806
1648781881964 0.4245756633579731 5856
1648781932675 0.43587364673614504 5909
1648781939408 0.3783680431544781 5959
1648781946478 0.4025530411303043 6009
1648781953137 0.43429721258580684 6059
1648781959898 0.4430392651259899 6109
1648781966598 0.41316755801439287 6159
1648781973339 0.4071845391392708 6209
1648781980013 0.42713239692151544 6259
1648781986666 0.34868232607841493 6309
1648781993313 0.3394700112938881 6359
1648781999975 0.4135084693133831 6409
1648782006658 0.33894732877612116 6459
1648782013514 0.3942277806997299 6509
1648782020368 0.3618929273635149 6559
1648782027170 0.4057533457875252 6609
1648782033947 0.31008472621440886 6659
1648782040781 0.41310149133205415 6709
1648782047528 0.31663682192564013 6759
1648782054407 0.3395018163323402 6809
1648782061672 0.3418413323163986 6859
1648782068444 0.36326528385281565 6909
1648782075254 0.3666270698606968 6959
1648782081975 0.33373233169317246 7009
1648782088786 0.28184632256627085 7059
1648782095558 0.393629973679781 7109
1648782102377 0.44803219407796857 7159
1648782109195 0.32419977098703384 7209
1648782116019 0.40321975372731683 7259
1648782122825 0.3396638099104166 7309
1648782129879 0.40853992231190206 7359
1648782136647 0.38409341901540756 7409
1648782143416 0.3976829269528389 7459
1648782150153 0.4491032060980797 7509
1648782156945 0.3900850835442543 7559
1648782163698 0.37591740347445013 7609
1648782170374 0.33773918479681014 7659
1648782177086 0.37161133892834186 7709
1648782183810 0.3852026840299368 7759
1648782190526 0.4064692251384258 7809
1648782239514 0.3619299013912678 7862
1648782246388 0.38351856529712675 7912
1648782253632 0.34253644637763503 7962
1648782260380 0.37363482400774956 8012
1648782268111 0.34590127542614935 8062
1648782274854 0.3082535702735186 8112
1648782281478 0.3659280291199684 8162
1648782288189 0.38059838831424714 8212
1648782295057 0.31335028424859046 8262
1648782301752 0.39285626463592055 8312
1648782308371 0.41387566313147545 8362
1648782315355 0.3064687456190586 8412
1648782322709 0.3800141313672066 8462
1648782329430 0.3603499263525009 8512
1648782336311 0.38984612457454204 8562
1648782343161 0.40073542296886444 8612
1648782349922 0.4247715817391872 8662
1648782356688 0.36528783172369006 8712
1648782363456 0.3383765721321106 8762
1648782370304 0.3534939080476761 8812
1648782377170 0.38791537210345267 8862
1648782383908 0.3811032721400261 8912
1648782390594 0.351049332395196 8962
1648782397602 0.3736402676999569 9012
1648782404308 0.33044092044234274 9062
1648782411066 0.3544144767522812 9112
1648782417850 0.3290596482157707 9162
1648782424746 0.3200525461882353 9212
1648782431452 0.3080168748646975 9262
1648782438623 0.3291011332720518 9312
1648782445655 0.3614151547849178 9362
1648782452914 0.3972096408158541 9412
1648782459676 0.35342314675450326 9462
1648782466446 0.40615716218948367 9512
1648782473142 0.35921967804431915 9562
1648782479997 0.35614731803536415 9612
1648782487807 0.36934209868311885 9662
1648782495052 0.41730483278632163 9712
1648782501865 0.3511038249731064 9762
1648782553129 0.36540364034473893 9815
1648782559914 0.32203952632844446 9865
1648782566709 0.3620025409758091 9915
1648782573653 0.3421524600684643 9965
1648782580572 0.29591252766549586 10015
1648782587412 0.36798257924616334 10065
1648782594304 0.35838044866919516 10115
1648782601440 0.3636823827773333 10165
1648782608505 0.35358483709394933 10215
1648782615426 0.3577418165653944 10265
1648782622206 0.43396147564053533 10315
1648782628998 0.32177575409412384 10365
1648782635751 0.35582796975970266 10415
1648782642458 0.3127296552807093 10465
1648782649250 0.2995901444554329 10515
1648782655916 0.2519116549193859 10565
1648782662551 0.3767580582201481 10615
1648782669223 0.4058564089238644 10665
1648782675926 0.3117616866528988 10715
1648782682649 0.31469997227191926 10765
1648782689320 0.28554314710199835 10815
1648782695947 0.3300842675566673 10865
1648782702762 0.32632749192416666 10915
1648782709591 0.3685140037536621 10965
1648782716276 0.3318786428868771 11015
1648782723264 0.29834253780543807 11065
1648782729975 0.36034542337059977 11115
1648782736573 0.3575179906189442 11165
1648782743408 0.3159132171422243 11215
1648782750452 0.36707630097866056 11265
1648782757446 0.32288397043943406 11315
1648782764233 0.38558226332068446 11365
1648782771007 0.38812062203884123 11415
1648782777689 0.3354338824003935 11465
1648782784376 0.37368865169584753 11515
1648782791085 0.36669660568237306 11565
1648782798052 0.35534078523516655 11615
1648782805143 0.38506191089749336 11665
1648782812171 0.44167315259575846 11715
1648782862288 0.25833520606160165 11768
1648782868971 0.30633531615138054 11818
1648782875677 0.2888353655487299 11868
1648782882389 0.3266365944594145 11918
1648782889152 0.3134718034416437 11968
1648782895834 0.36666952416300774 12018
1648782902810 0.3437305358797312 12068
1648782909865 0.38359823912382124 12118
1648782916634 0.3585287968814373 12168
1648782923664 0.31382361337542536 12218
1648782930429 0.2803635473549366 12268
1648782937195 0.28872777774930003 12318
1648782943994 0.34484975881874563 12368
1648782950852 0.31974290624260904 12418
1648782957638 0.2736913588643074 12468
1648782964500 0.3312387254834175 12518
1648782971759 0.3327282917499542 12568
1648782978889 0.33810274958610537 12618
1648782985987 0.306439341083169 12668
1648782992768 0.326789720132947 12718
1648782999548 0.38768155962228773 12768
1648783006447 0.29533275179564955 12818
1648783013218 0.30259662345051763 12868
1648783020054 0.3371571868658066 12918
1648783027660 0.3212329250574112 12968
1648783035202 0.3362941706180573 13018
1648783042388 0.3207546576857567 13068
1648783049090 0.34900069832801817 13118
1648783055915 0.4124060142785311 13168
1648783062644 0.34247482895851133 13218
1648783069360 0.29372691735625267 13268
1648783076628 0.33862780809402465 13318
1648783083348 0.3373315444588661 13368
1648783090138 0.39178615018725393 13418
1648783096898 0.3439899681508541 13468
1648783103592 0.3364341270923614 13518
1648783110803 0.32464683674275874 13568
1648783117654 0.31137994952499864 13618
1648783124454 0.3294514810293913 13668
1648783175499 0.31556020863354206 13721
1648783182371 0.32022193767130375 13771
1648783189127 0.3600969914346933 13821
1648783195915 0.29537624537944795 13871
1648783202514 0.2987513376772404 13921
1648783209107 0.32702576197683814 13971
1648783215830 0.3066421405225992 14021
1648783222562 0.3551328128576279 14071
1648783229740 0.3033611489832401 14121
1648783236483 0.23600852377712728 14171
1648783243852 0.28891002997756005 14221
1648783250971 0.33855191186070444 14271
1648783257792 0.333329515978694 14321
1648783264619 0.3058084812760353 14371
1648783271415 0.2932322517037392 14421
1648783278191 0.3921970580518246 14471
1648783284948 0.27569498457014563 14521
1648783292106 0.373730032145977 14571
1648783298909 0.29323788300156595 14621
1648783305876 0.2907356204092503 14671
1648783313155 0.393943505436182 14721
1648783320262 0.30733395762741567 14771
1648783327010 0.35082207575440405 14821
1648783333800 0.279765812754631 14871
1648783340492 0.2939399376511574 14921
1648783347243 0.2990813791751862 14971
1648783354317 0.298118117004633 15021
1648783361484 0.2903615526109934 15071
1648783369056 0.3198036547750235 15121
1648783376661 0.3137539543956518 15171
1648783384432 0.3467443186044693 15221
1648783391236 0.315638736858964 15271
1648783398450 0.2851801988482475 15321
1648783405526 0.30107290387153623 15371
1648783412223 0.3402284504473209 15421
1648783418892 0.43516967110335825 15471
1648783425524 0.36894772440195084 15521
1648783432168 0.2774541198462248 15571
1648783438966 0.3671105002611876 15621
1648783488990 0.25697447612881663 15674
1648783496602 0.3380520031601191 15724
1648783503434 0.2619461721926928 15774
1648783510232 0.23281544096767903 15824
1648783517006 0.27953639179468154 15874
1648783523839 0.3069813933968544 15924
1648783530835 0.2926539614796638 15974
1648783537704 0.27598600804805756 16024
1648783544735 0.30435325533151625 16074
1648783551663 0.2430396678298712 16124
1648783558410 0.25053150177001954 16174
1648783565187 0.28693914696574213 16224
1648783572324 0.2966086134314537 16274
1648783579220 0.30290342785418034 16324
1648783586065 0.2493986054137349 16374
1648783593003 0.23481250062584877 16424
1648783599864 0.2189862532168627 16474
1648783606679 0.22635169848799705 16524
1648783613451 0.27655752386897803 16574
1648783620422 0.28447092361748216 16624
1648783628000 0.21452921621501445 16674
1648783635809 0.26552221484482286 16724
1648783642941 0.27941595405340197 16774
1648783649622 0.26094101041555406 16824
1648783656703 0.24203104384243487 16874
1648783663452 0.2657233998179436 16924
1648783670579 0.2395758007094264 16974
1648783677328 0.24716482259333133 17024
1648783684279 0.24096618451178073 17074
1648783691340 0.2893508819490671 17124
1648783698086 0.28956699654459955 17174
1648783704783 0.2596197083592415 17224
1648783711455 0.25417306579649446 17274
1648783718254 0.3060913948714733 17324
1648783724961 0.22318690739572047 17374
1648783731682 0.23175499338656663 17424
1648783738467 0.27417970322072505 17474
1648783745271 0.2503503919020295 17524
1648783752002 0.25542960364371536 17574
1648783802280 0.2776347804442048 17627
1648783809078 0.223868415504694 17677
1648783815850 0.21731564614921808 17727
1648783822667 0.27485198207199574 17777
1648783829427 0.2387640120089054 17827
1648783836209 0.21364430718123914 17877
1648783843410 0.24105922557413578 17927
1648783850732 0.1989945063740015 17977
1648783857498 0.23351882129907608 18027
1648783864741 0.23481975343078376 18077
1648783872075 0.2850396323762834 18127
1648783878843 0.2797894137352705 18177
1648783885635 0.22711127065122128 18227
1648783892568 0.27964495453983546 18277
1648783899360 0.24510478004813194 18327
1648783906166 0.31573724657297136 18377
1648783913124 0.2568756474554539 18427
1648783919913 0.24046186100691558 18477
1648783926674 0.22701279673725366 18527
1648783933736 0.23506135579198598 18577
1648783940657 0.22402642585337162 18627
1648783947458 0.22887589558959007 18677
1648783954305 0.28643814496695996 18727
1648783961072 0.2538481241092086 18777
1648783967782 0.23377434194087982 18827
1648783975084 0.27136921711266043 18877
1648783982538 0.25413225479424 18927
1648783989755 0.23787333864718677 18977
1648783997281 0.2496598954498768 19027
1648784004129 0.15229343105107546 19077
1648784011002 0.2597611691057682 19127
1648784017927 0.2835256990790367 19177
1648784024790 0.26184767939150333 19227
1648784031670 0.23161883980035783 19277
1648784038362 0.20655653439462185 19327
1648784045183 0.23054988138377666 19377
1648784051986 0.2263286028429866 19427
1648784058710 0.2482387149333954 19477
1648784065438 0.23323017362505197 19527
1648784114545 0.21128625467419623 19580
1648784121243 0.18908374153077603 19630
1648784127975 0.2939915233105421 19680
1648784134907 0.2537860605865717 19730
1648784141905 0.25172390826046465 19780
1648784148776 0.25570240035653113 19830
1648784155533 0.2511282920092344 19880
1648784162220 0.2561750644445419 19930
1648784168982 0.1975833224132657 19980
1648784176501 0.21040594905614854 20030
1648784183244 0.2360323231294751 20080
1648784190140 0.22892318315804006 20130
1648784197181 0.23409299958497287 20180
1648784203922 0.21607045382261275 20230
1648784210761 0.24118297286331652 20280
1648784217555 0.2181149397790432 20330
1648784224280 0.20677554305642842 20380
1648784231090 0.25307110853493214 20430
1648784237738 0.2545836017280817 20480
1648784244451 0.2320882349461317 20530
1648784251154 0.2300379664823413 20580
1648784257886 0.23247305393218995 20630
1648784264496 0.23724363841116428 20680
1648784271207 0.1929496967047453 20730
1648784277922 0.21811295811086892 20780
1648784284608 0.249782308191061 20830
1648784291322 0.21474365245550872 20880
1648784298294 0.25832346349954605 20930
1648784305264 0.21298398070037364 20980
1648784312080 0.24601641330868007 21030
1648784318838 0.2567209739983082 21080
1648784325831 0.23280544608831405 21130
1648784332847 0.20717095352709294 21180
1648784339565 0.21186473350971938 21230
1648784346276 0.24825610738247633 21280
1648784353050 0.26720351189374925 21330
1648784360110 0.26595777772367 21380
1648784366866 0.24717045657336711 21430
1648784373669 0.26513082299381496 21480
1648784424039 0.2436441233381629 21533
1648784433092 0.2018636992573738 21583
1648784445027 0.2063840775564313 21633
1648784459379 0.21413770366460086 21683
1648784474095 0.189025887735188 21733
1648784488558 0.2057497451454401 21783
1648784503720 0.24342903062701227 21833
1648784518201 0.21918801367282867 21883
1648784532344 0.24370724376291036 21933
1648784545825 0.28910235039889814 21983
1648784560111 0.21282508328557015 22033
1648784573161 0.218105989433825 22083
1648784587057 0.23231776367872953 22133
1648784601789 0.20502746101468802 22183
1648784614449 0.22009797438979148 22233
1648784629149 0.2601593296974897 22283
1648784643205 0.24346267875283956 22333
1648784657211 0.18474309090524912 22383
1648784671713 0.20840550236403943 22433
1648784686448 0.23222371619194745 22483
1648784700386 0.2178257417306304 22533
1648784715025 0.22030208826065065 22583
1648784729069 0.26270635351538657 22633
1648784743334 0.22026668105274438 22683
1648784757161 0.2642161010205746 22733
1648784771732 0.24300977580249308 22783
1648784785421 0.2832138967514038 22833
1648784799703 0.23138640206307173 22883
1648784812849 0.224429398663342 22933
1648784827206 0.2120203770324588 22983
1648784841783 0.21598994951695205 23033
1648784856556 0.21020963586866856 23083
1648784869180 0.19480739153921603 23133
1648784883062 0.24137417413294315 23183
1648784897131 0.2539880421757698 23233
1648784911850 0.2301919648051262 23283
1648784923654 0.17913519743829964 23333
1648784937987 0.19078987903892994 23383
1648784951306 0.1823211931064725 23433
