1648780934098 1.0724259532243012 50
1648780945766 0.1534530308842659 100
1648780957449 0.14488653011620045 150
1648780967944 0.14998714245855807 200
1648780978317 0.13854153648018838 250
1648780988164 0.16157616570591926 300
1648780998612 0.14555840767920017 350
1648781008665 0.15991526447236537 400
1648781018029 0.19365810580551623 450
1648781028846 0.1834917715191841 500
1648781038752 0.16544113282114267 550
1648781048146 0.16420105520635844 600
1648781057977 0.13192645143717527 650
1648781069203 0.1933312425017357 700
1648781080044 0.17788594361394644 750
1648781090326 0.13721060898154974 800
1648781100239 0.11970441650599241 850
1648781111037 0.14052385032176973 900
1648781121807 0.1466138420626521 950
1648781131961 0.1475931615754962 1000
1648781138838 0.15437046878039837 1050
1648781145960 0.18007738299667836 1100
1648781152643 0.14380227021872996 1150
1648781159343 0.1146995859593153 1200
1648781166045 0.14274650543928147 1250
1648781172926 0.18078840401023627 1300
1648781180146 0.1327671378850937 1350
1648781186960 0.14127629678696393 1400
1648781193727 0.15010079588741065 1450
1648781200382 0.1652891393378377 1500
1648781207171 0.12716725192964076 1550
1648781213898 0.13850968897342683 1600
1648781220795 0.13804875522851945 1650
1648781227613 0.14241775773465634 1700
1648781234241 0.12959881391376257 1750
1648781241427 0.13581610538065433 1800
1648781248219 0.1355952548235655 1850
1648781254939 0.12968329746276142 1900
1648781261731 0.16251888461411 1950
1648781311110 0.11685673542320728 2003
1648781318034 0.10731791600584983 2053
1648781325172 0.13035763517022134 2103
1648781331915 0.11742285035550594 2153
1648781338690 0.12336800396442413 2203
1648781345447 0.14569678548723458 2253
1648781352347 0.14222605351358653 2303
1648781359066 0.12624159421771763 2353
1648781366280 0.14055939849466084 2403
1648781373372 0.1225422251969576 2453
1648781380412 0.10921840008348227 2503
1648781387519 0.13441167216747998 2553
1648781394295 0.1321026612445712 2603
1648781401098 0.1297214700654149 2653
1648781408291 0.13572425857186318 2703
1648781415082 0.17456098299473524 2753
1648781422642 0.13648539196699858 2803
1648781430276 0.11569193251430988 2853
1648781437263 0.13603026408702135 2903
1648781443763 0.15621658075600864 2953
1648781450259 0.1463512066937983 3003
1648781456990 0.15124212715774774 3053
1648781465428 0.1459187052026391 3103
1648781472700 0.1330839329212904 3153
1648781479478 0.15983755376189948 3203
1648781486307 0.15181338764727115 3253
1648781493011 0.10411677956581115 3303
1648781499724 0.1565390992537141 3353
1648781506420 0.13323363970965146 3403
1648781513116 0.15022388935089112 3453
1648781520316 0.1620351744070649 3503
1648781526988 0.15007859386503697 3553
1648781533665 0.16425982765853406 3603
1648781540413 0.11889295626431703 3653
1648781547049 0.11444215420633555 3703
1648781553617 0.15231670010834933 3753
1648781560546 0.1761915532872081 3803
1648781567261 0.1115774879604578 3853
1648781573856 0.16012718502432108 3903
1648781620629 0.13340074468404053 3956
1648781627258 0.10802005156874657 4006
1648781633845 0.11022655032575131 4056
1648781640476 0.15338894810527562 4106
1648781647038 0.1566641006246209 4156
1648781653653 0.1520774045214057 4206
1648781660287 0.10289012100547552 4256
1648781667055 0.13963663328438997 4306
1648781673811 0.12010390173643827 4356
1648781680969 0.1415342228487134 4406
1648781688020 0.13726330552250146 4456
1648781694683 0.13353158127516507 4506
1648781701462 0.1768853112310171 4556
1648781708209 0.12394425053149462 4606
1648781715302 0.11877696439623833 4656
1648781722380 0.13669507682323456 4706
1648781729302 0.1373044355213642 4756
1648781736893 0.13288491621613502 4806
1648781744491 0.1350261477380991 4856
1648781751442 0.13911073688417674 4906
1648781758378 0.1248891904950142 4956
1648781765129 0.13761344984173773 5006
1648781772044 0.15164747685194016 5056
1648781778681 0.12299817256629467 5106
1648781785620 0.12408681735396385 5156
1648781792338 0.13009090643376112 5206
1648781799566 0.11272464748471975 5256
1648781806315 0.14749447118490935 5306
1648781813066 0.12272590454667806 5356
1648781819821 0.11826402746140957 5406
1648781826538 0.13745087871327996 5456
1648781833268 0.12252550896257162 5506
1648781839970 0.13439826529473067 5556
1648781846714 0.12375307399779559 5606
1648781853535 0.13984886774793268 5656
1648781861049 0.12941398061811923 5706
1648781868511 0.1345782464556396 5756
1648781875237 0.10851388342678547 5806
1648781881964 0.13275441877543925 5856
1648781932675 0.1535588669590652 5909
1648781939408 0.12140321977436543 5959
1648781946478 0.13630277331918478 6009
1648781953137 0.14337339520454406 6059
1648781959898 0.14725626746192574 6109
1648781966598 0.14137164048850537 6159
1648781973339 0.12729861102998258 6209
1648781980013 0.14364692898467182 6259
1648781986666 0.11522292725741863 6309
1648781993313 0.1097071397677064 6359
1648781999975 0.1323826339095831 6409
1648782006658 0.09672121776267886 6459
1648782013514 0.13045318834483624 6509
1648782020368 0.11338678361847997 6559
1648782027170 0.1381420411914587 6609
1648782033947 0.10100913289934396 6659
1648782040781 0.13620421335101127 6709
1648782047528 0.0990738502331078 6759
1648782054407 0.10672899711877108 6809
1648782061672 0.10340194549411535 6859
1648782068444 0.13196631021797656 6909
1648782075254 0.12682604659348726 6959
1648782081975 0.1039545076712966 7009
1648782088786 0.09003301791846752 7059
1648782095558 0.1240206940472126 7109
1648782102377 0.15290890533477067 7159
1648782109195 0.09840146392583847 7209
1648782116019 0.1377325367182493 7259
1648782122825 0.10624128244817257 7309
1648782129879 0.1369460059516132 7359
1648782136647 0.13182641968131065 7409
1648782143416 0.13304028764367104 7459
1648782150153 0.15186740688979625 7509
1648782156945 0.13476445158943534 7559
1648782163698 0.12434569522738456 7609
1648782170374 0.11403227634727955 7659
1648782177086 0.12525336345657706 7709
1648782183810 0.12426310423761606 7759
1648782190526 0.14170086525380612 7809
1648782239514 0.12623025842010974 7862
1648782246388 0.1279821502789855 7912
1648782253632 0.11742586717009544 7962
1648782260380 0.12502916164696218 8012
1648782268111 0.11899690084159374 8062
1648782274854 0.09654128709807992 8112
1648782281478 0.12456046305596828 8162
1648782288189 0.12786986093968153 8212
1648782295057 0.10503526262938977 8262
1648782301752 0.12885530322790145 8312
1648782308371 0.14445564948022366 8362
1648782315355 0.10123806156218051 8412
1648782322709 0.1251994961872697 8462
1648782329430 0.11628742039203643 8512
1648782336311 0.12982434896752237 8562
1648782343161 0.13131139609962703 8612
1648782349922 0.1464401468075812 8662
1648782356688 0.12139067718759179 8712
1648782363456 0.10553314041346312 8762
1648782370304 0.10940237555652857 8812
1648782377170 0.1298868941143155 8862
1648782383908 0.1254133478179574 8912
1648782390594 0.11036545250564814 8962
1648782397602 0.12849487271159887 9012
1648782404308 0.10788758315145969 9062
1648782411066 0.11290112767368556 9112
1648782417850 0.10330203792080284 9162
1648782424746 0.1033409982919693 9212
1648782431452 0.09500694716349244 9262
1648782438623 0.10425263106822967 9312
1648782445655 0.11860173419117928 9362
1648782452914 0.1416496327891946 9412
1648782459676 0.1209915804862976 9462
1648782466446 0.12428777124732733 9512
1648782473142 0.11811379691585898 9562
1648782479997 0.11873893439769745 9612
1648782487807 0.1284452749043703 9662
1648782495052 0.13957390278577805 9712
1648782501865 0.12096187163144351 9762
1648782553129 0.12785458754748105 9815
1648782559914 0.11072857283055783 9865
1648782566709 0.1233952790684998 9915
1648782573653 0.10804313864558936 9965
1648782580572 0.0975708931311965 10015
1648782587412 0.126883665882051 10065
1648782594304 0.1280235530808568 10115
1648782601440 0.1244734886661172 10165
1648782608505 0.12259463284164668 10215
1648782615426 0.12101782547309994 10265
1648782622206 0.15267659664154054 10315
1648782628998 0.10687861438840628 10365
1648782635751 0.1170010894164443 10415
1648782642458 0.10187314672395587 10465
1648782649250 0.09943415652960538 10515
1648782655916 0.08451916195452214 10565
1648782662551 0.12360016424208879 10615
1648782669223 0.1318021486327052 10665
1648782675926 0.10269104391336441 10715
1648782682649 0.10347478615120054 10765
1648782689320 0.09085999395698309 10815
1648782695947 0.10404510159045458 10865
1648782702762 0.10923634391278028 10915
1648782709591 0.12489592626690865 10965
1648782716276 0.106343132853508 11015
1648782723264 0.09558765672147274 11065
1648782729975 0.12361262638121844 11115
1648782736573 0.11152433373034 11165
1648782743408 0.10361866153776646 11215
1648782750452 0.12467516705393791 11265
1648782757446 0.11353516720235347 11315
1648782764233 0.12442433070391416 11365
1648782771007 0.1328360227495432 11415
1648782777689 0.1160155213996768 11465
1648782784376 0.12380545759573579 11515
1648782791085 0.11454039338976145 11565
1648782798052 0.11568369384855032 11615
1648782805143 0.1319847127608955 11665
1648782812171 0.15290156930685042 11715
1648782862288 0.09081459870561957 11768
1648782868971 0.10778495091944933 11818
1648782875677 0.09744563519954681 11868
1648782882389 0.11195345474407077 11918
1648782889152 0.11024032033979893 11968
1648782895834 0.12756412126123906 12018
1648782902810 0.11539200019091368 12068
1648782909865 0.1309062809497118 12118
1648782916634 0.12084331249818206 12168
1648782923664 0.11460315758362412 12218
1648782930429 0.09929656064137816 12268
1648782937195 0.10079793119803071 12318
1648782943994 0.12809474740177393 12368
1648782950852 0.1103771778382361 12418
1648782957638 0.09297683138400316 12468
1648782964500 0.10573335856199265 12518
1648782971759 0.10818465393036604 12568
1648782978889 0.10388972006738185 12618
1648782985987 0.09495110524818301 12668
1648782992768 0.10716542832553387 12718
1648782999548 0.13859251454472543 12768
1648783006447 0.09641334107145667 12818
1648783013218 0.10251771152019501 12868
1648783020054 0.11252512391656637 12918
1648783027660 0.10954318910837174 12968
1648783035202 0.11052046786993742 13018
1648783042388 0.10736163344234229 13068
1648783049090 0.11645104508846998 13118
1648783055915 0.14371730087324977 13168
1648783062644 0.11244261518120766 13218
1648783069360 0.09681412033736705 13268
1648783076628 0.1125554490275681 13318
1648783083348 0.11931773819029332 13368
1648783090138 0.12693972364068032 13418
1648783096898 0.11421444084495307 13468
1648783103592 0.11416360430419445 13518
1648783110803 0.1115382482856512 13568
1648783117654 0.1050630858540535 13618
1648783124454 0.10841773178428411 13668
1648783175499 0.10535950902849436 13721
1648783182371 0.10352884966880083 13771
1648783189127 0.13160599041730164 13821
1648783195915 0.10019722644239665 13871
1648783202514 0.09581029502674937 13921
1648783209107 0.11101559326052665 13971
1648783215830 0.10388982327654958 14021
1648783222562 0.1194988564401865 14071
1648783229740 0.10423262329772115 14121
1648783236483 0.0816496952995658 14171
1648783243852 0.09843859875574708 14221
1648783250971 0.12210360292345285 14271
1648783257792 0.11353874277323485 14321
1648783264619 0.09525985026732087 14371
1648783271415 0.10012375386431813 14421
1648783278191 0.13271684683859347 14471
1648783284948 0.09525289755314588 14521
1648783292106 0.1253219972550869 14571
1648783298909 0.09344600070267915 14621
1648783305876 0.09593509167432784 14671
1648783313155 0.1331106189265847 14721
1648783320262 0.10626196915283799 14771
1648783327010 0.11658193008974195 14821
1648783333800 0.09822747124359012 14871
1648783340492 0.09596676010638476 14921
1648783347243 0.10803967066109181 14971
1648783354317 0.1022190099954605 15021
1648783361484 0.09694068478420377 15071
1648783369056 0.09634551342576742 15121
1648783376661 0.10678483029827475 15171
1648783384432 0.13039412394165992 15221
1648783391236 0.1019777463376522 15271
1648783398450 0.09228203047066927 15321
1648783405526 0.10258004631847144 15371
1648783412223 0.12054917562752962 15421
1648783418892 0.1462300941348076 15471
1648783425524 0.1291000137105584 15521
1648783432168 0.09718330765143036 15571
1648783438966 0.12794495541602374 15621
1648783488990 0.08623876128345728 15674
1648783496602 0.11489179097115994 15724
1648783503434 0.08832373419776558 15774
1648783510232 0.08140831908211112 15824
1648783517006 0.09785916648805142 15874
1648783523839 0.10514656823128461 15924
1648783530835 0.10018680583685637 15974
1648783537704 0.09620355447754264 16024
1648783544735 0.10593091994524002 16074
1648783551663 0.08328705733641982 16124
1648783558410 0.08763202302157878 16174
1648783565187 0.10097493140026927 16224
1648783572324 0.10928498024120926 16274
1648783579220 0.1072288035042584 16324
1648783586065 0.0883895794302225 16374
1648783593003 0.07828914955258369 16424
1648783599864 0.07652038712054492 16474
1648783606679 0.07955377070233226 16524
1648783613451 0.09460447158664465 16574
1648783620422 0.09822385232895613 16624
1648783628000 0.07578271340578795 16674
1648783635809 0.0982345874235034 16724
1648783642941 0.09010335797443986 16774
1648783649622 0.09762509793043136 16824
1648783656703 0.08358311808668077 16874
1648783663452 0.09382871160283685 16924
1648783670579 0.0852503003180027 16974
1648783677328 0.0852271331846714 17024
1648783684279 0.08682721793651581 17074
1648783691340 0.10202546581625939 17124
1648783698086 0.09872099783271551 17174
1648783704783 0.09330006394535303 17224
1648783711455 0.08427104700356722 17274
1648783718254 0.1141764503531158 17324
1648783724961 0.07791023232042789 17374
1648783731682 0.07865268811583519 17424
1648783738467 0.09633763594552874 17474
1648783745271 0.09038528079167009 17524
1648783752002 0.0929523740336299 17574
1648783802280 0.09741915674880147 17627
1648783809078 0.07827915889210998 17677
1648783815850 0.07768908066675068 17727
1648783822667 0.1006630527600646 17777
1648783829427 0.08612667294219137 17827
1648783836209 0.07791854061186314 17877
1648783843410 0.08627021223306656 17927
1648783850732 0.07135209618136287 17977
1648783857498 0.084100925270468 18027
1648783864741 0.08413393056020141 18077
1648783872075 0.09862055893056094 18127
1648783878843 0.10308701528236269 18177
1648783885635 0.07710746262222529 18227
1648783892568 0.09844418723136186 18277
1648783899360 0.08459271772764623 18327
1648783906166 0.11313280191272497 18377
1648783913124 0.08922555769793689 18427
1648783919913 0.08771805383265019 18477
1648783926674 0.07803514642640948 18527
1648783933736 0.08009448128752411 18577
1648783940657 0.0745177480392158 18627
1648783947458 0.08015068438835442 18677
1648783954305 0.10290376491844654 18727
1648783961072 0.08845020409673453 18777
1648783967782 0.07761707689613104 18827
1648783975084 0.0899807595089078 18877
1648783982538 0.09398979604244233 18927
1648783989755 0.08632321057841182 18977
1648783997281 0.08654415816068649 19027
1648784004129 0.055095298830419775 19077
1648784011002 0.09266413673758507 19127
1648784017927 0.0963294446375221 19177
1648784024790 0.08886544903740287 19227
1648784031670 0.08393389085307718 19277
1648784038362 0.07427484760060907 19327
1648784045183 0.08322737080976367 19377
1648784051986 0.08253693278878928 19427
1648784058710 0.08962727252393961 19477
1648784065438 0.08119942860677838 19527
1648784114545 0.07762205250561237 19580
1648784121243 0.0718053625524044 19630
1648784127975 0.10528996141627431 19680
1648784134907 0.08923283664509654 19730
1648784141905 0.09392100963741541 19780
1648784148776 0.09276558237150312 19830
1648784155533 0.088249719645828 19880
1648784162220 0.0896745253354311 19930
1648784168982 0.07145424796268345 19980
1648784176501 0.07277698365971447 20030
1648784183244 0.08249945808202028 20080
1648784190140 0.08053026342764497 20130
1648784197181 0.08318135884590447 20180
1648784203922 0.07778041636571288 20230
1648784210761 0.08348823754116892 20280
1648784217555 0.07567667996510863 20330
1648784224280 0.06959296556189656 20380
1648784231090 0.09322418602183462 20430
1648784237738 0.0870885762386024 20480
1648784244451 0.0792642080038786 20530
1648784251154 0.0802937962859869 20580
1648784257886 0.08119767995551229 20630
1648784264496 0.08380339112132788 20680
1648784271207 0.06589459951967001 20730
1648784277922 0.0756292397622019 20780
1648784284608 0.08764870316721499 20830
1648784291322 0.0756758487969637 20880
1648784298294 0.08836025796830654 20930
1648784305264 0.0758068603836 20980
1648784312080 0.08862509882077575 21030
1648784318838 0.09031205078586936 21080
1648784325831 0.08387339716777205 21130
1648784332847 0.06990042429417372 21180
1648784339565 0.07470191411674022 21230
1648784346276 0.08376576196402312 21280
1648784353050 0.09350349554792046 21330
1648784360110 0.09451999930664896 21380
1648784366866 0.09029541750438512 21430
1648784373669 0.09902268473990261 21480
1648784424039 0.08882138417102396 21533
1648784433092 0.07185137458145618 21583
1648784445027 0.07335156261920929 21633
1648784459379 0.07588528950698674 21683
1648784474095 0.06943278830498457 21733
1648784488558 0.07378729875199497 21783
1648784503720 0.0811071320436895 21833
1648784518201 0.08034781873226166 21883
1648784532344 0.08473206730559468 21933
1648784545825 0.10649731134995818 21983
1648784560111 0.07617374615743756 22033
1648784573161 0.07590175217017531 22083
1648784587057 0.08322802364826203 22133
1648784601789 0.07189018928445876 22183
1648784614449 0.07638414091430605 22233
1648784629149 0.09341981563717126 22283
1648784643205 0.09037897069007159 22333
1648784657211 0.06454003939405084 22383
1648784671713 0.07365135593339801 22433
1648784686448 0.0835266945604235 22483
1648784700386 0.07763524321839213 22533
1648784715025 0.08047270273789764 22583
1648784729069 0.09529021405614913 22633
1648784743334 0.07850867480039597 22683
1648784757161 0.0945738660171628 22733
1648784771732 0.0858550363779068 22783
1648784785421 0.09892701588571072 22833
1648784799703 0.07698513867333531 22883
1648784812849 0.07830093343742192 22933
1648784827206 0.0739433566480875 22983
1648784841783 0.07607138346880675 23033
1648784856556 0.07611529747024179 23083
1648784869180 0.07193630837835371 23133
1648784883062 0.08678689546883106 23183
1648784897131 0.08909057451412082 23233
1648784911850 0.08118966249749064 23283
1648784923654 0.06397501271218062 23333
1648784937987 0.06627144698053598 23383
1648784951306 0.06263768640346826 23433
