1649121748432 4.995100000000008e-06 50
1649121773310 9.990100000000003e-06 100
1649121798198 1.4985100000000007e-05 150
1649121822757 1.9980100000000012e-05 200
1649121848133 2.4975099999999994e-05 250
1649121873222 2.997009999999999e-05 300
1649121898359 3.4965099999999995e-05 350
1649121923914 3.99601e-05 400
1649121948813 4.4955100000000006e-05 450
1649121974180 4.99501e-05 500
1649121999627 5.4945100000000004e-05 550
1649122024766 5.99401e-05 600
1649122049867 6.493510000000001e-05 650
1649122074823 6.99301e-05 700
1649122099840 7.49251e-05 750
1649122124974 7.992010000000001e-05 800
1649122150205 8.49151e-05 850
1649122175100 8.99101e-05 900
1649122200310 9.490510000000001e-05 950
1649122225277 9.990010000000001e-05 1000
1649122250920 0.0001 1050
1649122275714 0.0001 1100
1649122300988 0.0001 1150
1649122325731 0.0001 1200
1649122351133 0.0001 1250
1649122376216 0.0001 1300
1649122401288 0.0001 1350
1649122426833 0.0001 1400
1649122451740 0.0001 1450
1649122476716 0.0001 1500
1649122501794 0.0001 1550
1649122527131 0.0001 1600
1649122552781 0.0001 1650
1649122577776 0.0001 1700
1649122602762 0.0001 1750
1649122627738 0.0001 1800
1649122652756 0.0001 1850
1649122678087 0.0001 1900
1649122703939 0.0001 1950
1649122790318 0.0001 1954
1649122818013 0.0001 2003
1649122843667 0.0001 2053
1649122869622 0.0001 2103
1649122894595 0.0001 2153
1649122919818 0.0001 2203
1649122944743 0.0001 2253
1649122970228 0.0001 2303
1649122995301 0.0001 2353
1649123020384 0.0001 2403
1649123045255 0.0001 2453
1649123070691 0.0001 2503
1649123095846 0.0001 2553
1649123120666 0.0001 2603
1649123145915 0.0001 2653
1649123172060 0.0001 2703
1649123197604 0.0001 2753
1649123223071 0.0001 2803
1649123248328 0.0001 2853
1649123273778 0.0001 2903
1649123298740 0.0001 2953
1649123323661 0.0001 3003
1649123348933 0.0001 3053
1649123373929 0.0001 3103
1649123399109 0.0001 3153
1649123424437 0.0001 3203
1649123449794 0.0001 3253
1649123474870 0.0001 3303
1649123499605 0.0001 3353
1649123524868 0.0001 3403
1649123550306 0.0001 3453
1649123575236 0.0001 3503
1649123600240 0.0001 3553
1649123625622 0.0001 3603
1649123650625 0.0001 3653
1649123675725 0.0001 3703
1649123701172 0.0001 3753
1649123726212 0.0001 3803
1649123751616 0.0001 3853
1649123776618 0.0001 3903
1649123864839 0.0001 3907
1649123892598 0.0001 3956
1649123917735 0.0001 4006
1649123942733 0.0001 4056
1649123967790 0.0001 4106
1649123992866 0.0001 4156
1649124018091 0.0001 4206
1649124043674 0.0001 4256
1649124069517 0.0001 4306
1649124094713 0.0001 4356
1649124119997 0.0001 4406
1649124145287 0.0001 4456
1649124170434 0.0001 4506
1649124195745 0.0001 4556
1649124220780 0.0001 4606
1649124245875 0.0001 4656
1649124271068 0.0001 4706
1649124295898 0.0001 4756
1649124321081 0.0001 4806
1649124346209 0.0001 4856
1649124370788 0.0001 4906
1649124395804 0.0001 4956
1649124420893 0.0001 5006
1649124445768 0.0001 5056
1649124471133 0.0001 5106
1649124496744 0.0001 5156
1649124521994 0.0001 5206
1649124546728 0.0001 5256
1649124572232 0.0001 5306
1649124597277 0.0001 5356
1649124622277 0.0001 5406
1649124647679 0.0001 5456
1649124672611 0.0001 5506
1649124697200 0.0001 5556
1649124722330 0.0001 5606
1649124747213 0.0001 5656
1649124773203 0.0001 5706
1649124798299 0.0001 5756
1649124824406 0.0001 5806
1649124849986 0.0001 5856
1649124938631 0.0001 5860
1649124965789 0.0001 5909
1649124990721 0.0001 5959
1649125015667 0.0001 6009
1649125041015 0.0001 6059
1649125065744 0.0001 6109
1649125090374 0.0001 6159
1649125115914 0.0001 6209
1649125141042 0.0001 6259
1649125166526 0.0001 6309
1649125192007 0.0001 6359
1649125217135 0.0001 6409
1649125242041 0.0001 6459
1649125267307 0.0001 6509
1649125292328 0.0001 6559
1649125317834 0.0001 6609
1649125343165 0.0001 6659
1649125368730 0.0001 6709
1649125393751 0.0001 6759
1649125418929 0.0001 6809
1649125444205 0.0001 6859
1649125469341 0.0001 6909
1649125494277 0.0001 6959
1649125519295 0.0001 7009
1649125544603 0.0001 7059
1649125570371 0.0001 7109
1649125594980 0.0001 7159
1649125620347 0.0001 7209
1649125645804 0.0001 7259
1649125671026 0.0001 7309
1649125696785 0.0001 7359
1649125721688 0.0001 7409
1649125747334 0.0001 7459
1649125772335 0.0001 7509
1649125797425 0.0001 7559
1649125822667 0.0001 7609
1649125847665 0.0001 7659
1649125872864 0.0001 7709
1649125898154 0.0001 7759
1649125923462 0.0001 7809
1649126011361 0.0001 7813
1649126038923 0.0001 7862
1649126063848 0.0001 7912
1649126088652 0.0001 7962
1649126113983 0.0001 8012
1649126139225 0.0001 8062
1649126164430 0.0001 8112
1649126189636 0.0001 8162
1649126214794 0.0001 8212
1649126239738 0.0001 8262
1649126264916 0.0001 8312
1649126290142 0.0001 8362
1649126315209 0.0001 8412
1649126341191 0.0001 8462
1649126366688 0.0001 8512
1649126391975 0.0001 8562
1649126418032 0.0001 8612
1649126443288 0.0001 8662
1649126468449 0.0001 8712
1649126493765 0.0001 8762
1649126519324 0.0001 8812
1649126544032 0.0001 8862
1649126568838 0.0001 8912
1649126593999 0.0001 8962
1649126619218 0.0001 9012
1649126644309 0.0001 9062
1649126669330 0.0001 9112
1649126694729 0.0001 9162
1649126720327 0.0001 9212
1649126745446 0.0001 9262
1649126770691 0.0001 9312
1649126796045 0.0001 9362
1649126820784 0.0001 9412
1649126845826 0.0001 9462
1649126870855 0.0001 9512
1649126896266 0.0001 9562
1649126921104 0.0001 9612
1649126946447 0.0001 9662
1649126971835 0.0001 9712
1649126997425 0.0001 9762
1649127087947 0.0001 9766
1649127115267 0.0001 9815
1649127140312 0.0001 9865
1649127165189 0.0001 9915
1649127190301 0.0001 9965
1649127215264 0.0001 10015
1649127240260 0.0001 10065
1649127265313 0.0001 10115
1649127290249 0.0001 10165
1649127315356 0.0001 10215
1649127340581 0.0001 10265
1649127366299 0.0001 10315
1649127391497 0.0001 10365
1649127417222 0.0001 10415
1649127442508 0.0001 10465
1649127467227 0.0001 10515
1649127492545 0.0001 10565
1649127517684 0.0001 10615
1649127542761 0.0001 10665
1649127568266 0.0001 10715
1649127593495 0.0001 10765
1649127618764 0.0001 10815
1649127644207 0.0001 10865
1649127669484 0.0001 10915
1649127694246 0.0001 10965
1649127719467 0.0001 11015
1649127744705 0.0001 11065
1649127770475 0.0001 11115
1649127795789 0.0001 11165
1649127820970 0.0001 11215
1649127846001 0.0001 11265
1649127870917 0.0001 11315
1649127895823 0.0001 11365
1649127921332 0.0001 11415
1649127946647 0.0001 11465
1649127971796 0.0001 11515
1649127996750 0.0001 11565
1649128021968 0.0001 11615
1649128047353 0.0001 11665
1649128072967 0.0001 11715
1649128162453 0.0001 11719
1649128189827 0.0001 11768
1649128214688 0.0001 11818
1649128239256 0.0001 11868
1649128264343 0.0001 11918
1649128289651 0.0001 11968
1649128314720 0.0001 12018
1649128339642 0.0001 12068
1649128364843 0.0001 12118
1649128390271 0.0001 12168
1649128415220 0.0001 12218
1649128441243 0.0001 12268
1649128466297 0.0001 12318
1649128492640 0.0001 12368
1649128517951 0.0001 12418
1649128543173 0.0001 12468
1649128568229 0.0001 12518
1649128593628 0.0001 12568
1649128618358 0.0001 12618
1649128643655 0.0001 12668
1649128669072 0.0001 12718
1649128694310 0.0001 12768
1649128719509 0.0001 12818
1649128745533 0.0001 12868
1649128771486 0.0001 12918
1649128796998 0.0001 12968
1649128821927 0.0001 13018
1649128847442 0.0001 13068
1649128872264 0.0001 13118
1649128897181 0.0001 13168
1649128922450 0.0001 13218
1649128947863 0.0001 13268
1649128973003 0.0001 13318
1649128998467 0.0001 13368
1649129024125 0.0001 13418
1649129050013 0.0001 13468
1649129075335 0.0001 13518
1649129101211 0.0001 13568
1649129126904 0.0001 13618
1649129152754 0.0001 13668
1649129240552 0.0001 13672
1649129267889 0.0001 13721
1649129293371 0.0001 13771
1649129318453 0.0001 13821
1649129343691 0.0001 13871
1649129369261 0.0001 13921
1649129394450 0.0001 13971
1649129419448 0.0001 14021
1649129444502 0.0001 14071
1649129469466 0.0001 14121
1649129494463 0.0001 14171
1649129519698 0.0001 14221
1649129544561 0.0001 14271
1649129569870 0.0001 14321
1649129594883 0.0001 14371
1649129620679 0.0001 14421
1649129646020 0.0001 14471
1649129671231 0.0001 14521
1649129696399 0.0001 14571
1649129721297 0.0001 14621
1649129747421 0.0001 14671
1649129772702 0.0001 14721
1649129797964 0.0001 14771
1649129823207 0.0001 14821
1649129848361 0.0001 14871
1649129873772 0.0001 14921
1649129898627 0.0001 14971
1649129924017 0.0001 15021
1649129949590 0.0001 15071
1649129974679 0.0001 15121
1649129999899 0.0001 15171
1649130024746 0.0001 15221
1649130050096 0.0001 15271
1649130075218 0.0001 15321
1649130099900 0.0001 15371
1649130124768 0.0001 15421
1649130150194 0.0001 15471
1649130175606 0.0001 15521
1649130200499 0.0001 15571
1649130225690 0.0001 15621
1649130314143 0.0001 15625
1649130341612 1e-05 15674
1649130367219 1e-05 15724
1649130392909 1e-05 15774
1649130417694 1e-05 15824
1649130442733 1e-05 15874
1649130468168 1e-05 15924
1649130493331 1e-05 15974
1649130518354 1e-05 16024
1649130543362 1e-05 16074
1649130569043 1e-05 16124
1649130594400 1e-05 16174
1649130619718 1e-05 16224
1649130644944 1e-05 16274
1649130670139 1e-05 16324
1649130695246 1e-05 16374
1649130720776 1e-05 16424
1649130746009 1e-05 16474
1649130770965 1e-05 16524
1649130795894 1e-05 16574
1649130821391 1e-05 16624
1649130846498 1e-05 16674
1649130871519 1e-05 16724
1649130896547 1e-05 16774
1649130921655 1e-05 16824
1649130946723 1e-05 16874
1649130971777 1e-05 16924
1649130996768 1e-05 16974
1649131021498 1e-05 17024
1649131046773 1e-05 17074
1649131072266 1e-05 17124
1649131097448 1e-05 17174
1649131122326 1e-05 17224
1649131147787 1e-05 17274
1649131172718 1e-05 17324
1649131198274 1e-05 17374
1649131223176 1e-05 17424
1649131248371 1e-05 17474
1649131274114 1e-05 17524
1649131299175 1e-05 17574
1649131387812 1e-05 17578
1649131415985 1e-05 17627
1649131441339 1e-05 17677
1649131466684 1e-05 17727
1649131492155 1e-05 17777
1649131516779 1e-05 17827
1649131541713 1e-05 17877
1649131566909 1e-05 17927
1649131592001 1e-05 17977
1649131617264 1e-05 18027
1649131642093 1e-05 18077
1649131667410 1e-05 18127
1649131692718 1e-05 18177
1649131717785 1e-05 18227
1649131742723 1e-05 18277
1649131767733 1e-05 18327
1649131792891 1e-05 18377
1649131817817 1e-05 18427
1649131842862 1e-05 18477
1649131867843 1e-05 18527
1649131893078 1e-05 18577
1649131918461 1e-05 18627
1649131943340 1e-05 18677
1649131968226 1e-05 18727
1649131993004 1e-05 18777
1649132018415 1e-05 18827
1649132043723 1e-05 18877
1649132068844 1e-05 18927
1649132094215 1e-05 18977
1649132119286 1e-05 19027
1649132144290 1e-05 19077
1649132169056 1e-05 19127
1649132194163 1e-05 19177
1649132219483 1e-05 19227
1649132244577 1e-05 19277
1649132269765 1e-05 19327
1649132294703 1e-05 19377
1649132319934 1e-05 19427
1649132345229 1e-05 19477
1649132370296 1e-05 19527
1649132457603 1e-05 19531
1649132485061 1e-05 19580
1649132510220 1e-05 19630
1649132535302 1e-05 19680
1649132560534 1e-05 19730
1649132585385 1e-05 19780
1649132610258 1e-05 19830
1649132634930 1e-05 19880
1649132659654 1e-05 19930
1649132684916 1e-05 19980
1649132709873 1e-05 20030
1649132735203 1e-05 20080
1649132760336 1e-05 20130
1649132785541 1e-05 20180
1649132810723 1e-05 20230
1649132835737 1e-05 20280
1649132860811 1e-05 20330
1649132885569 1e-05 20380
1649132910568 1e-05 20430
1649132935146 1e-05 20480
1649132959988 1e-05 20530
1649132984723 1e-05 20580
1649133009839 1e-05 20630
1649133034727 1e-05 20680
1649133059780 1e-05 20730
1649133084958 1e-05 20780
1649133110151 1e-05 20830
1649133135002 1e-05 20880
1649133159790 1e-05 20930
1649133184778 1e-05 20980
1649133209811 1e-05 21030
1649133234735 1e-05 21080
1649133260263 1e-05 21130
1649133285276 1e-05 21180
1649133310271 1e-05 21230
1649133334837 1e-05 21280
1649133359751 1e-05 21330
1649133384790 1e-05 21380
1649133409937 1e-05 21430
1649133435343 1e-05 21480
1649133523782 1e-05 21484
1649133551965 1.0000000000000002e-06 21533
1649133577508 1.0000000000000002e-06 21583
1649133602778 1.0000000000000002e-06 21633
1649133627992 1.0000000000000002e-06 21683
1649133652852 1.0000000000000002e-06 21733
1649133678014 1.0000000000000002e-06 21783
1649133703776 1.0000000000000002e-06 21833
1649133728691 1.0000000000000002e-06 21883
1649133753744 1.0000000000000002e-06 21933
1649133778894 1.0000000000000002e-06 21983
1649133804218 1.0000000000000002e-06 22033
1649133829226 1.0000000000000002e-06 22083
1649133854114 1.0000000000000002e-06 22133
1649133879679 1.0000000000000002e-06 22183
1649133904693 1.0000000000000002e-06 22233
1649133929893 1.0000000000000002e-06 22283
1649133955074 1.0000000000000002e-06 22333
1649133980218 1.0000000000000002e-06 22383
1649134005182 1.0000000000000002e-06 22433
1649134030655 1.0000000000000002e-06 22483
1649134056043 1.0000000000000002e-06 22533
1649134081099 1.0000000000000002e-06 22583
1649134106301 1.0000000000000002e-06 22633
1649134131570 1.0000000000000002e-06 22683
1649134156941 1.0000000000000002e-06 22733
1649134182414 1.0000000000000002e-06 22783
1649134208238 1.0000000000000002e-06 22833
1649134233311 1.0000000000000002e-06 22883
1649134258958 1.0000000000000002e-06 22933
1649134283858 1.0000000000000002e-06 22983
1649134309345 1.0000000000000002e-06 23033
1649134334801 1.0000000000000002e-06 23083
1649134360080 1.0000000000000002e-06 23133
1649134384879 1.0000000000000002e-06 23183
1649134409806 1.0000000000000002e-06 23233
1649134434926 1.0000000000000002e-06 23283
1649134459914 1.0000000000000002e-06 23333
1649134484950 1.0000000000000002e-06 23383
1649134509692 1.0000000000000002e-06 23433
1649134597526 1.0000000000000002e-06 23437
