1649121748432 0.9 50
1649121773310 0.9 100
1649121798198 0.9 150
1649121822757 0.9 200
1649121848133 0.9 250
1649121873222 0.9 300
1649121898359 0.9 350
1649121923914 0.9 400
1649121948813 0.9 450
1649121974180 0.9 500
1649121999627 0.9 550
1649122024766 0.9 600
1649122049867 0.9 650
1649122074823 0.9 700
1649122099840 0.9 750
1649122124974 0.9 800
1649122150205 0.9 850
1649122175100 0.9 900
1649122200310 0.9 950
1649122225277 0.9 1000
1649122250920 0.9 1050
1649122275714 0.9 1100
1649122300988 0.9 1150
1649122325731 0.9 1200
1649122351133 0.9 1250
1649122376216 0.9 1300
1649122401288 0.9 1350
1649122426833 0.9 1400
1649122451740 0.9 1450
1649122476716 0.9 1500
1649122501794 0.9 1550
1649122527131 0.9 1600
1649122552781 0.9 1650
1649122577776 0.9 1700
1649122602762 0.9 1750
1649122627738 0.9 1800
1649122652756 0.9 1850
1649122678087 0.9 1900
1649122703939 0.9 1950
1649122790318 0.9 1954
1649122818013 0.9 2003
1649122843667 0.9 2053
1649122869622 0.9 2103
1649122894595 0.9 2153
1649122919818 0.9 2203
1649122944743 0.9 2253
1649122970228 0.9 2303
1649122995301 0.9 2353
1649123020384 0.9 2403
1649123045255 0.9 2453
1649123070691 0.9 2503
1649123095846 0.9 2553
1649123120666 0.9 2603
1649123145915 0.9 2653
1649123172060 0.9 2703
1649123197604 0.9 2753
1649123223071 0.9 2803
1649123248328 0.9 2853
1649123273778 0.9 2903
1649123298740 0.9 2953
1649123323661 0.9 3003
1649123348933 0.9 3053
1649123373929 0.9 3103
1649123399109 0.9 3153
1649123424437 0.9 3203
1649123449794 0.9 3253
1649123474870 0.9 3303
1649123499605 0.9 3353
1649123524868 0.9 3403
1649123550306 0.9 3453
1649123575236 0.9 3503
1649123600240 0.9 3553
1649123625622 0.9 3603
1649123650625 0.9 3653
1649123675725 0.9 3703
1649123701172 0.9 3753
1649123726212 0.9 3803
1649123751616 0.9 3853
1649123776618 0.9 3903
1649123864839 0.9 3907
1649123892598 0.9 3956
1649123917735 0.9 4006
1649123942733 0.9 4056
1649123967790 0.9 4106
1649123992866 0.9 4156
1649124018091 0.9 4206
1649124043674 0.9 4256
1649124069517 0.9 4306
1649124094713 0.9 4356
1649124119997 0.9 4406
1649124145287 0.9 4456
1649124170434 0.9 4506
1649124195745 0.9 4556
1649124220780 0.9 4606
1649124245875 0.9 4656
1649124271068 0.9 4706
1649124295898 0.9 4756
1649124321081 0.9 4806
1649124346209 0.9 4856
1649124370788 0.9 4906
1649124395804 0.9 4956
1649124420893 0.9 5006
1649124445768 0.9 5056
1649124471133 0.9 5106
1649124496744 0.9 5156
1649124521994 0.9 5206
1649124546728 0.9 5256
1649124572232 0.9 5306
1649124597277 0.9 5356
1649124622277 0.9 5406
1649124647679 0.9 5456
1649124672611 0.9 5506
1649124697200 0.9 5556
1649124722330 0.9 5606
1649124747213 0.9 5656
1649124773203 0.9 5706
1649124798299 0.9 5756
1649124824406 0.9 5806
1649124849986 0.9 5856
1649124938631 0.9 5860
1649124965789 0.9 5909
1649124990721 0.9 5959
1649125015667 0.9 6009
1649125041015 0.9 6059
1649125065744 0.9 6109
1649125090374 0.9 6159
1649125115914 0.9 6209
1649125141042 0.9 6259
1649125166526 0.9 6309
1649125192007 0.9 6359
1649125217135 0.9 6409
1649125242041 0.9 6459
1649125267307 0.9 6509
1649125292328 0.9 6559
1649125317834 0.9 6609
1649125343165 0.9 6659
1649125368730 0.9 6709
1649125393751 0.9 6759
1649125418929 0.9 6809
1649125444205 0.9 6859
1649125469341 0.9 6909
1649125494277 0.9 6959
1649125519295 0.9 7009
1649125544603 0.9 7059
1649125570371 0.9 7109
1649125594980 0.9 7159
1649125620347 0.9 7209
1649125645804 0.9 7259
1649125671026 0.9 7309
1649125696785 0.9 7359
1649125721688 0.9 7409
1649125747334 0.9 7459
1649125772335 0.9 7509
1649125797425 0.9 7559
1649125822667 0.9 7609
1649125847665 0.9 7659
1649125872864 0.9 7709
1649125898154 0.9 7759
1649125923462 0.9 7809
1649126011361 0.9 7813
1649126038923 0.9 7862
1649126063848 0.9 7912
1649126088652 0.9 7962
1649126113983 0.9 8012
1649126139225 0.9 8062
1649126164430 0.9 8112
1649126189636 0.9 8162
1649126214794 0.9 8212
1649126239738 0.9 8262
1649126264916 0.9 8312
1649126290142 0.9 8362
1649126315209 0.9 8412
1649126341191 0.9 8462
1649126366688 0.9 8512
1649126391975 0.9 8562
1649126418032 0.9 8612
1649126443288 0.9 8662
1649126468449 0.9 8712
1649126493765 0.9 8762
1649126519324 0.9 8812
1649126544032 0.9 8862
1649126568838 0.9 8912
1649126593999 0.9 8962
1649126619218 0.9 9012
1649126644309 0.9 9062
1649126669330 0.9 9112
1649126694729 0.9 9162
1649126720327 0.9 9212
1649126745446 0.9 9262
1649126770691 0.9 9312
1649126796045 0.9 9362
1649126820784 0.9 9412
1649126845826 0.9 9462
1649126870855 0.9 9512
1649126896266 0.9 9562
1649126921104 0.9 9612
1649126946447 0.9 9662
1649126971835 0.9 9712
1649126997425 0.9 9762
1649127087947 0.9 9766
1649127115267 0.9 9815
1649127140312 0.9 9865
1649127165189 0.9 9915
1649127190301 0.9 9965
1649127215264 0.9 10015
1649127240260 0.9 10065
1649127265313 0.9 10115
1649127290249 0.9 10165
1649127315356 0.9 10215
1649127340581 0.9 10265
1649127366299 0.9 10315
1649127391497 0.9 10365
1649127417222 0.9 10415
1649127442508 0.9 10465
1649127467227 0.9 10515
1649127492545 0.9 10565
1649127517684 0.9 10615
1649127542761 0.9 10665
1649127568266 0.9 10715
1649127593495 0.9 10765
1649127618764 0.9 10815
1649127644207 0.9 10865
1649127669484 0.9 10915
1649127694246 0.9 10965
1649127719467 0.9 11015
1649127744705 0.9 11065
1649127770475 0.9 11115
1649127795789 0.9 11165
1649127820970 0.9 11215
1649127846001 0.9 11265
1649127870917 0.9 11315
1649127895823 0.9 11365
1649127921332 0.9 11415
1649127946647 0.9 11465
1649127971796 0.9 11515
1649127996750 0.9 11565
1649128021968 0.9 11615
1649128047353 0.9 11665
1649128072967 0.9 11715
1649128162453 0.9 11719
1649128189827 0.9 11768
1649128214688 0.9 11818
1649128239256 0.9 11868
1649128264343 0.9 11918
1649128289651 0.9 11968
1649128314720 0.9 12018
1649128339642 0.9 12068
1649128364843 0.9 12118
1649128390271 0.9 12168
1649128415220 0.9 12218
1649128441243 0.9 12268
1649128466297 0.9 12318
1649128492640 0.9 12368
1649128517951 0.9 12418
1649128543173 0.9 12468
1649128568229 0.9 12518
1649128593628 0.9 12568
1649128618358 0.9 12618
1649128643655 0.9 12668
1649128669072 0.9 12718
1649128694310 0.9 12768
1649128719509 0.9 12818
1649128745533 0.9 12868
1649128771486 0.9 12918
1649128796998 0.9 12968
1649128821927 0.9 13018
1649128847442 0.9 13068
1649128872264 0.9 13118
1649128897181 0.9 13168
1649128922450 0.9 13218
1649128947863 0.9 13268
1649128973003 0.9 13318
1649128998467 0.9 13368
1649129024125 0.9 13418
1649129050013 0.9 13468
1649129075335 0.9 13518
1649129101211 0.9 13568
1649129126904 0.9 13618
1649129152754 0.9 13668
1649129240552 0.9 13672
1649129267889 0.9 13721
1649129293371 0.9 13771
1649129318453 0.9 13821
1649129343691 0.9 13871
1649129369261 0.9 13921
1649129394450 0.9 13971
1649129419448 0.9 14021
1649129444502 0.9 14071
1649129469466 0.9 14121
1649129494463 0.9 14171
1649129519698 0.9 14221
1649129544561 0.9 14271
1649129569870 0.9 14321
1649129594883 0.9 14371
1649129620679 0.9 14421
1649129646020 0.9 14471
1649129671231 0.9 14521
1649129696399 0.9 14571
1649129721297 0.9 14621
1649129747421 0.9 14671
1649129772702 0.9 14721
1649129797964 0.9 14771
1649129823207 0.9 14821
1649129848361 0.9 14871
1649129873772 0.9 14921
1649129898627 0.9 14971
1649129924017 0.9 15021
1649129949590 0.9 15071
1649129974679 0.9 15121
1649129999899 0.9 15171
1649130024746 0.9 15221
1649130050096 0.9 15271
1649130075218 0.9 15321
1649130099900 0.9 15371
1649130124768 0.9 15421
1649130150194 0.9 15471
1649130175606 0.9 15521
1649130200499 0.9 15571
1649130225690 0.9 15621
1649130314143 0.9 15625
1649130341612 0.9 15674
1649130367219 0.9 15724
1649130392909 0.9 15774
1649130417694 0.9 15824
1649130442733 0.9 15874
1649130468168 0.9 15924
1649130493331 0.9 15974
1649130518354 0.9 16024
1649130543362 0.9 16074
1649130569043 0.9 16124
1649130594400 0.9 16174
1649130619718 0.9 16224
1649130644944 0.9 16274
1649130670139 0.9 16324
1649130695246 0.9 16374
1649130720776 0.9 16424
1649130746009 0.9 16474
1649130770965 0.9 16524
1649130795894 0.9 16574
1649130821391 0.9 16624
1649130846498 0.9 16674
1649130871519 0.9 16724
1649130896547 0.9 16774
1649130921655 0.9 16824
1649130946723 0.9 16874
1649130971777 0.9 16924
1649130996768 0.9 16974
1649131021498 0.9 17024
1649131046773 0.9 17074
1649131072266 0.9 17124
1649131097448 0.9 17174
1649131122326 0.9 17224
1649131147787 0.9 17274
1649131172718 0.9 17324
1649131198274 0.9 17374
1649131223176 0.9 17424
1649131248371 0.9 17474
1649131274114 0.9 17524
1649131299175 0.9 17574
1649131387812 0.9 17578
1649131415985 0.9 17627
1649131441339 0.9 17677
1649131466684 0.9 17727
1649131492155 0.9 17777
1649131516779 0.9 17827
1649131541713 0.9 17877
1649131566909 0.9 17927
1649131592001 0.9 17977
1649131617264 0.9 18027
1649131642093 0.9 18077
1649131667410 0.9 18127
1649131692718 0.9 18177
1649131717785 0.9 18227
1649131742723 0.9 18277
1649131767733 0.9 18327
1649131792891 0.9 18377
1649131817817 0.9 18427
1649131842862 0.9 18477
1649131867843 0.9 18527
1649131893078 0.9 18577
1649131918461 0.9 18627
1649131943340 0.9 18677
1649131968226 0.9 18727
1649131993004 0.9 18777
1649132018415 0.9 18827
1649132043723 0.9 18877
1649132068844 0.9 18927
1649132094215 0.9 18977
1649132119286 0.9 19027
1649132144290 0.9 19077
1649132169056 0.9 19127
1649132194163 0.9 19177
1649132219483 0.9 19227
1649132244577 0.9 19277
1649132269765 0.9 19327
1649132294703 0.9 19377
1649132319934 0.9 19427
1649132345229 0.9 19477
1649132370296 0.9 19527
1649132457603 0.9 19531
1649132485061 0.9 19580
1649132510220 0.9 19630
1649132535302 0.9 19680
1649132560534 0.9 19730
1649132585385 0.9 19780
1649132610258 0.9 19830
1649132634930 0.9 19880
1649132659654 0.9 19930
1649132684916 0.9 19980
1649132709873 0.9 20030
1649132735203 0.9 20080
1649132760336 0.9 20130
1649132785541 0.9 20180
1649132810723 0.9 20230
1649132835737 0.9 20280
1649132860811 0.9 20330
1649132885569 0.9 20380
1649132910568 0.9 20430
1649132935146 0.9 20480
1649132959988 0.9 20530
1649132984723 0.9 20580
1649133009839 0.9 20630
1649133034727 0.9 20680
1649133059780 0.9 20730
1649133084958 0.9 20780
1649133110151 0.9 20830
1649133135002 0.9 20880
1649133159790 0.9 20930
1649133184778 0.9 20980
1649133209811 0.9 21030
1649133234735 0.9 21080
1649133260263 0.9 21130
1649133285276 0.9 21180
1649133310271 0.9 21230
1649133334837 0.9 21280
1649133359751 0.9 21330
1649133384790 0.9 21380
1649133409937 0.9 21430
1649133435343 0.9 21480
1649133523782 0.9 21484
1649133551965 0.9 21533
1649133577508 0.9 21583
1649133602778 0.9 21633
1649133627992 0.9 21683
1649133652852 0.9 21733
1649133678014 0.9 21783
1649133703776 0.9 21833
1649133728691 0.9 21883
1649133753744 0.9 21933
1649133778894 0.9 21983
1649133804218 0.9 22033
1649133829226 0.9 22083
1649133854114 0.9 22133
1649133879679 0.9 22183
1649133904693 0.9 22233
1649133929893 0.9 22283
1649133955074 0.9 22333
1649133980218 0.9 22383
1649134005182 0.9 22433
1649134030655 0.9 22483
1649134056043 0.9 22533
1649134081099 0.9 22583
1649134106301 0.9 22633
1649134131570 0.9 22683
1649134156941 0.9 22733
1649134182414 0.9 22783
1649134208238 0.9 22833
1649134233311 0.9 22883
1649134258958 0.9 22933
1649134283858 0.9 22983
1649134309345 0.9 23033
1649134334801 0.9 23083
1649134360080 0.9 23133
1649134384879 0.9 23183
1649134409806 0.9 23233
1649134434926 0.9 23283
1649134459914 0.9 23333
1649134484950 0.9 23383
1649134509692 0.9 23433
1649134597526 0.9 23437
