1648791572032 77.4453125 50
1648791589808 98.205078125 100
1648791606981 97.06985778808594 150
1648791624662 97.60074020385743 200
1648791642742 97.44212814331054 250
1648791659717 97.4429508972168 300
1648791677409 97.60520980834961 350
1648791695200 97.70563186645508 400
1648791712627 97.40147918701172 450
1648791730055 96.60490798950195 500
1648791748249 97.09152038574219 550
1648791765809 97.04962860107422 600
1648791784932 96.61814254760742 650
1648791802338 97.01205764770508 700
1648791818875 97.02326324462891 750
1648791836870 97.02910522460938 800
1648791854732 97.22166763305664 850
1648791872373 96.87344345092774 900
1648791890106 96.60299713134765 950
1648791907564 96.30468643188476 1000
1648791918403 97.49922225952149 1050
1648791928908 96.93157577514648 1100
1648791939838 96.98659729003906 1150
1648791949692 97.09441696166992 1200
1648791958882 96.74942962646485 1250
1648791969589 96.2678207397461 1300
1648791980408 97.0073503112793 1350
1648791989072 96.43320709228516 1400
1648792001636 97.50609634399414 1450
1648792015742 97.36475326538086 1500
1648792030548 96.32868942260743 1550
1648792043596 96.87510177612305 1600
1648792058077 96.7326921081543 1650
1648792071835 96.85742065429687 1700
1648792086429 97.53390930175782 1750
1648792100227 97.66402297973633 1800
1648792112715 96.66978958129883 1850
1648792126465 96.92418563842773 1900
1648792141502 96.51422760009766 1950
1648792232476 96.68602493286133 2005
1648792245876 97.38931579589844 2055
1648792259919 96.9929441833496 2105
1648792274562 97.10385330200195 2155
1648792288443 97.2965071105957 2205
1648792301071 96.720400390625 2255
1648792315336 96.6942788696289 2305
1648792330237 97.11828216552735 2355
1648792344343 97.54141250610351 2405
1648792358997 97.0095603942871 2455
1648792374038 96.4147882080078 2505
1648792388473 96.81417694091797 2555
1648792402136 96.85813415527343 2605
1648792415751 97.29328704833985 2655
1648792428917 97.26215896606445 2705
1648792442193 96.52135177612304 2755
1648792454784 96.81135314941406 2805
1648792469807 97.30999404907226 2855
1648792484001 96.77806167602539 2905
1648792496788 96.8060334777832 2955
1648792509299 96.88028305053712 3005
1648792520423 96.97283630371093 3055
1648792530999 96.64406814575196 3105
1648792542166 97.259970703125 3155
1648792552080 96.55212753295899 3205
1648792562839 96.81777465820312 3255
1648792573366 97.0214665222168 3305
1648792584101 96.50626998901367 3355
1648792591450 97.46115158081055 3405
1648792598250 96.01277633666992 3455
1648792604931 96.86552459716796 3505
1648792612297 96.47801849365234 3555
1648792619256 96.57233871459961 3605
1648792627459 96.76034103393555 3655
1648792638593 97.24141632080078 3705
1648792649366 97.06073013305664 3755
1648792660284 96.90993011474609 3805
1648792672059 96.32665130615234 3855
1648792682768 96.86258728027343 3905
1648792753421 97.76555145263671 3960
1648792764539 97.41086990356445 4010
1648792775180 96.94906845092774 4060
1648792786467 96.93212585449218 4110
1648792798011 96.12050811767578 4160
1648792808549 96.85904006958008 4210
1648792819305 97.15496948242188 4260
1648792829572 97.29469451904296 4310
1648792840287 96.88102645874024 4360
1648792850909 97.52826629638672 4410
1648792862351 96.60360900878906 4460
1648792873802 96.25324691772461 4510
1648792884783 95.4354330444336 4560
1648792895918 96.80799270629883 4610
1648792905113 96.83573913574219 4660
1648792912789 97.98559494018555 4710
1648792920436 97.29289764404297 4760
1648792928026 96.11835800170898 4810
1648792934946 96.54529830932617 4860
1648792941734 97.26467895507812 4910
1648792948465 97.07586502075195 4960
1648792955128 97.56801055908203 5010
1648792962042 96.73889495849609 5060
1648792968918 97.11432464599609 5110
1648792975853 96.67725509643554 5160
1648792982623 96.79725448608399 5210
1648792989462 97.1729541015625 5260
1648792996330 96.98536422729492 5310
1648793002973 96.99016983032226 5360
1648793009928 96.65949783325195 5410
1648793017146 97.00040130615234 5460
1648793023920 97.28365692138672 5510
1648793030646 97.12559234619141 5560
1648793037838 96.4221987915039 5610
1648793044613 97.53360794067383 5660
1648793051423 96.2829086303711 5710
1648793058212 96.87410171508789 5760
1648793064999 97.60141143798828 5810
1648793071755 96.89278045654297 5860
1648793121069 97.3025959777832 5915
1648793128736 96.70157028198243 5965
1648793135413 97.25725799560547 6015
1648793142130 97.18128311157227 6065
1648793149049 96.82399505615234 6115
1648793155882 97.27848556518555 6165
1648793162819 97.50618225097656 6215
1648793169638 96.37514358520508 6265
1648793176593 96.16183135986329 6315
1648793183304 97.20652862548827 6365
1648793190156 97.12431381225586 6415
1648793197278 96.78628509521485 6465
1648793204077 97.63920791625976 6515
1648793210789 96.70780303955078 6565
1648793218048 96.10817977905273 6615
1648793225555 97.3769384765625 6665
1648793233099 96.97533645629883 6715
1648793240084 95.83324630737305 6765
1648793246877 97.0009797668457 6815
1648793254351 97.22507873535156 6865
1648793261148 97.30811828613281 6915
1648793267876 96.83033721923829 6965
1648793275229 97.22402160644532 7015
1648793281953 97.02586639404296 7065
1648793288752 96.6893995666504 7115
1648793295560 97.25038864135742 7165
1648793302288 96.95520538330078 7215
1648793309059 97.18083206176757 7265
1648793315805 96.87185165405273 7315
1648793322608 97.25177124023438 7365
1648793329389 96.94498657226562 7415
1648793336335 96.61653198242188 7465
1648793343465 96.73763488769531 7515
1648793350344 97.31208831787109 7565
1648793356966 97.19794250488282 7615
1648793363833 96.41436553955079 7665
1648793370610 96.89799118041992 7715
1648793377417 97.37586044311523 7765
1648793384215 97.55014389038087 7815
1648793434214 97.2049984741211 7870
1648793441014 97.29782989501953 7920
1648793447807 97.63841247558594 7970
1648793454809 97.54526062011719 8020
1648793461708 97.04418014526367 8070
1648793468436 96.56239395141601 8120
1648793475166 96.7311215209961 8170
1648793482036 97.15656448364258 8220
1648793488684 97.38629516601563 8270
1648793495427 97.45833297729492 8320
1648793502221 97.11476211547851 8370
1648793508912 96.97659072875976 8420
1648793515652 97.1667106628418 8470
1648793522323 96.53850479125977 8520
1648793529041 96.31981521606446 8570
1648793536037 97.12902267456055 8620
1648793542706 97.23429397583008 8670
1648793549421 97.20319976806641 8720
1648793556129 96.03101531982422 8770
1648793562768 96.29031295776367 8820
1648793569578 96.88464553833008 8870
1648793576240 97.29626983642578 8920
1648793582988 97.62419708251953 8970
1648793589901 96.3771615600586 9020
1648793596634 97.08037902832031 9070
1648793603293 97.10784530639648 9120
1648793610056 97.50988555908204 9170
1648793616854 97.03456176757813 9220
1648793623630 96.58515899658204 9270
1648793630416 97.32169555664062 9320
1648793637118 97.46034194946289 9370
1648793643939 96.43841125488281 9420
1648793650746 96.39061782836914 9470
1648793657721 97.25031356811523 9520
1648793664543 97.36063781738281 9570
1648793671695 96.55397155761719 9620
1648793678468 97.2874887084961 9670
1648793685227 96.48927551269531 9720
1648793692956 97.97161422729492 9770
1648793742787 96.56600128173828 9825
1648793749478 96.59773498535156 9875
1648793756321 97.8503224182129 9925
1648793763374 97.36133316040039 9975
1648793770283 97.30231094360352 10025
1648793777068 97.15330276489257 10075
1648793783790 96.722880859375 10125
1648793790613 97.26937255859374 10175
1648793797475 97.42435073852539 10225
1648793804114 97.57874938964844 10275
1648793810793 97.47649261474609 10325
1648793817707 96.88881896972656 10375
1648793824490 97.56422927856445 10425
1648793831824 96.73193450927734 10475
1648793838727 96.39593093872071 10525
1648793845486 96.84039840698242 10575
1648793852411 96.88684097290039 10625
1648793859525 97.01035125732422 10675
1648793866348 97.2493473815918 10725
1648793873238 96.75208419799804 10775
1648793880350 96.50148834228516 10825
1648793887188 96.69194000244141 10875
1648793893959 96.83960250854493 10925
1648793901109 96.95871063232421 10975
1648793907799 96.84338302612305 11025
1648793914532 97.73280242919923 11075
1648793921427 96.39655654907227 11125
1648793928224 97.28886276245117 11175
1648793934912 96.59005722045899 11225
1648793941662 96.95780807495117 11275
1648793948372 97.87794342041016 11325
1648793955149 96.59003555297852 11375
1648793961941 97.30858245849609 11425
1648793968811 96.81585372924805 11475
1648793975834 96.63455093383789 11525
1648793982951 97.46680389404297 11575
1648793989698 97.30200698852539 11625
1648793996407 97.11548858642578 11675
1648794003100 96.74638488769531 11725
1648794051877 96.49728729248046 11780
1648794058724 97.33262298583985 11830
1648794065586 97.57534545898437 11880
1648794072427 97.40326278686524 11930
1648794079372 97.13215850830078 11980
1648794086138 96.9281623840332 12030
1648794093104 97.01797546386719 12080
1648794099968 97.19047470092774 12130
1648794106916 96.67525329589844 12180
1648794113841 96.6143002319336 12230
1648794121334 97.24267562866211 12280
1648794128167 97.153046875 12330
1648794134988 97.3380484008789 12380
1648794141702 97.6004881286621 12430
1648794148389 96.89920318603515 12480
1648794156645 97.09574920654296 12530
1648794163634 97.85309921264648 12580
1648794170968 96.93560531616211 12630
1648794178299 96.78158447265625 12680
1648794185069 96.9036180114746 12730
1648794192033 96.9592399597168 12780
1648794199906 97.50463607788086 12830
1648794207235 97.60618774414063 12880
1648794214399 97.3769464111328 12930
1648794221106 96.88543090820312 12980
1648794227854 97.45607620239258 13030
1648794234578 96.87080856323242 13080
1648794241284 97.54578735351562 13130
1648794248054 96.93064331054687 13180
1648794254801 97.49016876220703 13230
1648794261628 97.21680969238281 13280
1648794268452 96.57200469970704 13330
1648794275206 96.97146148681641 13380
1648794281984 97.35552520751953 13430
1648794288786 97.22395370483399 13480
1648794295598 96.68319030761718 13530
1648794302921 97.51844848632813 13580
1648794310129 97.0771987915039 13630
1648794317099 96.89236633300781 13680
1648794365840 96.70820907592774 13735
1648794372543 97.51032379150391 13785
1648794379289 97.03488037109375 13835
1648794386027 97.62584564208984 13885
1648794392869 97.48958129882813 13935
1648794399632 97.39555084228516 13985
1648794406766 97.20024749755859 14035
1648794413614 97.6159735107422 14085
1648794420332 97.43202926635742 14135
1648794427039 96.88171737670899 14185
1648794434126 97.10683486938477 14235
1648794440871 97.117451171875 14285
1648794447640 97.14511611938477 14335
1648794454379 96.67158142089843 14385
1648794461179 97.38493545532226 14435
1648794467995 97.35656433105468 14485
1648794474785 97.14915924072265 14535
1648794481728 97.48670791625976 14585
1648794488522 96.95950103759766 14635
1648794495229 96.8268310546875 14685
1648794502024 96.99519760131835 14735
1648794508926 96.77143692016601 14785
1648794515663 97.22340133666992 14835
1648794522410 97.74757598876953 14885
1648794529151 96.96598846435546 14935
1648794535914 96.49082778930664 14985
1648794543063 96.77441619873046 15035
1648794549836 97.03171844482422 15085
1648794556936 97.47007583618164 15135
1648794563724 96.25914611816407 15185
1648794570464 96.93753173828125 15235
1648794577336 96.59352813720703 15285
1648794584072 96.47444396972656 15335
1648794590710 97.57523056030273 15385
1648794597471 97.18329406738282 15435
1648794604368 97.31886688232422 15485
1648794611272 97.7095783996582 15535
1648794618424 97.2755680847168 15585
1648794625773 97.4389176940918 15635
1648794675315 97.18727127075195 15690
1648794682451 97.61342880249023 15740
1648794689255 97.14997909545899 15790
1648794696053 96.57807556152343 15840
1648794702716 97.45251434326173 15890
1648794709399 97.89628402709961 15940
1648794716433 97.00017364501953 15990
1648794723141 97.41966369628906 16040
1648794730146 97.4396144104004 16090
1648794736864 97.32606781005859 16140
1648794743579 97.35616531372071 16190
1648794750427 97.43327896118164 16240
1648794757166 97.29735870361328 16290
1648794764103 97.10517913818359 16340
1648794770980 96.54371658325195 16390
1648794777735 97.66030838012695 16440
1648794784440 97.7827212524414 16490
1648794791218 97.11500076293946 16540
1648794798152 98.19703796386719 16590
1648794804932 97.4119515991211 16640
1648794812103 97.5340168762207 16690
1648794819561 96.79394317626954 16740
1648794826813 97.72113204956055 16790
1648794834223 97.40518463134765 16840
1648794841173 97.46422973632812 16890
1648794848206 97.40020980834962 16940
1648794854957 97.46971725463867 16990
1648794861648 98.24491348266602 17040
1648794868538 97.96220520019531 17090
1648794875256 97.44565567016602 17140
1648794881989 96.5275244140625 17190
1648794888693 97.05950698852538 17240
1648794895612 97.32703125 17290
1648794902326 96.54337921142579 17340
1648794908982 97.52269073486327 17390
1648794915690 97.0158937072754 17440
1648794922423 97.45831726074219 17490
1648794929153 97.62507308959961 17540
1648794935889 97.27012756347656 17590
1648794984451 97.04289215087891 17645
1648794991257 96.99110931396484 17695
1648794998015 97.98472152709961 17745
1648795004854 97.02445663452148 17795
1648795011872 97.68734191894531 17845
1648795018633 97.59390182495117 17895
1648795025452 97.15267013549804 17945
1648795032267 97.40891067504883 17995
1648795039346 97.07768371582031 18045
1648795046044 98.23550659179688 18095
1648795053037 97.66421768188476 18145
1648795059773 97.52599151611328 18195
1648795066564 97.96560684204101 18245
1648795073486 97.70198303222656 18295
1648795080655 97.73452117919922 18345
1648795087358 97.53036026000977 18395
1648795094128 97.41754455566407 18445
1648795100911 97.75946884155273 18495
1648795107756 97.08780578613282 18545
1648795114803 97.87597213745117 18595
1648795121604 97.10225662231446 18645
1648795128452 97.37252471923829 18695
1648795135196 97.25667572021484 18745
1648795142313 97.17246932983399 18795
1648795149005 97.28760604858398 18845
1648795155690 96.73919570922851 18895
1648795162430 97.51701354980469 18945
1648795169156 98.2597102355957 18995
1648795175997 97.70302490234376 19045
1648795182988 97.5219627380371 19095
1648795189754 97.64400146484375 19145
1648795196701 97.4677473449707 19195
1648795203466 97.31867980957031 19245
1648795210292 97.56759460449219 19295
1648795217198 97.47150421142578 19345
1648795223890 97.09252532958985 19395
1648795230925 98.02953826904297 19445
1648795237859 97.64525405883789 19495
1648795244630 97.58675384521484 19545
1648795293859 97.65691726684571 19600
1648795300919 97.9489924621582 19650
1648795308034 97.2437533569336 19700
1648795314827 97.7004183959961 19750
1648795321661 97.60984832763671 19800
1648795328594 97.97445617675781 19850
1648795336174 97.47398147583007 19900
1648795343130 97.91385528564453 19950
1648795349820 97.15404769897461 20000
1648795356634 97.60504653930664 20050
1648795364624 97.18895935058593 20100
1648795371297 97.87581008911133 20150
1648795378539 97.4798275756836 20200
1648795385742 97.90935928344726 20250
1648795392458 97.67259674072265 20300
1648795399412 97.24131088256836 20350
1648795406459 97.88866760253906 20400
1648795413335 97.43023422241211 20450
1648795420220 97.84026641845703 20500
1648795427146 97.72841049194336 20550
1648795433899 97.18091018676758 20600
1648795440928 97.39320251464844 20650
1648795447748 97.52311599731445 20700
1648795454538 97.66653991699219 20750
1648795461709 97.36533294677734 20800
1648795468432 96.7564126586914 20850
1648795476112 97.42663772583008 20900
1648795483096 97.36239440917969 20950
1648795489798 97.11823959350586 21000
1648795496588 98.03146194458007 21050
1648795503346 97.5828466796875 21100
1648795510198 97.02366424560547 21150
1648795516925 97.44176345825196 21200
1648795523796 97.94485763549805 21250
1648795530498 97.78008377075196 21300
1648795538075 97.65922637939452 21350
1648795544924 97.64711212158203 21400
1648795551935 97.46912719726562 21450
1648795559507 96.84957321166992 21500
1648795609904 98.02186706542969 21555
1648795616684 98.18959548950195 21605
1648795623811 97.06228805541993 21655
1648795630769 97.84297897338867 21705
1648795637739 97.27051742553711 21755
1648795644669 97.25718658447266 21805
1648795652209 98.22115753173829 21855
1648795659122 97.68116195678711 21905
1648795665927 97.5799868774414 21955
1648795672711 97.48796096801757 22005
1648795679685 97.5161897277832 22055
1648795686838 98.07792694091796 22105
1648795693656 97.95406356811523 22155
1648795700710 97.30837768554687 22205
1648795707520 97.73055480957031 22255
1648795714535 97.96684814453126 22305
1648795722007 97.68630752563476 22355
1648795728888 97.77749893188476 22405
1648795735661 97.67227966308593 22455
1648795742682 97.67504180908203 22505
1648795749399 97.5109455871582 22555
1648795756818 97.32137802124024 22605
1648795763882 97.68567306518554 22655
1648795770774 96.94209854125977 22705
1648795778426 97.93548294067382 22755
1648795785306 97.52635467529296 22805
1648795792552 98.0755401611328 22855
1648795799483 97.56747817993164 22905
1648795806273 97.42113082885743 22955
1648795813006 97.11209671020508 23005
1648795819838 97.32787979125976 23055
1648795826719 97.86910034179688 23105
1648795833476 97.60470703125 23155
1648795840407 97.28851226806641 23205
1648795847179 97.34413131713868 23255
1648795854113 97.90536697387695 23305
1648795861015 98.13141082763671 23355
1648795868104 97.32689498901367 23405
1648795874841 97.2013671875 23455
