1648791572032 1.0457845137268305 50
1648791589808 0.1414568977430463 100
1648791606981 0.18866993967443704 150
1648791624662 0.15768262565135957 200
1648791642742 0.1589015317708254 250
1648791659717 0.14766457561403512 300
1648791677409 0.1452239252254367 350
1648791695200 0.14867747753858565 400
1648791712627 0.15263418659567832 450
1648791730055 0.19812760256230832 500
1648791748249 0.16239762760698795 550
1648791765809 0.1540912677720189 600
1648791784932 0.17547327205538749 650
1648791802338 0.16644735015928747 700
1648791818875 0.16629240408539772 750
1648791836870 0.1549871713668108 800
1648791854732 0.15404262192547322 850
1648791872373 0.1591343577206135 900
1648791890106 0.16675532914698124 950
1648791907564 0.1815932785347104 1000
1648791918403 0.11544074870646 1050
1648791928908 0.16959570318460465 1100
1648791939838 0.15310060072690249 1150
1648791949692 0.13743270095437765 1200
1648791958882 0.15077709825709462 1250
1648791969589 0.17890607327222824 1300
1648791980408 0.1454421678930521 1350
1648791989072 0.1692185525223613 1400
1648792001636 0.12369800508022308 1450
1648792015742 0.1349487366899848 1500
1648792030548 0.17469121389091014 1550
1648792043596 0.1408474606834352 1600
1648792058077 0.16066493228077888 1650
1648792071835 0.1507307391613722 1700
1648792086429 0.1131963824480772 1750
1648792100227 0.11938545923680068 1800
1648792112715 0.16737485192716123 1850
1648792126465 0.14140609730035067 1900
1648792141502 0.1530038809031248 1950
1648792232476 0.15510059520602226 2005
1648792245876 0.12615292958915234 2055
1648792259919 0.13811536137014627 2105
1648792274562 0.1373150559142232 2155
1648792288443 0.12414918448776006 2205
1648792301071 0.14180902618914842 2255
1648792315336 0.15414259016513823 2305
1648792330237 0.12733481105417013 2355
1648792344343 0.11204822149127722 2405
1648792358997 0.14028672683984042 2455
1648792374038 0.1555780742317438 2505
1648792388473 0.14582908570766448 2555
1648792402136 0.1389240462332964 2605
1648792415751 0.12420026525855064 2655
1648792428917 0.1293530916981399 2705
1648792442193 0.16277016822248697 2755
1648792454784 0.14817393207922577 2805
1648792469807 0.12530457623302937 2855
1648792484001 0.14328425981104373 2905
1648792496788 0.14056927625089885 2955
1648792509299 0.1418555484712124 3005
1648792520423 0.1373624026030302 3055
1648792530999 0.15623449198901654 3105
1648792542166 0.12690035920590162 3155
1648792552080 0.15681805819272995 3205
1648792562839 0.14678904376924037 3255
1648792573366 0.13066305231302977 3305
1648792584101 0.15623137295246126 3355
1648792591450 0.11756681311875582 3405
1648792598250 0.1736912786588073 3455
1648792604931 0.13880603026598692 3505
1648792612297 0.16065734531730413 3555
1648792619256 0.15047291750088335 3605
1648792627459 0.1516114279255271 3655
1648792638593 0.12381507270038128 3705
1648792649366 0.14253082178533077 3755
1648792660284 0.13677571345120668 3805
1648792672059 0.17418535806238652 3855
1648792682768 0.14652172159403562 3905
1648792753421 0.1011184685304761 3960
1648792764539 0.11686220398172736 4010
1648792775180 0.13276251196861266 4060
1648792786467 0.13863760072737932 4110
1648792798011 0.17293523147702217 4160
1648792808549 0.14480302028357983 4210
1648792819305 0.12287399329245091 4260
1648792829572 0.1164749899879098 4310
1648792840287 0.14057525288313627 4360
1648792850909 0.10578538175672293 4410
1648792862351 0.14297821149230003 4460
1648792873802 0.16052735783159733 4510
1648792884783 0.1904746840149164 4560
1648792895918 0.13766984470188617 4610
1648792905113 0.13959797021001577 4660
1648792912789 0.09069091979414225 4710
1648792920436 0.124493940025568 4760
1648792928026 0.16777735332027077 4810
1648792934946 0.14900018822401762 4860
1648792941734 0.12042528759688138 4910
1648792948465 0.13956176333129405 4960
1648792955128 0.10349541883915662 5010
1648792962042 0.13935312947258352 5060
1648792968918 0.13757956475019456 5110
1648792975853 0.14602163011208177 5160
1648792982623 0.14450599066913128 5210
1648792989462 0.11867310829460621 5260
1648792996330 0.1324826245009899 5310
1648793002973 0.1365849694237113 5360
1648793009928 0.15172415804117917 5410
1648793017146 0.12938404876738788 5460
1648793023920 0.11238102225586771 5510
1648793030646 0.12123097883537412 5560
1648793037838 0.1506233859062195 5610
1648793044613 0.10990073520690202 5660
1648793051423 0.15784723296761513 5710
1648793058212 0.13657792359590532 5760
1648793064999 0.11101980339735747 5810
1648793071755 0.14263593774288894 5860
1648793121069 0.11435537060722709 5915
1648793128736 0.14029480464756489 5965
1648793135413 0.11497988101094961 6015
1648793142130 0.12860934652388095 6065
1648793149049 0.13547600224614142 6115
1648793155882 0.11184647403657437 6165
1648793162819 0.10937322285026312 6215
1648793169638 0.15968173868954183 6265
1648793176593 0.1625235303491354 6315
1648793183304 0.11122329421341419 6365
1648793190156 0.12150202538818121 6415
1648793197278 0.13820391323417425 6465
1648793204077 0.10320125069469213 6515
1648793210789 0.14006532061845064 6565
1648793218048 0.16330064624547957 6615
1648793225555 0.12066532798111439 6665
1648793233099 0.12644724871963262 6715
1648793240084 0.18196845969185232 6765
1648793246877 0.13131230805069208 6815
1648793254351 0.11767311844974757 6865
1648793261148 0.11774310203269124 6915
1648793267876 0.13633421111851932 6965
1648793275229 0.11500118538737297 7015
1648793281953 0.12397892534732818 7065
1648793288752 0.13796453174203635 7115
1648793295560 0.11605138272047043 7165
1648793302288 0.12502105060964822 7215
1648793309059 0.11939467422664166 7265
1648793315805 0.13735366225242615 7315
1648793322608 0.11755942914634943 7365
1648793329389 0.12883312486112117 7415
1648793336335 0.14210487455129622 7465
1648793343465 0.1438521609455347 7515
1648793350344 0.11603372253477573 7565
1648793356966 0.11947585582733154 7615
1648793363833 0.1447144704312086 7665
1648793370610 0.12451422434300184 7715
1648793377417 0.11295754201710224 7765
1648793384215 0.10600215574726463 7815
1648793434214 0.11361335013061762 7870
1648793441014 0.10715007901191712 7920
1648793447807 0.09167928360402584 7970
1648793454809 0.1039728470519185 8020
1648793461708 0.12166892070323229 8070
1648793468436 0.14799975268542767 8120
1648793475166 0.13527878522872924 8170
1648793482036 0.11541989609599114 8220
1648793488684 0.11208312684670091 8270
1648793495427 0.10859766587615013 8320
1648793502221 0.1210284461453557 8370
1648793508912 0.12350718926638365 8420
1648793515652 0.12316402398049832 8470
1648793522323 0.14337014336138965 8520
1648793529041 0.1581308420188725 8570
1648793536037 0.11698741354048252 8620
1648793542706 0.11339290127158165 8670
1648793549421 0.1106828998029232 8720
1648793556129 0.1620879627019167 8770
1648793562768 0.15445680283010005 8820
1648793569578 0.13079604007303713 8870
1648793576240 0.11472889617085456 8920
1648793582988 0.09644406549632549 8970
1648793589901 0.1536417282000184 9020
1648793596634 0.12224677056074143 9070
1648793603293 0.11832824759185315 9120
1648793610056 0.10184468567371369 9170
1648793616854 0.12852957673370838 9220
1648793623630 0.13306501649320127 9270
1648793630416 0.11019864780828356 9320
1648793637118 0.10934453727677465 9370
1648793643939 0.14799458846449853 9420
1648793650746 0.15326127480715512 9470
1648793657721 0.11654334016144276 9520
1648793664543 0.11459591601043939 9570
1648793671695 0.14040860608220102 9620
1648793678468 0.12075589589774609 9670
1648793685227 0.149750010445714 9720
1648793692956 0.08560364294797182 9770
1648793742787 0.13742578139528633 9825
1648793749478 0.13200645796954633 9875
1648793756321 0.0851745356991887 9925
1648793763374 0.10156238485127687 9975
1648793770283 0.1114413833618164 10025
1648793777068 0.1117726043984294 10075
1648793783790 0.13415921406820416 10125
1648793790613 0.11132117183879017 10175
1648793797475 0.1056905272230506 10225
1648793804114 0.10511804904788732 10275
1648793810793 0.09975229721516371 10325
1648793817707 0.1319950024038553 10375
1648793824490 0.10390497490763664 10425
1648793831824 0.13181644812226295 10475
1648793838727 0.13875008758157492 10525
1648793845486 0.12572571666911245 10575
1648793852411 0.1220356722548604 10625
1648793859525 0.12057013239711523 10675
1648793866348 0.11561689807102084 10725
1648793873238 0.13360200656577945 10775
1648793880350 0.13884214371442793 10825
1648793887188 0.12775092583149672 10875
1648793893959 0.1292700681090355 10925
1648793901109 0.12158115115016699 10975
1648793907799 0.13643911726772784 11025
1648793914532 0.09590407446026802 11075
1648793921427 0.14397793682292104 11125
1648793928224 0.11646447450853885 11175
1648793934912 0.14103848733007907 11225
1648793941662 0.12242874313145875 11275
1648793948372 0.08261847741901875 11325
1648793955149 0.1328875385597348 11375
1648793961941 0.10863466242328286 11425
1648793968811 0.13437352046370507 11475
1648793975834 0.147269990965724 11525
1648793982951 0.10982674716040491 11575
1648793989698 0.11108499437570572 11625
1648793996407 0.1164458635635674 11675
1648794003100 0.13697641778737307 11725
1648794051877 0.13436999976634978 11780
1648794058724 0.10734089557081461 11830
1648794065586 0.10006861060857773 11880
1648794072427 0.10157272191718221 11930
1648794079372 0.10792600536718965 11980
1648794086138 0.11806530356407166 12030
1648794093104 0.11756868693977594 12080
1648794099968 0.11050239123404026 12130
1648794106916 0.1322008914127946 12180
1648794113841 0.14386407958343625 12230
1648794121334 0.11808962715789675 12280
1648794128167 0.12092748235911131 12330
1648794134988 0.10426682483404875 12380
1648794141702 0.09978077601641416 12430
1648794148389 0.1227189626544714 12480
1648794156645 0.11372546169906855 12530
1648794163634 0.08251926947385073 12580
1648794170968 0.11901255499571561 12630
1648794178299 0.12723935585469007 12680
1648794185069 0.11936220502480864 12730
1648794192033 0.12510710757225751 12780
1648794199906 0.10457005897536874 12830
1648794207235 0.09868613664060831 12880
1648794214399 0.10147628590464591 12930
1648794221106 0.129194019138813 12980
1648794227854 0.11190844500437379 13030
1648794234578 0.13032546689733862 13080
1648794241284 0.10147884584963322 13130
1648794248054 0.12653033612295986 13180
1648794254801 0.0990106599777937 13230
1648794261628 0.10395226661115885 13280
1648794268452 0.12869019258767367 13330
1648794275206 0.12087229989469052 13380
1648794281984 0.10379873756319284 13430
1648794288786 0.12139897417277097 13480
1648794295598 0.1349772022292018 13530
1648794302921 0.10033614482730627 13580
1648794310129 0.12083203956484795 13630
1648794317099 0.12697366142645478 13680
1648794365840 0.13019745655357837 13735
1648794372543 0.09991189558058977 13785
1648794379289 0.11985111331567168 13835
1648794386027 0.09321523163467646 13885
1648794392869 0.10700742309913039 13935
1648794399632 0.09962757047265768 13985
1648794406766 0.11365243328735232 14035
1648794413614 0.09177845222875476 14085
1648794420332 0.09730089347809553 14135
1648794427039 0.12097227277234196 14185
1648794434126 0.10603541174903512 14235
1648794440871 0.11583070535212756 14285
1648794447640 0.1139402518607676 14335
1648794454379 0.12552208315581084 14385
1648794461179 0.10466290514916182 14435
1648794467995 0.10411727827042341 14485
1648794474785 0.11266379732638597 14535
1648794481728 0.0985479525476694 14585
1648794488522 0.1165379536524415 14635
1648794495229 0.1261275452002883 14685
1648794502024 0.1200175715610385 14735
1648794508926 0.11802956335246563 14785
1648794515663 0.11144809741526843 14835
1648794522410 0.0881706759519875 14885
1648794529151 0.12349540665745735 14935
1648794535914 0.13315368380397558 14985
1648794543063 0.14217911519110202 15035
1648794549836 0.1134019042737782 15085
1648794556936 0.09771844793111086 15135
1648794563724 0.14100831583142281 15185
1648794570464 0.12503781247884035 15235
1648794577336 0.1371768881008029 15285
1648794584072 0.13319346284493805 15335
1648794590710 0.09762775737792254 15385
1648794597471 0.10938833758234978 15435
1648794604368 0.10626137418672442 15485
1648794611272 0.08849173855036498 15535
1648794618424 0.10348933041095734 15585
1648794625773 0.10419216506183147 15635
1648794675315 0.10631769916042685 15690
1648794682451 0.08908107912167906 15740
1648794689255 0.1028660274669528 15790
1648794696053 0.11939180828630924 15840
1648794702716 0.09435379011556506 15890
1648794709399 0.07770646283403039 15940
1648794716433 0.10824779272079468 15990
1648794723141 0.09168142149224877 16040
1648794730146 0.09338104732334614 16090
1648794736864 0.0952320259064436 16140
1648794743579 0.09180407037958503 16190
1648794750427 0.09405162230134011 16240
1648794757166 0.100093999132514 16290
1648794764103 0.1006069546751678 16340
1648794770980 0.12139001799747348 16390
1648794777735 0.08454266244545579 16440
1648794784440 0.07930586460977793 16490
1648794791218 0.10803686855360865 16540
1648794798152 0.06331779275089502 16590
1648794804932 0.09506105100736022 16640
1648794812103 0.08937416899949312 16690
1648794819561 0.11751722814515234 16740
1648794826813 0.08034437205642461 16790
1648794834223 0.09144983729347586 16840
1648794841173 0.0893840410374105 16890
1648794848206 0.09456147672608495 16940
1648794854957 0.09212140865623951 16990
1648794861648 0.06380356902256608 17040
1648794868538 0.07439806943759322 17090
1648794875256 0.09254509948194027 17140
1648794881989 0.12049684477970005 17190
1648794888693 0.10622392922639846 17240
1648794895612 0.09650578210130334 17290
1648794902326 0.12200779058039188 17340
1648794908982 0.08641676034778356 17390
1648794915690 0.10347816833294927 17440
1648794922423 0.0912683149240911 17490
1648794929153 0.08654822366312147 17540
1648794935889 0.0970483954437077 17590
1648794984451 0.10557176280766725 17645
1648794991257 0.10863302107900381 17695
1648794998015 0.07113861842080951 17745
1648795004854 0.10715365266427397 17795
1648795011872 0.08295469854027032 17845
1648795018633 0.08620236506685615 17895
1648795025452 0.09727758176624775 17945
1648795032267 0.09151793092489242 17995
1648795039346 0.10345477277413011 18045
1648795046044 0.06263575329445302 18095
1648795053037 0.08300609143450856 18145
1648795059773 0.08651957422494888 18195
1648795066564 0.07322693903930486 18245
1648795073486 0.08269202733412385 18295
1648795080655 0.07710879848338664 18345
1648795087358 0.08816021924838424 18395
1648795094128 0.08819589260965585 18445
1648795100911 0.08161214740946889 18495
1648795107756 0.10269083963707089 18545
1648795114803 0.07207217335700988 18595
1648795121604 0.10140973104164004 18645
1648795128452 0.09292686118744314 18695
1648795135196 0.09859489023685455 18745
1648795142313 0.10051334349438548 18795
1648795149005 0.09678165713325143 18845
1648795155690 0.10877683123573662 18895
1648795162430 0.0905609542876482 18945
1648795169156 0.062319371402263644 18995
1648795175997 0.07923348005861044 19045
1648795182988 0.08385389618575573 19095
1648795189754 0.08220772687345743 19145
1648795196701 0.09163866195827723 19195
1648795203466 0.09576730805449188 19245
1648795210292 0.08514765175059438 19295
1648795217198 0.0903776011429727 19345
1648795223890 0.09898054705932736 19395
1648795230925 0.07051017016172409 19445
1648795237859 0.08215299589559436 19495
1648795244630 0.08507622510194779 19545
1648795293859 0.08235477745532989 19600
1648795300919 0.0728011605888605 19650
1648795308034 0.09693078614771367 19700
1648795314827 0.0802832424454391 19750
1648795321661 0.08070434540510178 19800
1648795328594 0.07087484969757497 19850
1648795336174 0.08616894401609898 19900
1648795343130 0.07446499625220895 19950
1648795349820 0.10145765991881489 20000
1648795356634 0.0799306276254356 20050
1648795364624 0.09677117317914963 20100
1648795371297 0.0744990698993206 20150
1648795378539 0.08435770383104682 20200
1648795385742 0.07318099863827228 20250
1648795392458 0.07799720101989806 20300
1648795399412 0.0943737712688744 20350
1648795406459 0.07284677213057876 20400
1648795413335 0.09031837701797485 20450
1648795420220 0.07421538949012757 20500
1648795427146 0.07743048267439008 20550
1648795433899 0.1016515343543142 20600
1648795440928 0.08881656603887678 20650
1648795447748 0.08362267511896788 20700
1648795454538 0.08373566785827279 20750
1648795461709 0.09053803317248821 20800
1648795468432 0.11558050457388162 20850
1648795476112 0.08882230071350933 20900
1648795483096 0.08987052200362086 20950
1648795489798 0.1013825998827815 21000
1648795496588 0.07008685680106282 21050
1648795503346 0.08454703750088811 21100
1648795510198 0.10498851099982857 21150
1648795516925 0.09101554778404534 21200
1648795523796 0.071433394420892 21250
1648795530498 0.07646208732388914 21300
1648795538075 0.08452325554564595 21350
1648795544924 0.08118559651076794 21400
1648795551935 0.08717741783708334 21450
1648795559507 0.11208574993535876 21500
1648795609904 0.06649372244253754 21555
1648795616684 0.06446107512339949 21605
1648795623811 0.09635443756356836 21655
1648795630769 0.07542146882042289 21705
1648795637739 0.09278974127024413 21755
1648795644669 0.09443404074758291 21805
1648795652209 0.060305734630674124 21855
1648795659122 0.07834872463718057 21905
1648795665927 0.0879330360237509 21955
1648795672711 0.08689917627722026 22005
1648795679685 0.08557126324623823 22055
1648795686838 0.066666413359344 22105
1648795693656 0.07185792684555053 22155
1648795700710 0.09090183478780091 22205
1648795707520 0.07754467083141207 22255
1648795714535 0.06893795123323798 22305
1648795722007 0.08127392490394414 22355
1648795728888 0.07549029313959181 22405
1648795735661 0.080465094037354 22455
1648795742682 0.07765217354521155 22505
1648795749399 0.09210514161735774 22555
1648795756818 0.09602781645953655 22605
1648795763882 0.07809124434366822 22655
1648795770774 0.10438290951773524 22705
1648795778426 0.06953579891473055 22755
1648795785306 0.08201810600236058 22805
1648795792552 0.06685550189577043 22855
1648795799483 0.0832842131331563 22905
1648795806273 0.08995496429502964 22955
1648795813006 0.09762386742979288 23005
1648795819838 0.08927001344971358 23055
1648795826719 0.0730565907433629 23105
1648795833476 0.08244768187403678 23155
1648795840407 0.08955046135932207 23205
1648795847179 0.0906404448673129 23255
1648795854113 0.07398123918101192 23305
1648795861015 0.06502261320129037 23355
1648795868104 0.0891634527221322 23405
1648795874841 0.09703517647460103 23455
