1648791572032 0.050304042641073465 50
1648791589808 0.04679447322618216 100
1648791606981 0.07878654013387859 150
1648791624662 0.06879003826528787 200
1648791642742 0.0717743948288262 250
1648791659717 0.07209063291549683 300
1648791677409 0.06792481293901802 350
1648791695200 0.06540213761851192 400
1648791712627 0.07469723148271441 450
1648791730055 0.09543268730863928 500
1648791748249 0.08244878120720386 550
1648791765809 0.08109989330172539 600
1648791784932 0.09582603603601456 650
1648791802338 0.08500792317092419 700
1648791818875 0.08382996516302228 750
1648791836870 0.08159246288239956 800
1648791854732 0.0780193892493844 850
1648791872373 0.08522044241428375 900
1648791890106 0.09331921149045229 950
1648791907564 0.10661612071096897 1000
1648791918403 0.07022049171850085 1050
1648791928908 0.08501975229009986 1100
1648791939838 0.08584064062684775 1150
1648791949692 0.08039441360160708 1200
1648791958882 0.09046053289435804 1250
1648791969589 0.10285166375339032 1300
1648791980408 0.085064219199121 1350
1648791989072 0.09896891003474594 1400
1648792001636 0.06763076674193144 1450
1648792015742 0.07226585598662495 1500
1648792030548 0.09977548448368907 1550
1648792043596 0.08471784926950932 1600
1648792058077 0.08587730607017875 1650
1648792071835 0.08560607751831412 1700
1648792086429 0.06704440257512033 1750
1648792100227 0.06650096900761128 1800
1648792112715 0.08569498643279076 1850
1648792126465 0.08210562534630299 1900
1648792141502 0.09532886601984501 1950
1648792232476 0.08485054556280375 2005
1648792245876 0.07020675964653492 2055
1648792259919 0.081433843402192 2105
1648792274562 0.07909344404935836 2155
1648792288443 0.07015671717002987 2205
1648792301071 0.09128271590918302 2255
1648792315336 0.08880752827972174 2305
1648792330237 0.07541402671486139 2355
1648792344343 0.06496434386819601 2405
1648792358997 0.07688737558200956 2455
1648792374038 0.09387459326535463 2505
1648792388473 0.08370205207727849 2555
1648792402136 0.08458567272871732 2605
1648792415751 0.067271923776716 2655
1648792428917 0.07573170622810721 2705
1648792442193 0.09047128485515714 2755
1648792454784 0.08396547407843173 2805
1648792469807 0.06973948385566472 2855
1648792484001 0.08186344281304628 2905
1648792496788 0.08481970094144345 2955
1648792509299 0.08202642373740673 3005
1648792520423 0.08290283147245646 3055
1648792530999 0.08599777285009623 3105
1648792542166 0.07162161629647017 3155
1648792552080 0.09487735081464052 3205
1648792562839 0.07940396690741182 3255
1648792573366 0.0751409151777625 3305
1648792584101 0.09715671189129353 3355
1648792591450 0.06498196983709931 3405
1648792598250 0.10069467309862375 3455
1648792604931 0.07930819552391767 3505
1648792612297 0.08937189379706979 3555
1648792619256 0.08748131606727838 3605
1648792627459 0.0835198811814189 3655
1648792638593 0.06916574013419449 3705
1648792649366 0.07257833370938897 3755
1648792660284 0.07902380028739571 3805
1648792672059 0.09592866567894816 3855
1648792682768 0.08010972049087287 3905
1648792753421 0.05527416083961725 3960
1648792764539 0.06808009510859847 4010
1648792775180 0.0766279386729002 4060
1648792786467 0.07827055407688022 4110
1648792798011 0.09614669770002365 4160
1648792808549 0.08163297087885439 4210
1648792819305 0.07022084881551564 4260
1648792829572 0.06667847179807723 4310
1648792840287 0.0804522823356092 4360
1648792850909 0.06098482682369649 4410
1648792862351 0.08777469014748931 4460
1648792873802 0.09381947116926312 4510
1648792884783 0.11532756714150309 4560
1648792895918 0.08325207023881376 4610
1648792905113 0.08043948445469142 4660
1648792912789 0.04776443103328347 4710
1648792920436 0.06695626502856612 4760
1648792928026 0.09899744120426476 4810
1648792934946 0.08493674984201789 4860
1648792941734 0.07133330211974681 4910
1648792948465 0.07222752795554697 4960
1648792955128 0.05860169442370534 5010
1648792962042 0.08604501369409263 5060
1648792968918 0.07331740161404014 5110
1648792975853 0.08599964979570358 5160
1648792982623 0.08249626018106937 5210
1648792989462 0.07027509460225702 5260
1648792996330 0.07517275882884861 5310
1648793002973 0.0737613269686699 5360
1648793009928 0.08497623655945062 5410
1648793017146 0.07594383092597128 5460
1648793023920 0.06917115189135074 5510
1648793030646 0.07098116107285023 5560
1648793037838 0.08772203538566828 5610
1648793044613 0.06198042457923293 5660
1648793051423 0.09516546713188291 5710
1648793058212 0.08012920393608511 5760
1648793064999 0.059222161592915656 5810
1648793071755 0.07507963066454977 5860
1648793121069 0.06450082718394697 5915
1648793128736 0.08307691412046551 5965
1648793135413 0.0647385347634554 6015
1648793142130 0.0697121344320476 6065
1648793149049 0.07970084253698588 6115
1648793155882 0.06725831072777509 6165
1648793162819 0.059757270570844415 6215
1648793169638 0.08755282207392157 6265
1648793176593 0.09908453583251685 6315
1648793183304 0.06953023679554463 6365
1648793190156 0.06963861531578004 6415
1648793197278 0.07661592669785022 6465
1648793204077 0.057080812687054276 6515
1648793210789 0.08312070697546005 6565
1648793218048 0.0959074812196195 6615
1648793225555 0.06540067450143397 6665
1648793233099 0.07591442789882422 6715
1648793240084 0.11045855298638343 6765
1648793246877 0.07508445730432868 6815
1648793254351 0.06707212184555829 6865
1648793261148 0.06607002163305879 6915
1648793267876 0.0772512140404433 6965
1648793275229 0.06656270420178771 7015
1648793281953 0.07831371985375882 7065
1648793288752 0.08328012514859438 7115
1648793295560 0.06546136662364006 7165
1648793302288 0.07370440770406277 7215
1648793309059 0.06924829012248665 7265
1648793315805 0.07870283810421824 7315
1648793322608 0.06460144449025393 7365
1648793329389 0.07506190214306116 7415
1648793336335 0.08288614691235124 7465
1648793343465 0.07751940499991178 7515
1648793350344 0.06698562790639699 7565
1648793356966 0.07194747874513269 7615
1648793363833 0.09479280505329371 7665
1648793370610 0.07987487809732556 7715
1648793377417 0.06587421478703619 7765
1648793384215 0.061313994005322454 7815
1648793434214 0.07106502855196595 7870
1648793441014 0.0716178404726088 7920
1648793447807 0.06009093406610191 7970
1648793454809 0.06011910113506019 8020
1648793461708 0.07159905917942525 8070
1648793468436 0.08653724513016642 8120
1648793475166 0.07898457197472453 8170
1648793482036 0.06851571399718523 8220
1648793488684 0.06214916585013271 8270
1648793495427 0.06111409528180957 8320
1648793502221 0.07132313166745007 8370
1648793508912 0.0757036657538265 8420
1648793515652 0.06914335133507848 8470
1648793522323 0.0862010041065514 8520
1648793529041 0.09359860399737954 8570
1648793536037 0.0679046815354377 8620
1648793542706 0.0665093425475061 8670
1648793549421 0.06838174652308225 8720
1648793556129 0.09548814334906637 8770
1648793562768 0.09337965775281191 8820
1648793569578 0.07964957860298455 8870
1648793576240 0.06668193999677896 8920
1648793582988 0.057329116882756354 8970
1648793589901 0.0885728519037366 9020
1648793596634 0.07335817425511777 9070
1648793603293 0.06930938143283129 9120
1648793610056 0.05885979540646076 9170
1648793616854 0.07511541824787855 9220
1648793623630 0.08974231029860676 9270
1648793630416 0.06658621149603278 9320
1648793637118 0.06226531888358295 9370
1648793643939 0.08641369260847569 9420
1648793650746 0.08826400829479099 9470
1648793657721 0.06594613259658218 9520
1648793664543 0.06595919980667532 9570
1648793671695 0.08124708361923695 9620
1648793678468 0.06380532474257052 9670
1648793685227 0.0860905930493027 9720
1648793692956 0.05004889002069831 9770
1648793742787 0.08621857224032282 9825
1648793749478 0.08396320328116418 9875
1648793756321 0.05058050040155649 9925
1648793763374 0.06733475217595697 9975
1648793770283 0.06093809342011809 10025
1648793777068 0.06645113752223551 10075
1648793783790 0.08055853575468064 10125
1648793790613 0.06204755956307054 10175
1648793797475 0.06523574527353049 10225
1648793804114 0.05856519646942616 10275
1648793810793 0.060817324565723536 10325
1648793817707 0.07834611322730779 10375
1648793824490 0.06053617913275957 10425
1648793831824 0.07766398006118834 10475
1648793838727 0.08632842152379454 10525
1648793845486 0.07743704296648503 10575
1648793852411 0.07768950294703245 10625
1648793859525 0.06906317715998739 10675
1648793866348 0.07167622505687177 10725
1648793873238 0.08017589585855603 10775
1648793880350 0.08577270987443626 10825
1648793887188 0.08172258181497455 10875
1648793893959 0.07727275137789548 10925
1648793901109 0.07588635347783565 10975
1648793907799 0.07400724660139531 11025
1648793914532 0.05151947503909469 11075
1648793921427 0.08253775095567108 11125
1648793928224 0.06088406939059496 11175
1648793934912 0.08428432935848833 11225
1648793941662 0.0743705150205642 11275
1648793948372 0.048632065458223225 11325
1648793955149 0.08938380564562977 11375
1648793961941 0.06255753980949522 11425
1648793968811 0.07758060360327362 11475
1648793975834 0.08083444958552718 11525
1648793982951 0.06466466626152396 11575
1648793989698 0.06681123094633222 11625
1648793996407 0.070566018326208 11675
1648794003100 0.07785138592123986 11725
1648794051877 0.08480854199966416 11780
1648794058724 0.06214756838977337 11830
1648794065586 0.05909309359267354 11880
1648794072427 0.05795603260397911 11930
1648794079372 0.06512893554754555 11980
1648794086138 0.07674496553838253 12030
1648794093104 0.07045950517058372 12080
1648794099968 0.06391398768872023 12130
1648794106916 0.08069707077462226 12180
1648794113841 0.0795370339974761 12230
1648794121334 0.06699473648332059 12280
1648794128167 0.06656824276316911 12330
1648794134988 0.0631109867617488 12380
1648794141702 0.057913532005622985 12430
1648794148389 0.07312891460023821 12480
1648794156645 0.06782192979007959 12530
1648794163634 0.04999047509394586 12580
1648794170968 0.07586199028417467 12630
1648794178299 0.07975301370024682 12680
1648794185069 0.0773626269865781 12730
1648794192033 0.07339822406880557 12780
1648794199906 0.06015808302443475 12830
1648794207235 0.056384437973611055 12880
1648794214399 0.06575522746890783 12930
1648794221106 0.07277302134782077 12980
1648794227854 0.06186181920580566 13030
1648794234578 0.07957831911742687 13080
1648794241284 0.05856601610314101 13130
1648794248054 0.07500979939941317 13180
1648794254801 0.06200949966907501 13230
1648794261628 0.06833720068447292 13280
1648794268452 0.08598474692553282 13330
1648794275206 0.07625470662489534 13380
1648794281984 0.06609699390828609 13430
1648794288786 0.06241308094002306 13480
1648794295598 0.07957587901968509 13530
1648794302921 0.06179994600825012 13580
1648794310129 0.07027291082777083 13630
1648794317099 0.07461191880051046 13680
1648794365840 0.0765356117952615 13735
1648794372543 0.057724343985319136 13785
1648794379289 0.07240679195150733 13835
1648794386027 0.05775129255838692 13885
1648794392869 0.061444636750966314 13935
1648794399632 0.06338844558224083 13985
1648794406766 0.068277377365157 14035
1648794413614 0.05576327316462994 14085
1648794420332 0.060389541145414116 14135
1648794427039 0.07737434268929064 14185
1648794434126 0.06506747829262167 14235
1648794440871 0.06769186579622329 14285
1648794447640 0.07136351400054991 14335
1648794454379 0.07951547713950276 14385
1648794461179 0.0628128012106754 14435
1648794467995 0.06457362189888954 14485
1648794474785 0.0700153928436339 14535
1648794481728 0.06310071209445596 14585
1648794488522 0.07303080916404724 14635
1648794495229 0.07930117379873991 14685
1648794502024 0.07118443544022739 14735
1648794508926 0.07992011771537363 14785
1648794515663 0.06801199467852712 14835
1648794522410 0.04784986010286957 14885
1648794529151 0.07395023084711283 14935
1648794535914 0.08063645297661423 14985
1648794543063 0.0748256729915738 15035
1648794549836 0.07193735478445888 15085
1648794556936 0.060324956085532906 15135
1648794563724 0.09085970948915928 15185
1648794570464 0.07013737687841058 15235
1648794577336 0.08716035176068544 15285
1648794584072 0.08436698989011347 15335
1648794590710 0.055098456470295785 15385
1648794597471 0.06582513053901494 15435
1648794604368 0.06584803842939436 15485
1648794611272 0.052031042920425534 15535
1648794618424 0.0642857842054218 15585
1648794625773 0.05965190167538822 15635
1648794675315 0.061485697692260144 15690
1648794682451 0.057358335545286535 15740
1648794689255 0.06746245954185724 15790
1648794696053 0.08504826238844544 15840
1648794702716 0.05902887959033251 15890
1648794709399 0.04899064402794465 15940
1648794716433 0.07186595976352692 15990
1648794723141 0.06436311195371673 16040
1648794730146 0.06300375597551465 16090
1648794736864 0.06395449225790799 16140
1648794743579 0.06253683372400701 16190
1648794750427 0.05920400645118207 16240
1648794757166 0.06660352476872504 16290
1648794764103 0.06773242878727614 16340
1648794770980 0.08129613779950887 16390
1648794777735 0.05399336906149983 16440
1648794784440 0.04669708707835525 16490
1648794791218 0.06929079986177385 16540
1648794798152 0.0414045612316113 16590
1648794804932 0.06259731039404869 16640
1648794812103 0.05852747401688248 16690
1648794819561 0.07500493843108416 16740
1648794826813 0.050884102899581195 16790
1648794834223 0.060523721519857646 16840
1648794841173 0.060761985797435046 16890
1648794848206 0.06061054904945195 16940
1648794854957 0.056286433478817344 16990
1648794861648 0.040315303886309266 17040
1648794868538 0.046145846769213676 17090
1648794875256 0.05923223280813545 17140
1648794881989 0.08224870948586613 17190
1648794888693 0.06810470333322882 17240
1648794895612 0.057306243143975734 17290
1648794902326 0.08549274799413979 17340
1648794908982 0.057536871423944834 17390
1648794915690 0.07133970274589956 17440
1648794922423 0.05959165333770215 17490
1648794929153 0.05630920538213104 17540
1648794935889 0.06718531848397107 17590
1648794984451 0.07432313594035804 17645
1648794991257 0.06614171859808265 17695
1648794998015 0.04115581458434463 17745
1648795004854 0.07050167626701295 17795
1648795011872 0.05222684766165912 17845
1648795018633 0.05606739931274205 17895
1648795025452 0.06790822383482009 17945
1648795032267 0.059955997662618755 17995
1648795039346 0.0691295078676194 18045
1648795046044 0.038322581229731444 18095
1648795053037 0.050374714899808166 18145
1648795059773 0.05974358486942947 18195
1648795066564 0.04665748263709247 18245
1648795073486 0.05084424572996795 18295
1648795080655 0.05102482653688639 18345
1648795087358 0.0570368614513427 18395
1648795094128 0.05974307880736887 18445
1648795100911 0.05471036655828357 18495
1648795107756 0.0744226345140487 18545
1648795114803 0.04864994348958135 18595
1648795121604 0.07122794602066279 18645
1648795128452 0.06367318388074636 18695
1648795135196 0.06711671942379326 18745
1648795142313 0.0654427591804415 18795
1648795149005 0.0678970324806869 18845
1648795155690 0.07787088654469698 18895
1648795162430 0.060030402489937844 18945
1648795169156 0.03898117993026972 18995
1648795175997 0.05421597943641245 19045
1648795182988 0.061117994398809966 19095
1648795189754 0.059413331602700056 19145
1648795196701 0.05707804970443249 19195
1648795203466 0.06344465866219252 19245
1648795210292 0.05605110627599061 19295
1648795217198 0.0592208205210045 19345
1648795223890 0.07188082677777857 19395
1648795230925 0.04413393241818994 19445
1648795237859 0.0536845276132226 19495
1648795244630 0.05671534696128219 19545
1648795293859 0.05103736924473196 19600
1648795300919 0.047052948325872423 19650
1648795308034 0.061973178004845975 19700
1648795314827 0.05086975727695972 19750
1648795321661 0.05917777079157531 19800
1648795328594 0.045147604951635 19850
1648795336174 0.0591991110611707 19900
1648795343130 0.04751491877250373 19950
1648795349820 0.06844003088772296 20000
1648795356634 0.05649053195957095 20050
1648795364624 0.07153758290689438 20100
1648795371297 0.0483165818778798 20150
1648795378539 0.0596820990787819 20200
1648795385742 0.049382458636537195 20250
1648795392458 0.054234712338075045 20300
1648795399412 0.06742543845204636 20350
1648795406459 0.05054453426972032 20400
1648795413335 0.061712214015424253 20450
1648795420220 0.05696055239997804 20500
1648795427146 0.0548713368922472 20550
1648795433899 0.06457896783482284 20600
1648795440928 0.06057313459692523 20650
1648795447748 0.06054726180620491 20700
1648795454538 0.054986321991309525 20750
1648795461709 0.058929767110385 20800
1648795468432 0.07375970556400717 20850
1648795476112 0.059289063327014446 20900
1648795483096 0.06537817038595677 20950
1648795489798 0.06654461594298482 21000
1648795496588 0.04758523704484105 21050
1648795503346 0.056182050933130084 21100
1648795510198 0.07186057620681822 21150
1648795516925 0.06345292035955935 21200
1648795523796 0.04758999926503748 21250
1648795530498 0.05253974828403443 21300
1648795538075 0.057837768997997044 21350
1648795544924 0.057728095408529044 21400
1648795551935 0.059213469424284994 21450
1648795559507 0.07622617424465716 21500
1648795609904 0.04343729314394295 21555
1648795616684 0.038480689828284086 21605
1648795623811 0.06874280872754752 21655
1648795630769 0.047910137949511405 21705
1648795637739 0.06233546161092818 21755
1648795644669 0.06345685513224453 21805
1648795652209 0.04291048690211028 21855
1648795659122 0.05169596433639526 21905
1648795665927 0.05864171889377758 21955
1648795672711 0.05707047877833247 22005
1648795679685 0.05908019284717739 22055
1648795686838 0.0413317163195461 22105
1648795693656 0.045129307447932664 22155
1648795700710 0.06756648651324212 22205
1648795707520 0.05586938387714326 22255
1648795714535 0.04601830952335149 22305
1648795722007 0.05530191469937563 22355
1648795728888 0.054635478109121324 22405
1648795735661 0.056182015598751606 22455
1648795742682 0.05571172316558659 22505
1648795749399 0.05647596411406994 22555
1648795756818 0.06639159495942294 22605
1648795763882 0.05417002970352769 22655
1648795770774 0.0730544319213368 22705
1648795778426 0.04827750497497618 22755
1648795785306 0.05880696186795831 22805
1648795792552 0.045165545786730946 22855
1648795799483 0.058687661653384564 22905
1648795806273 0.06408851666375995 22955
1648795813006 0.06881278660614043 23005
1648795819838 0.06518076659180223 23055
1648795826719 0.04920072618871927 23105
1648795833476 0.05849793717963621 23155
1648795840407 0.06300275787711143 23205
1648795847179 0.06433431533863768 23255
1648795854113 0.047297430816106496 23305
1648795861015 0.04223256326280534 23355
1648795868104 0.06209940313827247 23405
1648795874841 0.06553307777736336 23455
