1648791572032 0.17886066287755967 50
1648791589808 0.16615501374006272 100
1648791606981 0.20144394494593143 150
1648791624662 0.18590121783316135 200
1648791642742 0.1849398110806942 250
1648791659717 0.15616246283054352 300
1648791677409 0.1523289791867137 350
1648791695200 0.15772505663335323 400
1648791712627 0.16632847175002097 450
1648791730055 0.16172038100659847 500
1648791748249 0.16134179756045341 550
1648791765809 0.15542072013020516 600
1648791784932 0.1657466074451804 650
1648791802338 0.16464016750454902 700
1648791818875 0.16108123846352101 750
1648791836870 0.1408806749433279 800
1648791854732 0.15377126656472684 850
1648791872373 0.13863229244947434 900
1648791890106 0.1313770478591323 950
1648791907564 0.15877536118030547 1000
1648791918403 0.10317742124199868 1050
1648791928908 0.13890901371836661 1100
1648791939838 0.12635503754019736 1150
1648791949692 0.12662570230662823 1200
1648791958882 0.12440051389858127 1250
1648791969589 0.13491646353155373 1300
1648791980408 0.13589688669890165 1350
1648791989072 0.13538263618946075 1400
1648792001636 0.11796411894261837 1450
1648792015742 0.12044359475374222 1500
1648792030548 0.1376877799630165 1550
1648792043596 0.11322373878210783 1600
1648792058077 0.11963570393621921 1650
1648792071835 0.11281539294868707 1700
1648792086429 0.10597935512661934 1750
1648792100227 0.1095892483368516 1800
1648792112715 0.12748184368014337 1850
1648792126465 0.12843718260526657 1900
1648792141502 0.13119779486209154 1950
1648792232476 0.1229393756762147 2005
1648792245876 0.11561398576945066 2055
1648792259919 0.12881417952477933 2105
1648792274562 0.11566358845680952 2155
1648792288443 0.1071538844704628 2205
1648792301071 0.11987016279250383 2255
1648792315336 0.1334817596524954 2305
1648792330237 0.11238946978002787 2355
1648792344343 0.09291106153279544 2405
1648792358997 0.10649704970419407 2455
1648792374038 0.11876960698515177 2505
1648792388473 0.12081025324761868 2555
1648792402136 0.11529071256518364 2605
1648792415751 0.10970984913408756 2655
1648792428917 0.10234629975631833 2705
1648792442193 0.12402910342440009 2755
1648792454784 0.11140321739017964 2805
1648792469807 0.11224207311868667 2855
1648792484001 0.11704899106174707 2905
1648792496788 0.12070984713733196 2955
1648792509299 0.11358785703778267 3005
1648792520423 0.1115498473867774 3055
1648792530999 0.11514137975871563 3105
1648792542166 0.10510377790778876 3155
1648792552080 0.11938654109835625 3205
1648792562839 0.10443769197911024 3255
1648792573366 0.1113617867231369 3305
1648792584101 0.12695723954588176 3355
1648792591450 0.10772963032126427 3405
1648792598250 0.12722427725791932 3455
1648792604931 0.11451410878449679 3505
1648792612297 0.11618401356041431 3555
1648792619256 0.12007235080003738 3605
1648792627459 0.11886425916105509 3655
1648792638593 0.09589481387287378 3705
1648792649366 0.11554853450506926 3755
1648792660284 0.11504835981875658 3805
1648792672059 0.12911150904372334 3855
1648792682768 0.11395121153444052 3905
1648792753421 0.08914618033915758 3960
1648792764539 0.09927402447909117 4010
1648792775180 0.11210713364183902 4060
1648792786467 0.10345875917002559 4110
1648792798011 0.12284106276929378 4160
1648792808549 0.11509373616427183 4210
1648792819305 0.09550788011401892 4260
1648792829572 0.09591100409626961 4310
1648792840287 0.10692507602274418 4360
1648792850909 0.09146939154714345 4410
1648792862351 0.11209321677684785 4460
1648792873802 0.12269777074456215 4510
1648792884783 0.1417141629755497 4560
1648792895918 0.11643858313560486 4610
1648792905113 0.11123905912041664 4660
1648792912789 0.07847845865413547 4710
1648792920436 0.10489626824855805 4760
1648792928026 0.12417226061224937 4810
1648792934946 0.10864310532808304 4860
1648792941734 0.11154520012438297 4910
1648792948465 0.10524887513369321 4960
1648792955128 0.08943370278924703 5010
1648792962042 0.11048718508332968 5060
1648792968918 0.1060090584307909 5110
1648792975853 0.1211182527244091 5160
1648792982623 0.11394616156816482 5210
1648792989462 0.09734858889132739 5260
1648792996330 0.10302965985611082 5310
1648793002973 0.10520370908081532 5360
1648793009928 0.11374612703919411 5410
1648793017146 0.09938873652368783 5460
1648793023920 0.08831402003765106 5510
1648793030646 0.10047531448304653 5560
1648793037838 0.10391787391155959 5610
1648793044613 0.0989071623980999 5660
1648793051423 0.1147306777909398 5710
1648793058212 0.10285191619768738 5760
1648793064999 0.08915512107312679 5810
1648793071755 0.09781087532639504 5860
1648793121069 0.10145760525949299 5915
1648793128736 0.1064192432910204 5965
1648793135413 0.09312257535755634 6015
1648793142130 0.10483333077281713 6065
1648793149049 0.10141154829412699 6115
1648793155882 0.095598976444453 6165
1648793162819 0.09231754455715419 6215
1648793169638 0.10375173719599844 6265
1648793176593 0.10607380848377942 6315
1648793183304 0.08742427129298448 6365
1648793190156 0.09878669435158371 6415
1648793197278 0.09988926226273179 6465
1648793204077 0.08704158773645759 6515
1648793210789 0.11071931064128876 6565
1648793218048 0.1150886414013803 6615
1648793225555 0.10329943776130676 6665
1648793233099 0.1006691538542509 6715
1648793240084 0.12153905689716339 6765
1648793246877 0.10102915581315756 6815
1648793254351 0.09690438874065876 6865
1648793261148 0.10101970959454774 6915
1648793267876 0.10411829989403486 6965
1648793275229 0.09006277961656452 7015
1648793281953 0.10453062425367535 7065
1648793288752 0.09937814574688673 7115
1648793295560 0.09721637228503824 7165
1648793302288 0.10040137547999621 7215
1648793309059 0.09218832075595856 7265
1648793315805 0.10416918780654669 7315
1648793322608 0.0946679438650608 7365
1648793329389 0.09461820734664798 7415
1648793336335 0.1097401387244463 7465
1648793343465 0.09988824296742678 7515
1648793350344 0.08904862007126212 7565
1648793356966 0.09602078894153238 7615
1648793363833 0.11124758027493954 7665
1648793370610 0.10423667959868908 7715
1648793377417 0.08912998363375664 7765
1648793384215 0.0891391795873642 7815
1648793434214 0.09043046426028013 7870
1648793441014 0.10080792672932148 7920
1648793447807 0.07817029345780611 7970
1648793454809 0.08593263618648052 8020
1648793461708 0.0937132278457284 8070
1648793468436 0.10758840315043926 8120
1648793475166 0.10029754465445877 8170
1648793482036 0.09416616532951594 8220
1648793488684 0.09180046221241354 8270
1648793495427 0.08034225676208734 8320
1648793502221 0.10886041332036257 8370
1648793508912 0.09505320755764841 8420
1648793515652 0.10091589711606502 8470
1648793522323 0.10150209553539753 8520
1648793529041 0.11436175832524896 8570
1648793536037 0.09457930648699403 8620
1648793542706 0.08877575213089585 8670
1648793549421 0.07976777330040932 8720
1648793556129 0.10624749399721622 8770
1648793562768 0.10936398969963193 8820
1648793569578 0.10624106373637915 8870
1648793576240 0.10106828374788165 8920
1648793582988 0.09029595343396067 8970
1648793589901 0.10537118010222912 9020
1648793596634 0.09850920457392931 9070
1648793603293 0.08460131447762251 9120
1648793610056 0.08063964303582907 9170
1648793616854 0.10483282495290042 9220
1648793623630 0.10265684572979808 9270
1648793630416 0.09309119768440724 9320
1648793637118 0.08669932339340448 9370
1648793643939 0.10834751360118389 9420
1648793650746 0.10239560771733522 9470
1648793657721 0.09575058676302434 9520
1648793664543 0.09524515260010957 9570
1648793671695 0.0982759964838624 9620
1648793678468 0.08547599041834474 9670
1648793685227 0.11125242788344622 9720
1648793692956 0.07521741233766079 9770
1648793742787 0.10061101945117117 9825
1648793749478 0.09546703100204468 9875
1648793756321 0.08222368646413088 9925
1648793763374 0.08601618340238928 9975
1648793770283 0.08545223992317914 10025
1648793777068 0.0904683131724596 10075
1648793783790 0.10793988201767206 10125
1648793790613 0.0832254508137703 10175
1648793797475 0.09442956659942865 10225
1648793804114 0.09574159938842058 10275
1648793810793 0.07755013316869735 10325
1648793817707 0.09897620636969805 10375
1648793824490 0.08726286116987467 10425
1648793831824 0.10247139675542712 10475
1648793838727 0.09798400759696961 10525
1648793845486 0.08311226502060891 10575
1648793852411 0.09032981164753437 10625
1648793859525 0.09298093114048242 10675
1648793866348 0.10358511231839657 10725
1648793873238 0.10173119273036718 10775
1648793880350 0.09955880008637905 10825
1648793887188 0.10263346631079912 10875
1648793893959 0.09451189024373889 10925
1648793901109 0.10325155008584261 10975
1648793907799 0.09755927629768849 11025
1648793914532 0.08096922449767589 11075
1648793921427 0.09398332802578807 11125
1648793928224 0.08183512633666395 11175
1648793934912 0.09796211212873458 11225
1648793941662 0.09692191552370787 11275
1648793948372 0.07639553491026163 11325
1648793955149 0.10241926373913884 11375
1648793961941 0.09044487968087196 11425
1648793968811 0.09934799114242196 11475
1648793975834 0.09940241890028119 11525
1648793982951 0.09015713930130005 11575
1648793989698 0.08437010072171688 11625
1648793996407 0.09338274359703064 11675
1648794003100 0.09984283994883299 11725
1648794051877 0.0957019042223692 11780
1648794058724 0.08796028434298933 11830
1648794065586 0.08872153006494045 11880
1648794072427 0.08102224122732878 11930
1648794079372 0.08505522456020116 11980
1648794086138 0.10478713423013687 12030
1648794093104 0.0940022536367178 12080
1648794099968 0.07849115828052163 12130
1648794106916 0.0946109975129366 12180
1648794113841 0.09458525979891419 12230
1648794121334 0.09554193776100874 12280
1648794128167 0.08996776707470416 12330
1648794134988 0.08640312615782023 12380
1648794141702 0.07539033189415932 12430
1648794148389 0.09712318414822221 12480
1648794156645 0.08876203155145049 12530
1648794163634 0.07580215676687657 12580
1648794170968 0.08829420607537031 12630
1648794178299 0.10187698800116778 12680
1648794185069 0.0937008461356163 12730
1648794192033 0.08971482375636697 12780
1648794199906 0.08675899708643556 12830
1648794207235 0.08062761530280113 12880
1648794214399 0.08237375922501088 12930
1648794221106 0.09674626506865025 12980
1648794227854 0.0980485350638628 13030
1648794234578 0.10491567604243755 13080
1648794241284 0.08450717428699135 13130
1648794248054 0.09782849678769708 13180
1648794254801 0.08708632618188858 13230
1648794261628 0.08074487622827292 13280
1648794268452 0.10055008009076119 13330
1648794275206 0.09732805781066417 13380
1648794281984 0.08708463411778211 13430
1648794288786 0.08789621885865927 13480
1648794295598 0.10045775860548019 13530
1648794302921 0.08979030825197697 13580
1648794310129 0.0861602090485394 13630
1648794317099 0.10076764548197388 13680
1648794365840 0.09900049466639757 13735
1648794372543 0.08346191709861159 13785
1648794379289 0.09462244186550378 13835
1648794386027 0.07433947080746293 13885
1648794392869 0.08622208865359425 13935
1648794399632 0.08549660784192384 13985
1648794406766 0.07680317347869277 14035
1648794413614 0.072506686989218 14085
1648794420332 0.083184031881392 14135
1648794427039 0.09463632248342037 14185
1648794434126 0.07801785336807371 14235
1648794440871 0.09305459296330809 14285
1648794447640 0.08694578470662236 14335
1648794454379 0.09749082738533615 14385
1648794461179 0.0874817236699164 14435
1648794467995 0.08566635370254516 14485
1648794474785 0.09136797051876783 14535
1648794481728 0.08650205928832293 14585
1648794488522 0.08204279940575361 14635
1648794495229 0.09987110525369644 14685
1648794502024 0.09285401698201895 14735
1648794508926 0.09550167888402938 14785
1648794515663 0.08592328468337655 14835
1648794522410 0.07078908380120992 14885
1648794529151 0.08754246145486831 14935
1648794535914 0.09494300438091159 14985
1648794543063 0.09687326168641448 15035
1648794549836 0.08796665797010064 15085
1648794556936 0.08692669911310076 15135
1648794563724 0.09162407290190458 15185
1648794570464 0.09909284928813576 15235
1648794577336 0.09884494781494141 15285
1648794584072 0.09415540479123592 15335
1648794590710 0.07273512485437095 15385
1648794597471 0.08141539421863854 15435
1648794604368 0.09012235298752785 15485
1648794611272 0.07873895136639476 15535
1648794618424 0.09269887243397534 15585
1648794625773 0.08455117702484131 15635
1648794675315 0.0828084584325552 15690
1648794682451 0.0716979418694973 15740
1648794689255 0.08112734377384186 15790
1648794696053 0.08596811650320887 15840
1648794702716 0.07477426180616022 15890
1648794709399 0.06929667605087161 15940
1648794716433 0.07776029585860669 15990
1648794723141 0.07098226500675082 16040
1648794730146 0.07795566711574793 16090
1648794736864 0.07145648675970734 16140
1648794743579 0.0800438867136836 16190
1648794750427 0.0735051423870027 16240
1648794757166 0.07856975298374891 16290
1648794764103 0.0684454420953989 16340
1648794770980 0.08452064625918865 16390
1648794777735 0.07393151089549065 16440
1648794784440 0.07000755593180656 16490
1648794791218 0.0779579547420144 16540
1648794798152 0.05778068004176021 16590
1648794804932 0.07670161724090577 16640
1648794812103 0.07173561975359917 16690
1648794819561 0.08646398924291133 16740
1648794826813 0.0646591354906559 16790
1648794834223 0.06751816671341658 16840
1648794841173 0.07055466488003731 16890
1648794848206 0.08099585942924023 16940
1648794854957 0.06784954741597175 16990
1648794861648 0.06016946379095316 17040
1648794868538 0.058924159705638884 17090
1648794875256 0.07718667903915048 17140
1648794881989 0.08212658709380775 17190
1648794888693 0.08158350005745887 17240
1648794895612 0.07326036866754293 17290
1648794902326 0.08969059677794576 17340
1648794908982 0.06838054094463587 17390
1648794915690 0.07495588624849915 17440
1648794922423 0.0796376483514905 17490
1648794929153 0.06591200889088214 17540
1648794935889 0.07986755466088652 17590
1648794984451 0.0822122464608401 17645
1648794991257 0.07377989897504449 17695
1648794998015 0.05922865180298686 17745
1648795004854 0.07692471047863364 17795
1648795011872 0.06498261352302506 17845
1648795018633 0.06894473072141409 17895
1648795025452 0.07951430687680841 17945
1648795032267 0.0706401552632451 17995
1648795039346 0.07992334546521306 18045
1648795046044 0.055645307283848526 18095
1648795053037 0.06666099011898041 18145
1648795059773 0.07108658526092768 18195
1648795066564 0.0576088229753077 18245
1648795073486 0.07163602570071817 18295
1648795080655 0.06242921391967684 18345
1648795087358 0.07293270222842693 18395
1648795094128 0.07470663843676448 18445
1648795100911 0.06738074393942953 18495
1648795107756 0.08397717696614564 18545
1648795114803 0.058780563445761796 18595
1648795121604 0.08061516400426626 18645
1648795128452 0.06859742226079106 18695
1648795135196 0.07018965378403663 18745
1648795142313 0.0729315222427249 18795
1648795149005 0.07341178459115326 18845
1648795155690 0.07806523151695728 18895
1648795162430 0.0715019012056291 18945
1648795169156 0.0560695936717093 18995
1648795175997 0.06458559591323138 19045
1648795182988 0.07474878457374871 19095
1648795189754 0.06905074855312705 19145
1648795196701 0.07339219329878688 19195
1648795203466 0.07247669173404575 19245
1648795210292 0.07265862938947976 19295
1648795217198 0.07284713931381702 19345
1648795223890 0.08211586400866508 19395
1648795230925 0.06648519413545728 19445
1648795237859 0.07273472125642001 19495
1648795244630 0.07181598319672049 19545
1648795293859 0.07017857171595096 19600
1648795300919 0.06072571121156216 19650
1648795308034 0.06979957724921405 19700
1648795314827 0.06343739490956068 19750
1648795321661 0.0637701369728893 19800
1648795328594 0.05671862378716469 19850
1648795336174 0.06846476909704506 19900
1648795343130 0.06484682129696012 19950
1648795349820 0.0779142615199089 20000
1648795356634 0.06356087895110249 20050
1648795364624 0.07818669492378831 20100
1648795371297 0.061270381920039654 20150
1648795378539 0.07204320848919452 20200
1648795385742 0.06924807324074209 20250
1648795392458 0.06954704420641064 20300
1648795399412 0.07385666579939425 20350
1648795406459 0.06357340796850622 20400
1648795413335 0.07194691846147179 20450
1648795420220 0.06749956503510475 20500
1648795427146 0.06674082601442934 20550
1648795433899 0.07001159142702817 20600
1648795440928 0.06680439922958613 20650
1648795447748 0.06811175720766187 20700
1648795454538 0.06554733217693866 20750
1648795461709 0.07022627457976341 20800
1648795468432 0.07861392403021455 20850
1648795476112 0.06994248513132334 20900
1648795483096 0.07133216988295317 20950
1648795489798 0.07458643705584109 21000
1648795496588 0.07078346209600568 21050
1648795503346 0.06541705590672792 21100
1648795510198 0.07334738230332732 21150
1648795516925 0.0711950702406466 21200
1648795523796 0.06024264756590128 21250
1648795530498 0.058420009817928074 21300
1648795538075 0.07281755058094859 21350
1648795544924 0.07269035616889596 21400
1648795551935 0.06943994872272015 21450
1648795559507 0.08122962462715805 21500
1648795609904 0.055714973472058775 21555
1648795616684 0.0538164797052741 21605
1648795623811 0.07649738110601902 21655
1648795630769 0.06261041909456252 21705
1648795637739 0.07133661022409797 21755
1648795644669 0.07673592375591397 21805
1648795652209 0.057197564551606773 21855
1648795659122 0.06415034491568804 21905
1648795665927 0.06632586219348013 21955
1648795672711 0.07270286709070206 22005
1648795679685 0.06902582606300711 22055
1648795686838 0.05658131871372461 22105
1648795693656 0.055525813810527326 22155
1648795700710 0.07324340576305985 22205
1648795707520 0.06953082427382469 22255
1648795714535 0.06612756434828043 22305
1648795722007 0.06942835848778486 22355
1648795728888 0.0615082664694637 22405
1648795735661 0.07165141544304789 22455
1648795742682 0.0640444680955261 22505
1648795749399 0.06548585624434054 22555
1648795756818 0.07299951826222241 22605
1648795763882 0.0668820146471262 22655
1648795770774 0.06873585451394319 22705
1648795778426 0.06378776618279516 22755
1648795785306 0.0628176871407777 22805
1648795792552 0.06085805882699788 22855
1648795799483 0.06464266821742058 22905
1648795806273 0.07120826451107859 22955
1648795813006 0.06566917424090207 23005
1648795819838 0.07269946794956922 23055
1648795826719 0.06091424525715411 23105
1648795833476 0.07014071248471737 23155
1648795840407 0.07652561269700527 23205
1648795847179 0.06906029248610139 23255
1648795854113 0.061913660392165185 23305
1648795861015 0.05617592992261052 23355
1648795868104 0.07728979304432869 23405
1648795874841 0.0688328506425023 23455
