1648791572032 1.9229889225959778 50
1648791589808 0.699151203930378 100
1648791606981 0.7564881637692451 150
1648791624662 0.6433307352662087 200
1648791642742 0.6342403638362885 250
1648791659717 0.5586490893363952 300
1648791677409 0.5369494956731796 350
1648791695200 0.5491632071137428 400
1648791712627 0.5864955523610115 450
1648791730055 0.6598097401857376 500
1648791748249 0.5958843782544136 550
1648791765809 0.5626514513790607 600
1648791784932 0.6360136738419533 650
1648791802338 0.6500171294808388 700
1648791818875 0.6141795824468136 750
1648791836870 0.5153256800770759 800
1648791854732 0.5527505524456501 850
1648791872373 0.5208386836946011 900
1648791890106 0.5311815240979194 950
1648791907564 0.6112473201751709 1000
1648791918403 0.3938805839419365 1050
1648791928908 0.5673208874464035 1100
1648791939838 0.4982690967619419 1150
1648791949692 0.46824027627706527 1200
1648791958882 0.5161777535080909 1250
1648791969589 0.5437346535921097 1300
1648791980408 0.5213926248252392 1350
1648791989072 0.5339792047441005 1400
1648792001636 0.4353621405363083 1450
1648792015742 0.45773342594504357 1500
1648792030548 0.5463807438313961 1550
1648792043596 0.4520471800863743 1600
1648792058077 0.5020370028913022 1650
1648792071835 0.46358929201960564 1700
1648792086429 0.3851062947511673 1750
1648792100227 0.4189539361000061 1800
1648792112715 0.5330621705949307 1850
1648792126465 0.48595813035964963 1900
1648792141502 0.5134286859631538 1950
1648792232476 0.5050140303373337 2005
1648792245876 0.43910853922367094 2055
1648792259919 0.47993891075253486 2105
1648792274562 0.43655444085597994 2155
1648792288443 0.41018468350172044 2205
1648792301071 0.4472107560932636 2255
1648792315336 0.5075884123146533 2305
1648792330237 0.40863742008805276 2355
1648792344343 0.35910318300127986 2405
1648792358997 0.4289331847429276 2455
1648792374038 0.4775441911816597 2505
1648792388473 0.4636633399128914 2555
1648792402136 0.4466312439739704 2605
1648792415751 0.40493390277028085 2655
1648792428917 0.40633175149559975 2705
1648792442193 0.4920220784842968 2755
1648792454784 0.4538021280616522 2805
1648792469807 0.4172354985773563 2855
1648792484001 0.4538482028245926 2905
1648792496788 0.47118074029684065 2955
1648792509299 0.44009052887558936 3005
1648792520423 0.43063849821686745 3055
1648792530999 0.4692473854124546 3105
1648792542166 0.4052709318697453 3155
1648792552080 0.4857174026966095 3205
1648792562839 0.45059335500001907 3255
1648792573366 0.4097181971371174 3305
1648792584101 0.4850777678191662 3355
1648792591450 0.39379569247365 3405
1648792598250 0.5201494428515434 3455
1648792604931 0.4513183107972145 3505
1648792612297 0.48778027907013893 3555
1648792619256 0.47181053325533867 3605
1648792627459 0.4711797846853733 3655
1648792638593 0.37347842276096344 3705
1648792649366 0.4539983122050762 3755
1648792660284 0.4438793240487576 3805
1648792672059 0.5155043524503707 3855
1648792682768 0.4441084699332714 3905
1648792753421 0.3358751517534256 3960
1648792764539 0.3677212046086788 4010
1648792775180 0.4197206926345825 4060
1648792786467 0.40418883219361307 4110
1648792798011 0.516228723526001 4160
1648792808549 0.4386415792256594 4210
1648792819305 0.37811141066253184 4260
1648792829572 0.3646146112680435 4310
1648792840287 0.42267514765262604 4360
1648792850909 0.3319081450998783 4410
1648792862351 0.4502155447006226 4460
1648792873802 0.4935092055797577 4510
1648792884783 0.5659176933765412 4560
1648792895918 0.44572277724742887 4610
1648792905113 0.4397880779951811 4660
1648792912789 0.3001035661250353 4710
1648792920436 0.380134469717741 4760
1648792928026 0.5143369497358798 4810
1648792934946 0.43766900554299354 4860
1648792941734 0.3781424632668495 4910
1648792948465 0.43528781190514565 4960
1648792955128 0.3426585178077221 5010
1648792962042 0.4313226595520973 5060
1648792968918 0.42940844111144544 5110
1648792975853 0.4488865965604782 5160
1648792982623 0.4499287302792072 5210
1648792989462 0.3644506707787514 5260
1648792996330 0.40647251352667807 5310
1648793002973 0.42288629546761514 5360
1648793009928 0.4601034054160118 5410
1648793017146 0.4036071553826332 5460
1648793023920 0.35463679902255535 5510
1648793030646 0.37997849136590955 5560
1648793037838 0.4401738977432251 5610
1648793044613 0.36333869606256486 5660
1648793051423 0.45904551044106484 5710
1648793058212 0.4119541899114847 5760
1648793064999 0.34824625283479693 5810
1648793071755 0.4113443148136139 5860
1648793121069 0.3635088422894478 5915
1648793128736 0.4136373659968376 5965
1648793135413 0.3493040859699249 6015
1648793142130 0.39660547226667403 6065
1648793149049 0.39723473563790324 6115
1648793155882 0.34152483999729155 6165
1648793162819 0.3480805291980505 6215
1648793169638 0.44280541732907297 6265
1648793176593 0.45911366313695906 6315
1648793183304 0.3295362512767315 6365
1648793190156 0.3648458285629749 6415
1648793197278 0.4117394229769707 6465
1648793204077 0.3218697419762611 6515
1648793210789 0.4249512495100498 6565
1648793218048 0.4660429868102074 6615
1648793225555 0.3882144433259964 6665
1648793233099 0.37060543276369573 6715
1648793240084 0.5336442348361016 6765
1648793246877 0.3952391687035561 6815
1648793254351 0.3640503104031086 6865
1648793261148 0.3709046605974436 6915
1648793267876 0.4159524455666542 6965
1648793275229 0.3552481646835804 7015
1648793281953 0.38807893127202986 7065
1648793288752 0.40300778560340406 7115
1648793295560 0.3710607913136482 7165
1648793302288 0.38738962583243847 7215
1648793309059 0.37503615401685236 7265
1648793315805 0.4148943507671356 7315
1648793322608 0.3470191590487957 7365
1648793329389 0.39128540888428687 7415
1648793336335 0.42890096284449103 7465
1648793343465 0.4095715345442295 7515
1648793350344 0.3488926259428263 7565
1648793356966 0.35891460165381434 7615
1648793363833 0.43625069424510005 7665
1648793370610 0.398523021787405 7715
1648793377417 0.3386785329133272 7765
1648793384215 0.328124276176095 7815
1648793434214 0.33655619859695435 7870
1648793441014 0.34196519866585734 7920
1648793447807 0.2895488062500954 7970
1648793454809 0.31842692352831364 8020
1648793461708 0.36061596527695655 8070
1648793468436 0.44041811749339105 8120
1648793475166 0.39309606432914734 8170
1648793482036 0.3504925373196602 8220
1648793488684 0.33127972297370434 8270
1648793495427 0.3217276605218649 8320
1648793502221 0.38802026145160196 8370
1648793508912 0.35694849185645583 8420
1648793515652 0.37759009391069415 8470
1648793522323 0.4123818109929562 8520
1648793529041 0.45934329196810725 8570
1648793536037 0.3553110953420401 8620
1648793542706 0.3321680765599012 8670
1648793549421 0.3112395125627518 8720
1648793556129 0.44312862515449525 8770
1648793562768 0.4470116527378559 8820
1648793569578 0.406113475933671 8870
1648793576240 0.3577520714700222 8920
1648793582988 0.320048168823123 8970
1648793589901 0.4296575702726841 9020
1648793596634 0.3525760367512703 9070
1648793603293 0.3303838334977627 9120
1648793610056 0.3155083595216274 9170
1648793616854 0.3781992369890213 9220
1648793623630 0.40041286021471023 9270
1648793630416 0.33330976754426955 9320
1648793637118 0.3309893237054348 9370
1648793643939 0.46458730719983576 9420
1648793650746 0.4295602534711361 9470
1648793657721 0.3650905191153288 9520
1648793664543 0.3488304279744625 9570
1648793671695 0.39804753340780735 9620
1648793678468 0.33353459276258945 9670
1648793685227 0.44140850871801374 9720
1648793692956 0.2739146280288696 9770
1648793742787 0.396987244412303 9825
1648793749478 0.3778815834224224 9875
1648793756321 0.26479019798338416 9925
1648793763374 0.30542428672313693 9975
1648793770283 0.31821769252419474 10025
1648793777068 0.326300642490387 10075
1648793783790 0.4089738587290049 10125
1648793790613 0.320394566655159 10175
1648793797475 0.3313737790286541 10225
1648793804114 0.3387284965068102 10275
1648793810793 0.28353464029729364 10325
1648793817707 0.3804498314857483 10375
1648793824490 0.32367614954710006 10425
1648793831824 0.38749247349798677 10475
1648793838727 0.3950347267091274 10525
1648793845486 0.3472917553782463 10575
1648793852411 0.3656795498728752 10625
1648793859525 0.35173821382224557 10675
1648793866348 0.36587216541171075 10725
1648793873238 0.3896459582448006 10775
1648793880350 0.38912189021706584 10825
1648793887188 0.37430972419679165 10875
1648793893959 0.37545404464006427 10925
1648793901109 0.37646177619695664 10975
1648793907799 0.40449559718370437 11025
1648793914532 0.302606301009655 11075
1648793921427 0.3865765925496817 11125
1648793928224 0.336437057480216 11175
1648793934912 0.39206287264823914 11225
1648793941662 0.36057940497994423 11275
1648793948372 0.26367895856499673 11325
1648793955149 0.39683341830968855 11375
1648793961941 0.32843060411512853 11425
1648793968811 0.38168286114931105 11475
1648793975834 0.42331499986350535 11525
1648793982951 0.3248172574490309 11575
1648793989698 0.3196394556760788 11625
1648793996407 0.3593295942246914 11675
1648794003100 0.39040487378835675 11725
1648794051877 0.3808717104792595 11780
1648794058724 0.31665457110852 11830
1648794065586 0.30965627282857894 11880
1648794072427 0.29312083072960377 11930
1648794079372 0.3122534542530775 11980
1648794086138 0.3650331212580204 12030
1648794093104 0.3531986466050148 12080
1648794099968 0.30781886659562585 12130
1648794106916 0.3682392322272062 12180
1648794113841 0.39273706808686254 12230
1648794121334 0.34785659581422806 12280
1648794128167 0.3434774114191532 12330
1648794134988 0.3082120790332556 12380
1648794141702 0.29313370868563654 12430
1648794148389 0.3632505832612514 12480
1648794156645 0.32577066905796526 12530
1648794163634 0.2513965381681919 12580
1648794170968 0.34674683459103106 12630
1648794178299 0.37888496346771716 12680
1648794185069 0.3477486965805292 12730
1648794192033 0.37110773876309394 12780
1648794199906 0.3438290163874626 12830
1648794207235 0.29957332871854303 12880
1648794214399 0.3091242100298405 12930
1648794221106 0.363522441983223 12980
1648794227854 0.356045326590538 13030
1648794234578 0.4178799464553595 13080
1648794241284 0.30925235643982885 13130
1648794248054 0.36290808245539663 13180
1648794254801 0.3061440280079842 13230
1648794261628 0.3130325859040022 13280
1648794268452 0.367364174425602 13330
1648794275206 0.3536460017412901 13380
1648794281984 0.31683480329811575 13430
1648794288786 0.3460421492159367 13480
1648794295598 0.3923952080309391 13530
1648794302921 0.3116784766316414 13580
1648794310129 0.33974662870168687 13630
1648794317099 0.37015183344483377 13680
1648794365840 0.37148920610547065 13735
1648794372543 0.30397026270627975 13785
1648794379289 0.35133125089108946 13835
1648794386027 0.2638566605001688 13885
1648794392869 0.32154904849827287 13935
1648794399632 0.29983758434653285 13985
1648794406766 0.30962189570069315 14035
1648794413614 0.268877477645874 14085
1648794420332 0.283188783749938 14135
1648794427039 0.35599941745400426 14185
1648794434126 0.2922063524276018 14235
1648794440871 0.331461350992322 14285
1648794447640 0.33085814617574216 14335
1648794454379 0.35507645063102244 14385
1648794461179 0.30516169004142285 14435
1648794467995 0.31290776520967484 14485
1648794474785 0.3234957831352949 14535
1648794481728 0.31107199542224406 14585
1648794488522 0.34259926781058314 14635
1648794495229 0.3633946581184864 14685
1648794502024 0.3480960438400507 14735
1648794508926 0.3394300603121519 14785
1648794515663 0.3147581563144922 14835
1648794522410 0.24499041743576527 14885
1648794529151 0.34100183136761186 14935
1648794535914 0.3835806635022163 14985
1648794543063 0.3838192899525166 15035
1648794549836 0.3288586930930614 15085
1648794556936 0.29572172597050667 15135
1648794563724 0.38328998260200026 15185
1648794570464 0.3707088316231966 15235
1648794577336 0.3927258371561766 15285
1648794584072 0.3740782479196787 15335
1648794590710 0.27420561395585535 15385
1648794597471 0.3126645638048649 15435
1648794604368 0.32826642483472823 15485
1648794611272 0.2656547513604164 15535
1648794618424 0.3210355560481548 15585
1648794625773 0.3015276178717613 15635
1648794675315 0.30289006531238555 15690
1648794682451 0.2586162743717432 15740
1648794689255 0.2951191429048777 15790
1648794696053 0.3341075460612774 15840
1648794702716 0.26455668892711404 15890
1648794709399 0.22446560241281988 15940
1648794716433 0.3010593660548329 15990
1648794723141 0.2633812348172069 16040
1648794730146 0.27816351160407066 16090
1648794736864 0.26663153219968083 16140
1648794743579 0.27081077322363856 16190
1648794750427 0.25803654178977015 16240
1648794757166 0.28165485478937624 16290
1648794764103 0.26829412758350374 16340
1648794770980 0.3263647490739822 16390
1648794777735 0.2475716245546937 16440
1648794784440 0.2296278402209282 16490
1648794791218 0.2930570612102747 16540
1648794798152 0.18758306488394738 16590
1648794804932 0.2749449620395899 16640
1648794812103 0.25167156957089903 16690
1648794819561 0.3185866528749466 16740
1648794826813 0.22708040963858367 16790
1648794834223 0.2581368772685528 16840
1648794841173 0.25067851185798645 16890
1648794848206 0.27659232266247274 16940
1648794854957 0.24730381786823272 16990
1648794861648 0.19690138410776853 17040
1648794868538 0.2070160546153784 17090
1648794875256 0.2770474390313029 17140
1648794881989 0.32437251150608065 17190
1648794888693 0.2978528042882681 17240
1648794895612 0.2615874382853508 17290
1648794902326 0.33998695205897095 17340
1648794908982 0.24278899036347867 17390
1648794915690 0.2928843954205513 17440
1648794922423 0.2670738538354635 17490
1648794929153 0.24020246118307115 17540
1648794935889 0.27740196496248243 17590
1648794984451 0.29885606609284876 17645
1648794991257 0.2852663503587246 17695
1648794998015 0.19326308533549308 17745
1648795004854 0.2853766854852438 17795
1648795011872 0.22441005617380141 17845
1648795018633 0.24488350085914135 17895
1648795025452 0.2769158013537526 17945
1648795032267 0.2489842328056693 17995
1648795039346 0.28788950070738795 18045
1648795046044 0.18076394818723202 18095
1648795053037 0.22956635378301143 18145
1648795059773 0.24817310247570276 18195
1648795066564 0.20231078926473856 18245
1648795073486 0.23348934859037399 18295
1648795080655 0.2139389080926776 18345
1648795087358 0.24869886569678784 18395
1648795094128 0.25564286913722756 18445
1648795100911 0.23330793105065822 18495
1648795107756 0.29462025489658117 18545
1648795114803 0.2061239371076226 18595
1648795121604 0.2850288390740752 18645
1648795128452 0.2618123872205615 18695
1648795135196 0.26516446013003586 18745
1648795142313 0.2748319157212973 18795
1648795149005 0.2790173830837011 18845
1648795155690 0.29829096116125586 18895
1648795162430 0.25227327436208724 18945
1648795169156 0.1816838886588812 18995
1648795175997 0.22196560919284822 19045
1648795182988 0.2513950599730015 19095
1648795189754 0.2381546526402235 19145
1648795196701 0.25946738436818123 19195
1648795203466 0.2610358590260148 19245
1648795210292 0.24233975667506458 19295
1648795217198 0.25505460646003486 19345
1648795223890 0.2830763850733638 19395
1648795230925 0.20659418076276778 19445
1648795237859 0.2401371095329523 19495
1648795244630 0.24129911243915558 19545
1648795293859 0.23157270580530168 19600
1648795300919 0.20848270777612923 19650
1648795308034 0.25418971203267576 19700
1648795314827 0.22030013278126717 19750
1648795321661 0.23375248536467552 19800
1648795328594 0.20128624200820922 19850
1648795336174 0.2465403439104557 19900
1648795343130 0.21220702338963748 19950
1648795349820 0.2829779053479433 20000
1648795356634 0.22398359768092632 20050
1648795364624 0.279559155292809 20100
1648795371297 0.2071058112382889 20150
1648795378539 0.24288798235356807 20200
1648795385742 0.21253529958426953 20250
1648795392458 0.22891983814537525 20300
1648795399412 0.2650054069235921 20350
1648795406459 0.2137324684113264 20400
1648795413335 0.25281901337206364 20450
1648795420220 0.22834017731249331 20500
1648795427146 0.21906274892389774 20550
1648795433899 0.27051340052858 20600
1648795440928 0.2456808854267001 20650
1648795447748 0.2376950692385435 20700
1648795454538 0.22642222438007592 20750
1648795461709 0.24588113866746425 20800
1648795468432 0.3024380770325661 20850
1648795476112 0.2418418737128377 20900
1648795483096 0.2560687977075577 20950
1648795489798 0.27256508383899924 21000
1648795496588 0.2200016351416707 21050
1648795503346 0.23135533519089221 21100
1648795510198 0.28416264325380325 21150
1648795516925 0.2552172039821744 21200
1648795523796 0.19973288796842098 21250
1648795530498 0.2127024718746543 21300
1648795538075 0.24218508303165437 21350
1648795544924 0.23761960662901402 21400
1648795551935 0.24031063050031662 21450
1648795559507 0.30759869307279586 21500
1648795609904 0.180803527161479 21555
1648795616684 0.17570600487291813 21605
1648795623811 0.2712732629477978 21655
1648795630769 0.20619518496096134 21705
1648795637739 0.25218069277703764 21755
1648795644669 0.2644898558408022 21805
1648795652209 0.1779007900506258 21855
1648795659122 0.21590648371726273 21905
1648795665927 0.24105455089360475 21955
1648795672711 0.24034809671342372 22005
1648795679685 0.24213024064898492 22055
1648795686838 0.18482331473380328 22105
1648795693656 0.19591403771191834 22155
1648795700710 0.2600128436461091 22205
1648795707520 0.22450885519385338 22255
1648795714535 0.20220801297575236 22305
1648795722007 0.23201485961675644 22355
1648795728888 0.21349236249923706 22405
1648795735661 0.2341903131082654 22455
1648795742682 0.22409359328448772 22505
1648795749399 0.24507973339408637 22555
1648795756818 0.26465166091918946 22605
1648795763882 0.22470281310379506 22655
1648795770774 0.2777038929238915 22705
1648795778426 0.20087739516049624 22755
1648795785306 0.2280664176866412 22805
1648795792552 0.19249159552156925 22855
1648795799483 0.23113649666309358 22905
1648795806273 0.25082091733813283 22955
1648795813006 0.2593782187253237 23005
1648795819838 0.2538813370838761 23055
1648795826719 0.20362323202192784 23105
1648795833476 0.2345246407389641 23155
1648795840407 0.2535367352515459 23205
1648795847179 0.24974852230399847 23255
1648795854113 0.20316864918917418 23305
1648795861015 0.19027646236121654 23355
1648795868104 0.2544997639581561 23405
1648795874841 0.2587665116786957 23455
