1648791572032 0.6480397194623947 50
1648791589808 0.34474481642246246 100
1648791606981 0.28758774518966673 150
1648791624662 0.2309568490087986 200
1648791642742 0.21862462393939494 250
1648791659717 0.18273142017424107 300
1648791677409 0.17147177405655384 350
1648791695200 0.17735853061079979 400
1648791712627 0.19283565878868103 450
1648791730055 0.20452906757593156 500
1648791748249 0.18969616767019035 550
1648791765809 0.17203956872224807 600
1648791784932 0.19896775722503662 650
1648791802338 0.23392169058322906 700
1648791818875 0.20297596998512746 750
1648791836870 0.13786537151783704 800
1648791854732 0.1669172738865018 850
1648791872373 0.13785158513113857 900
1648791890106 0.13972993478178977 950
1648791907564 0.16426255743950605 1000
1648791918403 0.1050419269874692 1050
1648791928908 0.17379642374813556 1100
1648791939838 0.13297281369566918 1150
1648791949692 0.12378745969384909 1200
1648791958882 0.15053960908204317 1250
1648791969589 0.12706046052277087 1300
1648791980408 0.1549893521144986 1350
1648791989072 0.13040910510346293 1400
1648792001636 0.12606925271451475 1450
1648792015742 0.13007523354142905 1500
1648792030548 0.1342262694053352 1550
1648792043596 0.11325813230127096 1600
1648792058077 0.13585905745625496 1650
1648792071835 0.11443708140403032 1700
1648792086429 0.09888615302741527 1750
1648792100227 0.12347825802862644 1800
1648792112715 0.15251048814505339 1850
1648792126465 0.13400922399014234 1900
1648792141502 0.1338981432467699 1950
1648792232476 0.14212351005524396 2005
1648792245876 0.1271348669193685 2055
1648792259919 0.1315755295008421 2105
1648792274562 0.10448235727846622 2155
1648792288443 0.10872489858418703 2205
1648792301071 0.09424884896725416 2255
1648792315336 0.1311565326154232 2305
1648792330237 0.09349911123514175 2355
1648792344343 0.08917955595999956 2405
1648792358997 0.10526202948763967 2455
1648792374038 0.10932191547006369 2505
1648792388473 0.11332194510847331 2555
1648792402136 0.10783081237226724 2605
1648792415751 0.10375186190009117 2655
1648792428917 0.09890065608546138 2705
1648792442193 0.11475152507424355 2755
1648792454784 0.11025950439274311 2805
1648792469807 0.10994936808943749 2855
1648792484001 0.11165151189081371 2905
1648792496788 0.1250819170102477 2955
1648792509299 0.102620699275285 3005
1648792520423 0.09882341276854277 3055
1648792530999 0.11187373921275139 3105
1648792542166 0.10164517533034086 3155
1648792552080 0.11463545825332404 3205
1648792562839 0.11996265333145857 3255
1648792573366 0.09255244635045529 3305
1648792584101 0.10473243784159422 3355
1648792591450 0.10351728139445186 3405
1648792598250 0.11853920999914408 3455
1648792604931 0.11868997670710087 3505
1648792612297 0.12156702697277069 3555
1648792619256 0.11378394845873117 3605
1648792627459 0.11718422438949347 3655
1648792638593 0.08460279187187553 3705
1648792649366 0.1233406262844801 3755
1648792660284 0.11303145322948695 3805
1648792672059 0.11627882152795792 3855
1648792682768 0.10352581789717079 3905
1648792753421 0.09033634034916758 3960
1648792764539 0.08350488202646375 4010
1648792775180 0.09822310701012611 4060
1648792786467 0.08382192187011242 4110
1648792798011 0.12430573139339686 4160
1648792808549 0.09711185573600233 4210
1648792819305 0.08950868717394769 4260
1648792829572 0.08555014476180077 4310
1648792840287 0.09472253996878863 4360
1648792850909 0.07366854372434319 4410
1648792862351 0.10736942822113633 4460
1648792873802 0.11646460823714733 4510
1648792884783 0.11840127438306808 4560
1648792895918 0.10836227541789413 4610
1648792905113 0.1085115635022521 4660
1648792912789 0.08316975386813283 4710
1648792920436 0.08378800144419074 4760
1648792928026 0.12338989663869143 4810
1648792934946 0.09508896397426725 4860
1648792941734 0.07483866760507225 4910
1648792948465 0.11824964650906622 4960
1648792955128 0.0911276999861002 5010
1648792962042 0.09543733513914049 5060
1648792968918 0.11250241678208113 5110
1648792975853 0.0957470628991723 5160
1648792982623 0.10898031387478113 5210
1648792989462 0.07815388183109462 5260
1648792996330 0.09578747199848295 5310
1648793002973 0.10733629146590828 5360
1648793009928 0.10965688509866595 5410
1648793017146 0.09889053536579012 5460
1648793023920 0.08477060439065098 5510
1648793030646 0.08729103576391935 5560
1648793037838 0.09791059222072362 5610
1648793044613 0.09255037412047386 5660
1648793051423 0.09130212956573815 5710
1648793058212 0.09239514213055372 5760
1648793064999 0.08884916375391186 5810
1648793071755 0.09581786861643195 5860
1648793121069 0.08319504025392234 5915
1648793128736 0.08384640384465455 5965
1648793135413 0.076463095638901 6015
1648793142130 0.09345066081732512 6065
1648793149049 0.08064634460955858 6115
1648793155882 0.0668210806325078 6165
1648793162819 0.08663249205797911 6215
1648793169638 0.09181912261992693 6265
1648793176593 0.09143178526312112 6315
1648793183304 0.06135844985023141 6365
1648793190156 0.07491849531419575 6415
1648793197278 0.09703032342717051 6465
1648793204077 0.0745460955798626 6515
1648793210789 0.09104591371491551 6565
1648793218048 0.09174622105434536 6615
1648793225555 0.09884900093078614 6665
1648793233099 0.06757460541091859 6715
1648793240084 0.11967816842719912 6765
1648793246877 0.08781325283460319 6815
1648793254351 0.08240067970007658 6865
1648793261148 0.08607182919979095 6915
1648793267876 0.09824872002005577 6965
1648793275229 0.08362149491906166 7015
1648793281953 0.08125566385686397 7065
1648793288752 0.08238498565740883 7115
1648793295560 0.09233167227357626 7165
1648793302288 0.08826278830878437 7215
1648793309059 0.09420486683025957 7265
1648793315805 0.09466865630820394 7315
1648793322608 0.07019034326076508 7365
1648793329389 0.0927721793577075 7415
1648793336335 0.09416980273090303 7465
1648793343465 0.08831172849982977 7515
1648793350344 0.07682465652935207 7565
1648793356966 0.07147048349492252 7615
1648793363833 0.08549583587795496 7665
1648793370610 0.08989723971113563 7715
1648793377417 0.07071679262444378 7765
1648793384215 0.07166894757188856 7815
1648793434214 0.06144735554233193 7870
1648793441014 0.06238935362547636 7920
1648793447807 0.059608292393386365 7970
1648793454809 0.06840233804658055 8020
1648793461708 0.07363475712016225 8070
1648793468436 0.0982927156612277 8120
1648793475166 0.07853516291826963 8170
1648793482036 0.07239076339639723 8220
1648793488684 0.06524696722626686 8270
1648793495427 0.07167364186607302 8320
1648793502221 0.0868082693591714 8370
1648793508912 0.06268443002831191 8420
1648793515652 0.0843668201752007 8470
1648793522323 0.08130856506992132 8520
1648793529041 0.09325208943337202 8570
1648793536037 0.07583969248458743 8620
1648793542706 0.06349008049815894 8670
1648793549421 0.05240709619596601 8720
1648793556129 0.07930502034723759 8770
1648793562768 0.08981120186857879 8820
1648793569578 0.08942679405212402 8870
1648793576240 0.07527295602485537 8920
1648793582988 0.07597903382964433 8970
1648793589901 0.08207180520519614 9020
1648793596634 0.05846188563853502 9070
1648793603293 0.058144890046678485 9120
1648793610056 0.07416423470713199 9170
1648793616854 0.069721419964917 9220
1648793623630 0.07494869223795832 9270
1648793630416 0.06343370881862938 9320
1648793637118 0.07268014373257756 9370
1648793643939 0.12183151338249446 9420
1648793650746 0.08563936170190573 9470
1648793657721 0.08685045813210308 9520
1648793664543 0.07303015980869532 9570
1648793671695 0.07811584742739797 9620
1648793678468 0.06349738329648971 9670
1648793685227 0.09431547528132796 9720
1648793692956 0.06304468494839967 9770
1648793742787 0.07273186818696559 9825
1648793749478 0.06644489062484354 9875
1648793756321 0.04681147513911128 9925
1648793763374 0.050510968416929244 9975
1648793770283 0.06038598096929491 10025
1648793777068 0.057608587304130196 10075
1648793783790 0.08631622727960347 10125
1648793790613 0.0638003864325583 10175
1648793797475 0.06601793714798987 10225
1648793804114 0.07930365350097418 10275
1648793810793 0.0454148853989318 10325
1648793817707 0.07113251307979226 10375
1648793824490 0.07197212977334858 10425
1648793831824 0.07554064786992967 10475
1648793838727 0.07197220730828122 10525
1648793845486 0.061016729064285756 10575
1648793852411 0.07562456587329507 10625
1648793859525 0.06912397616077215 10675
1648793866348 0.07499392910860479 10725
1648793873238 0.07413686339743436 10775
1648793880350 0.06494824066758156 10825
1648793887188 0.062202747743576765 10875
1648793893959 0.07439933341927826 10925
1648793901109 0.07574271580204367 10975
1648793907799 0.09648996198549867 11025
1648793914532 0.07421352921053767 11075
1648793921427 0.06607757424935698 11125
1648793928224 0.07725338662974536 11175
1648793934912 0.06877794399857522 11225
1648793941662 0.06685822777450084 11275
1648793948372 0.05603288138285279 11325
1648793955149 0.07214280798099935 11375
1648793961941 0.06679351930506527 11425
1648793968811 0.07038074597716332 11475
1648793975834 0.09580814050510526 11525
1648793982951 0.06016870788298547 11575
1648793989698 0.05737313101999462 11625
1648793996407 0.07893497167155146 11675
1648794003100 0.07573423237074167 11725
1648794051877 0.06599126214161516 11780
1648794058724 0.05920582267455757 11830
1648794065586 0.061773038832470775 11880
1648794072427 0.05256983587285504 11930
1648794079372 0.054143286473117766 11980
1648794086138 0.06543571565300227 12030
1648794093104 0.0711682034144178 12080
1648794099968 0.05491132818162441 12130
1648794106916 0.06073027215898037 12180
1648794113841 0.0747506960714236 12230
1648794121334 0.06723029943183065 12280
1648794128167 0.06601392055861652 12330
1648794134988 0.054431141559034585 12380
1648794141702 0.060049070457462224 12430
1648794148389 0.07027952502015979 12480
1648794156645 0.05546124959830195 12530
1648794163634 0.04308463832829148 12580
1648794170968 0.06357808182016016 12630
1648794178299 0.07001560591161252 12680
1648794185069 0.05732301561161876 12730
1648794192033 0.08288757922127843 12780
1648794199906 0.0923418755363673 12830
1648794207235 0.06387513789348304 12880
1648794214399 0.059518937254324555 12930
1648794221106 0.06480913560837508 12980
1648794227854 0.08422652896493674 13030
1648794234578 0.10306049175560475 13080
1648794241284 0.06470032298006118 13130
1648794248054 0.06353945077396929 13180
1648794254801 0.05803754409775138 13230
1648794261628 0.059998241923749446 13280
1648794268452 0.052139153396710755 13330
1648794275206 0.05919093905948102 13380
1648794281984 0.05985443565063178 13430
1648794288786 0.074333875044249 13480
1648794295598 0.07738436849787832 13530
1648794302921 0.05975207837298512 13580
1648794310129 0.062481466783210635 13630
1648794317099 0.06779860394075513 13680
1648794365840 0.06575564405880868 13735
1648794372543 0.06287210587412119 13785
1648794379289 0.06445090241730213 13835
1648794386027 0.03855066178133711 13885
1648794392869 0.0668748986069113 13935
1648794399632 0.05132496187696233 13985
1648794406766 0.05088891414925456 14035
1648794413614 0.048829066096805034 14085
1648794420332 0.04231431909836829 14135
1648794427039 0.06301648195832968 14185
1648794434126 0.04308560892008245 14235
1648794440871 0.05488418443128466 14285
1648794447640 0.05860859916545451 14335
1648794454379 0.05254806471988559 14385
1648794461179 0.05020425733644515 14435
1648794467995 0.05855051093036309 14485
1648794474785 0.049448621803894637 14535
1648794481728 0.06292126910295337 14585
1648794488522 0.07098770795855672 14635
1648794495229 0.058094834042713046 14685
1648794502024 0.06404001619666815 14735
1648794508926 0.04597870099358261 14785
1648794515663 0.049374778892379255 14835
1648794522410 0.03818079658318311 14885
1648794529151 0.05601373150013387 14935
1648794535914 0.0748475237004459 14985
1648794543063 0.06994123863987625 15035
1648794549836 0.055552776642143725 15085
1648794556936 0.05075162352062762 15135
1648794563724 0.05979788577184081 15185
1648794570464 0.07644079426303506 15235
1648794577336 0.06954365190118551 15285
1648794584072 0.06236239169724286 15335
1648794590710 0.048744276990182696 15385
1648794597471 0.05603570087812841 15435
1648794604368 0.06603465963620693 15485
1648794611272 0.046393015421926975 15535
1648794618424 0.06056156661361456 15585
1648794625773 0.05313237240538001 15635
1648794675315 0.05227821190841496 15690
1648794682451 0.04047891976311803 15740
1648794689255 0.043663313672877846 15790
1648794696053 0.043699362981133166 15840
1648794702716 0.036399757131002845 15890
1648794709399 0.028471818119287493 15940
1648794716433 0.043185317169409244 15990
1648794723141 0.03635443310718983 16040
1648794730146 0.04382304291124456 16090
1648794736864 0.03598852700553835 16140
1648794743579 0.03642598460894078 16190
1648794750427 0.03127577154431492 16240
1648794757166 0.03638758036773652 16290
1648794764103 0.031509303222410384 16340
1648794770980 0.03915794878732413 16390
1648794777735 0.03510408420115709 16440
1648794784440 0.03361732981982641 16490
1648794791218 0.03777143626939505 16540
1648794798152 0.025080030669923873 16590
1648794804932 0.040584986601024865 16640
1648794812103 0.032034307760186495 16690
1648794819561 0.039600494076730684 16740
1648794826813 0.031192799308337273 16790
1648794834223 0.03864515166729689 16840
1648794841173 0.029977818015031518 16890
1648794848206 0.040424437746405605 16940
1648794854957 0.031046429914422333 16990
1648794861648 0.032613048893399534 17040
1648794868538 0.0275479755201377 17090
1648794875256 0.04808343153912574 17140
1648794881989 0.03950037078000605 17190
1648794888693 0.04194067236036062 17240
1648794895612 0.034515043862629685 17290
1648794902326 0.04279581712791696 17340
1648794908982 0.030454818396829068 17390
1648794915690 0.04311063682078384 17440
1648794922423 0.03657623735722154 17490
1648794929153 0.03143302232725546 17540
1648794935889 0.03330069525167346 17590
1648794984451 0.036748920183163135 17645
1648794991257 0.0367117110779509 17695
1648794998015 0.021740002111764623 17745
1648795004854 0.030796646047383545 17795
1648795011872 0.02424589735455811 17845
1648795018633 0.03366900975990575 17895
1648795025452 0.03221568859415129 17945
1648795032267 0.02687015036586672 17995
1648795039346 0.03538187286234461 18045
1648795046044 0.024160306011326613 18095
1648795053037 0.029524559685960412 18145
1648795059773 0.03082335878396407 18195
1648795066564 0.02481754335341975 18245
1648795073486 0.028317050971090794 18295
1648795080655 0.023376071200473234 18345
1648795087358 0.030569082447327672 18395
1648795094128 0.032997260112315414 18445
1648795100911 0.029604672552086413 18495
1648795107756 0.03352960639866069 18545
1648795114803 0.026621255695354194 18595
1648795121604 0.031775998403318226 18645
1648795128452 0.0366149202757515 18695
1648795135196 0.029263195937965066 18745
1648795142313 0.03594429143471643 18795
1648795149005 0.04092691059107892 18845
1648795155690 0.03357801440637559 18895
1648795162430 0.030180013194913046 18945
1648795169156 0.02431374368723482 18995
1648795175997 0.02393055255524814 19045
1648795182988 0.031674383190693337 19095
1648795189754 0.027482845527119933 19145
1648795196701 0.037358478261157874 19195
1648795203466 0.02934720202581957 19245
1648795210292 0.028482368992408736 19295
1648795217198 0.03260904661379754 19345
1648795223890 0.03009914646623656 19395
1648795230925 0.025464883944950997 19445
1648795237859 0.03156486560590565 19495
1648795244630 0.02769155508838594 19545
1648795293859 0.028001987249590455 19600
1648795300919 0.027902886474039407 19650
1648795308034 0.025486170663498342 19700
1648795314827 0.025709738752339034 19750
1648795321661 0.03010023080278188 19800
1648795328594 0.02854516333085485 19850
1648795336174 0.03270751929609105 19900
1648795343130 0.02538028743583709 19950
1648795349820 0.0351659526838921 20000
1648795356634 0.024001559867174366 20050
1648795364624 0.03306370440695901 20100
1648795371297 0.023019779006717728 20150
1648795378539 0.026804971802048386 20200
1648795385742 0.020723770391196012 20250
1648795392458 0.02714087858912535 20300
1648795399412 0.029349529744358734 20350
1648795406459 0.02676775399944745 20400
1648795413335 0.02884150612866506 20450
1648795420220 0.02966467103920877 20500
1648795427146 0.02002010458614677 20550
1648795433899 0.03427131041418761 20600
1648795440928 0.029486786541529 20650
1648795447748 0.025413374469499105 20700
1648795454538 0.022152903432724996 20750
1648795461709 0.026187062416574917 20800
1648795468432 0.034483942578081045 20850
1648795476112 0.023788021448417566 20900
1648795483096 0.029487935364013538 20950
1648795489798 0.030051431364845484 21000
1648795496588 0.031546077902894466 21050
1648795503346 0.025209192286711188 21100
1648795510198 0.03396617539576255 21150
1648795516925 0.029553664489649235 21200
1648795523796 0.02046684845467098 21250
1648795530498 0.025280625279410742 21300
1648795538075 0.027006506719626486 21350
1648795544924 0.026015559716615826 21400
1648795551935 0.024479798108804973 21450
1648795559507 0.03805714707821608 21500
1648795609904 0.015157537232444156 21555
1648795616684 0.01894776087254286 21605
1648795623811 0.029678634996525944 21655
1648795630769 0.020253158109262585 21705
1648795637739 0.025718878545740155 21755
1648795644669 0.02986303766607307 21805
1648795652209 0.017487002797424794 21855
1648795659122 0.021711447547422724 21905
1648795665927 0.0281539305485785 21955
1648795672711 0.023675574897788466 22005
1648795679685 0.02845296113518998 22055
1648795686838 0.02024386803735979 22105
1648795693656 0.023400990022637416 22155
1648795700710 0.028301117864903063 22205
1648795707520 0.02156397611484863 22255
1648795714535 0.021124187576351688 22305
1648795722007 0.02601066132017877 22355
1648795728888 0.021858324464410543 22405
1648795735661 0.025891787841683254 22455
1648795742682 0.02668522945838049 22505
1648795749399 0.031012770529196133 22555
1648795756818 0.029232731122756376 22605
1648795763882 0.02555952420691028 22655
1648795770774 0.03153069638414308 22705
1648795778426 0.01927632363862358 22755
1648795785306 0.024423665886861273 22805
1648795792552 0.019612489653518424 22855
1648795799483 0.024521955847740175 22905
1648795806273 0.02556917062262073 22955
1648795813006 0.027272388936253264 23005
1648795819838 0.026731091215624475 23055
1648795826719 0.020451670453185217 23105
1648795833476 0.023438306621392256 23155
1648795840407 0.024457901497371495 23205
1648795847179 0.025713468400062993 23255
1648795854113 0.01997632020909805 23305
1648795861015 0.02684535709384363 23355
1648795868104 0.025947110380511732 23405
1648795874841 0.02736540645826608 23455
