1649140805229 4.995100000000008e-06 50
1649140829873 9.990100000000003e-06 100
1649140854348 1.4985100000000007e-05 150
1649140879081 1.9980100000000012e-05 200
1649140903674 2.4975099999999994e-05 250
1649140928771 2.997009999999999e-05 300
1649140953712 3.4965099999999995e-05 350
1649140978327 3.99601e-05 400
1649141003111 4.4955100000000006e-05 450
1649141028045 4.99501e-05 500
1649141052897 5.4945100000000004e-05 550
1649141077833 5.99401e-05 600
1649141102604 6.493510000000001e-05 650
1649141127707 6.99301e-05 700
1649141152856 7.49251e-05 750
1649141177592 7.992010000000001e-05 800
1649141202224 8.49151e-05 850
1649141226895 8.99101e-05 900
1649141251948 9.490510000000001e-05 950
1649141277260 9.990010000000001e-05 1000
1649141301908 0.0001 1050
1649141326723 0.0001 1100
1649141351831 0.0001 1150
1649141376408 0.0001 1200
1649141401713 0.0001 1250
1649141426602 0.0001 1300
1649141451731 0.0001 1350
1649141476466 0.0001 1400
1649141501481 0.0001 1450
1649141526812 0.0001 1500
1649141552369 0.0001 1550
1649141577402 0.0001 1600
1649141602237 0.0001 1650
1649141627234 0.0001 1700
1649141652366 0.0001 1750
1649141677426 0.0001 1800
1649141702475 0.0001 1850
1649141727677 0.0001 1900
1649141752695 0.0001 1950
1649141840162 0.0001 1954
1649141867464 0.0001 2003
1649141892309 0.0001 2053
1649141917249 0.0001 2103
1649141942378 0.0001 2153
1649141967878 0.0001 2203
1649141992874 0.0001 2253
1649142018698 0.0001 2303
1649142043796 0.0001 2353
1649142069212 0.0001 2403
1649142094363 0.0001 2453
1649142119768 0.0001 2503
1649142144883 0.0001 2553
1649142169826 0.0001 2603
1649142194774 0.0001 2653
1649142220361 0.0001 2703
1649142245689 0.0001 2753
1649142271035 0.0001 2803
1649142296157 0.0001 2853
1649142321406 0.0001 2903
1649142346447 0.0001 2953
1649142371735 0.0001 3003
1649142396744 0.0001 3053
1649142421950 0.0001 3103
1649142447428 0.0001 3153
1649142472333 0.0001 3203
1649142497351 0.0001 3253
1649142523183 0.0001 3303
1649142548481 0.0001 3353
1649142573289 0.0001 3403
1649142598892 0.0001 3453
1649142623765 0.0001 3503
1649142649337 0.0001 3553
1649142674193 0.0001 3603
1649142699357 0.0001 3653
1649142724245 0.0001 3703
1649142749265 0.0001 3753
1649142774307 0.0001 3803
1649142799922 0.0001 3853
1649142825908 0.0001 3903
1649142912762 0.0001 3907
1649142939778 0.0001 3956
