1649140805229 0.9 50
1649140829873 0.9 100
1649140854348 0.9 150
1649140879081 0.9 200
1649140903674 0.9 250
1649140928771 0.9 300
1649140953712 0.9 350
1649140978327 0.9 400
1649141003111 0.9 450
1649141028045 0.9 500
1649141052897 0.9 550
1649141077833 0.9 600
1649141102604 0.9 650
1649141127707 0.9 700
1649141152856 0.9 750
1649141177592 0.9 800
1649141202224 0.9 850
1649141226895 0.9 900
1649141251948 0.9 950
1649141277260 0.9 1000
1649141301908 0.9 1050
1649141326723 0.9 1100
1649141351831 0.9 1150
1649141376408 0.9 1200
1649141401713 0.9 1250
1649141426602 0.9 1300
1649141451731 0.9 1350
1649141476466 0.9 1400
1649141501481 0.9 1450
1649141526812 0.9 1500
1649141552369 0.9 1550
1649141577402 0.9 1600
1649141602237 0.9 1650
1649141627234 0.9 1700
1649141652366 0.9 1750
1649141677426 0.9 1800
1649141702475 0.9 1850
1649141727677 0.9 1900
1649141752695 0.9 1950
1649141840162 0.9 1954
1649141867464 0.9 2003
1649141892309 0.9 2053
1649141917249 0.9 2103
1649141942378 0.9 2153
1649141967878 0.9 2203
1649141992874 0.9 2253
1649142018698 0.9 2303
1649142043796 0.9 2353
1649142069212 0.9 2403
1649142094363 0.9 2453
1649142119768 0.9 2503
1649142144883 0.9 2553
1649142169826 0.9 2603
1649142194774 0.9 2653
1649142220361 0.9 2703
1649142245689 0.9 2753
1649142271035 0.9 2803
1649142296157 0.9 2853
1649142321406 0.9 2903
1649142346447 0.9 2953
1649142371735 0.9 3003
1649142396744 0.9 3053
1649142421950 0.9 3103
1649142447428 0.9 3153
1649142472333 0.9 3203
1649142497351 0.9 3253
1649142523183 0.9 3303
1649142548481 0.9 3353
1649142573289 0.9 3403
1649142598892 0.9 3453
1649142623765 0.9 3503
1649142649337 0.9 3553
1649142674193 0.9 3603
1649142699357 0.9 3653
1649142724245 0.9 3703
1649142749265 0.9 3753
1649142774307 0.9 3803
1649142799922 0.9 3853
1649142825908 0.9 3903
1649142912762 0.9 3907
1649142939778 0.9 3956
